league_id,tournament_id,tournament_name,tournament_slug,tournament_start_date,tournament_end_date,platform_game_id,game_id,game_number,stage_name,stage_slug,section_name,game_date,game_duration,game_patch,team_first_turret_destroyed,lane_first_turret_destroyed,team_first_blood,team_100_blue_id,team_200_red_id,team_100_blue_name,team_200_red_name,game_winner,1_100_top_summonerName,1_100_top_championName,2_100_jng_summonerName,2_100_jng_championName,3_100_mid_summonerName,3_100_mid_championName,4_100_adc_summonerName,4_100_adc_championName,5_100_sup_summonerName,5_100_sup_championName,6_200_top_summonerName,6_200_top_championName,7_200_jng_summonerName,7_200_jng_championName,8_200_mid_summonerName,8_200_mid_championName,9_200_adc_summonerName,9_200_adc_championName,10_200_sup_summonerName,10_200_sup_championName,team_first_dragon_kill,first_dragon_type,team_first_baron_kill,team_first_herald_kill,num_heralds_secured_blue,num_heralds_secured_red,is_dragon_soul_collected,team_first_dragon_soul,dragon_soul_collected,is_elder_dragon_collected,team_first_elder_dragon,1_100_top_level_300,1_100_top_totalGold_300,1_100_top_MINIONS_KILLED_300,100_total_MINIONS_KILLED_300,1_100_top_NEUTRAL_MINIONS_KILLED_300,100_total_NEUTRAL_MINIONS_KILLED_300,1_100_top_NEUTRAL_MINIONS_KILLED_ENEMY_JUNGLE_300,100_total_NEUTRAL_MINIONS_KILLED_ENEMY_JUNGLE_300,1_100_top_CHAMPIONS_KILLED_300,100_total_CHAMPIONS_KILLED_300,1_100_top_NUM_DEATHS_300,100_total_NUM_DEATHS_300,1_100_top_ASSISTS_300,100_total_ASSISTS_300,1_100_top_WARD_PLACED_300,100_total_WARD_PLACED_300,1_100_top_WARD_KILLED_300,100_total_WARD_KILLED_300,1_100_top_VISION_SCORE_300,100_total_VISION_SCORE_300,1_100_top_TOTAL_DAMAGE_DEALT_TO_CHAMPIONS_300,100_total_TOTAL_DAMAGE_DEALT_TO_CHAMPIONS_300,1_100_top_TOTAL_DAMAGE_DEALT_TO_BUILDINGS_300,100_total_TOTAL_DAMAGE_DEALT_TO_BUILDINGS_300,1_100_top_TOTAL_TIME_CROWD_CONTROL_DEALT_TO_CHAMPIONS_300,100_total_TOTAL_TIME_CROWD_CONTROL_DEALT_TO_CHAMPIONS_300,1_100_top_TIME_CCING_OTHERS_300,100_total_TIME_CCING_OTHERS_300,2_100_jng_level_300,2_100_jng_totalGold_300,2_100_jng_MINIONS_KILLED_300,2_100_jng_NEUTRAL_MINIONS_KILLED_300,2_100_jng_NEUTRAL_MINIONS_KILLED_ENEMY_JUNGLE_300,2_100_jng_CHAMPIONS_KILLED_300,2_100_jng_NUM_DEATHS_300,2_100_jng_ASSISTS_300,2_100_jng_WARD_PLACED_300,2_100_jng_WARD_KILLED_300,2_100_jng_VISION_SCORE_300,2_100_jng_TOTAL_DAMAGE_DEALT_TO_CHAMPIONS_300,2_100_jng_TOTAL_DAMAGE_DEALT_TO_BUILDINGS_300,2_100_jng_TOTAL_TIME_CROWD_CONTROL_DEALT_TO_CHAMPIONS_300,2_100_jng_TIME_CCING_OTHERS_300,3_100_mid_level_300,3_100_mid_totalGold_300,3_100_mid_MINIONS_KILLED_300,3_100_mid_NEUTRAL_MINIONS_KILLED_300,3_100_mid_NEUTRAL_MINIONS_KILLED_ENEMY_JUNGLE_300,3_100_mid_CHAMPIONS_KILLED_300,3_100_mid_NUM_DEATHS_300,3_100_mid_ASSISTS_300,3_100_mid_WARD_PLACED_300,3_100_mid_WARD_KILLED_300,3_100_mid_VISION_SCORE_300,3_100_mid_TOTAL_DAMAGE_DEALT_TO_CHAMPIONS_300,3_100_mid_TOTAL_DAMAGE_DEALT_TO_BUILDINGS_300,3_100_mid_TOTAL_TIME_CROWD_CONTROL_DEALT_TO_CHAMPIONS_300,3_100_mid_TIME_CCING_OTHERS_300,4_100_adc_level_300,4_100_adc_totalGold_300,4_100_adc_MINIONS_KILLED_300,4_100_adc_NEUTRAL_MINIONS_KILLED_300,4_100_adc_NEUTRAL_MINIONS_KILLED_ENEMY_JUNGLE_300,4_100_adc_CHAMPIONS_KILLED_300,4_100_adc_NUM_DEATHS_300,4_100_adc_ASSISTS_300,4_100_adc_WARD_PLACED_300,4_100_adc_WARD_KILLED_300,4_100_adc_VISION_SCORE_300,4_100_adc_TOTAL_DAMAGE_DEALT_TO_CHAMPIONS_300,4_100_adc_TOTAL_DAMAGE_DEALT_TO_BUILDINGS_300,4_100_adc_TOTAL_TIME_CROWD_CONTROL_DEALT_TO_CHAMPIONS_300,4_100_adc_TIME_CCING_OTHERS_300,5_100_sup_level_300,5_100_sup_totalGold_300,5_100_sup_MINIONS_KILLED_300,5_100_sup_NEUTRAL_MINIONS_KILLED_300,5_100_sup_NEUTRAL_MINIONS_KILLED_ENEMY_JUNGLE_300,5_100_sup_CHAMPIONS_KILLED_300,5_100_sup_NUM_DEATHS_300,5_100_sup_ASSISTS_300,5_100_sup_WARD_PLACED_300,5_100_sup_WARD_KILLED_300,5_100_sup_VISION_SCORE_300,5_100_sup_TOTAL_DAMAGE_DEALT_TO_CHAMPIONS_300,5_100_sup_TOTAL_DAMAGE_DEALT_TO_BUILDINGS_300,5_100_sup_TOTAL_TIME_CROWD_CONTROL_DEALT_TO_CHAMPIONS_300,5_100_sup_TIME_CCING_OTHERS_300,6_200_top_level_300,6_200_top_totalGold_300,6_200_top_MINIONS_KILLED_300,200_total_MINIONS_KILLED_300,6_200_top_NEUTRAL_MINIONS_KILLED_300,200_total_NEUTRAL_MINIONS_KILLED_300,6_200_top_NEUTRAL_MINIONS_KILLED_ENEMY_JUNGLE_300,200_total_NEUTRAL_MINIONS_KILLED_ENEMY_JUNGLE_300,6_200_top_CHAMPIONS_KILLED_300,200_total_CHAMPIONS_KILLED_300,6_200_top_NUM_DEATHS_300,200_total_NUM_DEATHS_300,6_200_top_ASSISTS_300,200_total_ASSISTS_300,6_200_top_WARD_PLACED_300,200_total_WARD_PLACED_300,6_200_top_WARD_KILLED_300,200_total_WARD_KILLED_300,6_200_top_VISION_SCORE_300,200_total_VISION_SCORE_300,6_200_top_TOTAL_DAMAGE_DEALT_TO_CHAMPIONS_300,200_total_TOTAL_DAMAGE_DEALT_TO_CHAMPIONS_300,6_200_top_TOTAL_DAMAGE_DEALT_TO_BUILDINGS_300,200_total_TOTAL_DAMAGE_DEALT_TO_BUILDINGS_300,6_200_top_TOTAL_TIME_CROWD_CONTROL_DEALT_TO_CHAMPIONS_300,200_total_TOTAL_TIME_CROWD_CONTROL_DEALT_TO_CHAMPIONS_300,6_200_top_TIME_CCING_OTHERS_300,200_total_TIME_CCING_OTHERS_300,7_200_jng_level_300,7_200_jng_totalGold_300,7_200_jng_MINIONS_KILLED_300,7_200_jng_NEUTRAL_MINIONS_KILLED_300,7_200_jng_NEUTRAL_MINIONS_KILLED_ENEMY_JUNGLE_300,7_200_jng_CHAMPIONS_KILLED_300,7_200_jng_NUM_DEATHS_300,7_200_jng_ASSISTS_300,7_200_jng_WARD_PLACED_300,7_200_jng_WARD_KILLED_300,7_200_jng_VISION_SCORE_300,7_200_jng_TOTAL_DAMAGE_DEALT_TO_CHAMPIONS_300,7_200_jng_TOTAL_DAMAGE_DEALT_TO_BUILDINGS_300,7_200_jng_TOTAL_TIME_CROWD_CONTROL_DEALT_TO_CHAMPIONS_300,7_200_jng_TIME_CCING_OTHERS_300,8_200_mid_level_300,8_200_mid_totalGold_300,8_200_mid_MINIONS_KILLED_300,8_200_mid_NEUTRAL_MINIONS_KILLED_300,8_200_mid_NEUTRAL_MINIONS_KILLED_ENEMY_JUNGLE_300,8_200_mid_CHAMPIONS_KILLED_300,8_200_mid_NUM_DEATHS_300,8_200_mid_ASSISTS_300,8_200_mid_WARD_PLACED_300,8_200_mid_WARD_KILLED_300,8_200_mid_VISION_SCORE_300,8_200_mid_TOTAL_DAMAGE_DEALT_TO_CHAMPIONS_300,8_200_mid_TOTAL_DAMAGE_DEALT_TO_BUILDINGS_300,8_200_mid_TOTAL_TIME_CROWD_CONTROL_DEALT_TO_CHAMPIONS_300,8_200_mid_TIME_CCING_OTHERS_300,9_200_adc_level_300,9_200_adc_totalGold_300,9_200_adc_MINIONS_KILLED_300,9_200_adc_NEUTRAL_MINIONS_KILLED_300,9_200_adc_NEUTRAL_MINIONS_KILLED_ENEMY_JUNGLE_300,9_200_adc_CHAMPIONS_KILLED_300,9_200_adc_NUM_DEATHS_300,9_200_adc_ASSISTS_300,9_200_adc_WARD_PLACED_300,9_200_adc_WARD_KILLED_300,9_200_adc_VISION_SCORE_300,9_200_adc_TOTAL_DAMAGE_DEALT_TO_CHAMPIONS_300,9_200_adc_TOTAL_DAMAGE_DEALT_TO_BUILDINGS_300,9_200_adc_TOTAL_TIME_CROWD_CONTROL_DEALT_TO_CHAMPIONS_300,9_200_adc_TIME_CCING_OTHERS_300,10_200_sup_level_300,10_200_sup_totalGold_300,10_200_sup_MINIONS_KILLED_300,10_200_sup_NEUTRAL_MINIONS_KILLED_300,10_200_sup_NEUTRAL_MINIONS_KILLED_ENEMY_JUNGLE_300,10_200_sup_CHAMPIONS_KILLED_300,10_200_sup_NUM_DEATHS_300,10_200_sup_ASSISTS_300,10_200_sup_WARD_PLACED_300,10_200_sup_WARD_KILLED_300,10_200_sup_VISION_SCORE_300,10_200_sup_TOTAL_DAMAGE_DEALT_TO_CHAMPIONS_300,10_200_sup_TOTAL_DAMAGE_DEALT_TO_BUILDINGS_300,10_200_sup_TOTAL_TIME_CROWD_CONTROL_DEALT_TO_CHAMPIONS_300,10_200_sup_TIME_CCING_OTHERS_300,100_blue_championsKills_300,100_blue_deaths_300,100_blue_assists_300,100_blue_totalGold_300,100_blue_inhibKills_300,100_blue_dragonKills_300,100_blue_baronKills_300,100_blue_towerKills_300,200_red_championsKills_300,200_red_deaths_300,200_red_assists_300,200_red_totalGold_300,200_red_inhibKills_300,200_red_dragonKills_300,200_red_baronKills_300,200_red_towerKills_300,1_100_top_level_600,1_100_top_totalGold_600,1_100_top_MINIONS_KILLED_600,100_total_MINIONS_KILLED_600,1_100_top_NEUTRAL_MINIONS_KILLED_600,100_total_NEUTRAL_MINIONS_KILLED_600,1_100_top_NEUTRAL_MINIONS_KILLED_ENEMY_JUNGLE_600,100_total_NEUTRAL_MINIONS_KILLED_ENEMY_JUNGLE_600,1_100_top_CHAMPIONS_KILLED_600,100_total_CHAMPIONS_KILLED_600,1_100_top_NUM_DEATHS_600,100_total_NUM_DEATHS_600,1_100_top_ASSISTS_600,100_total_ASSISTS_600,1_100_top_WARD_PLACED_600,100_total_WARD_PLACED_600,1_100_top_WARD_KILLED_600,100_total_WARD_KILLED_600,1_100_top_VISION_SCORE_600,100_total_VISION_SCORE_600,1_100_top_TOTAL_DAMAGE_DEALT_TO_CHAMPIONS_600,100_total_TOTAL_DAMAGE_DEALT_TO_CHAMPIONS_600,1_100_top_TOTAL_DAMAGE_DEALT_TO_BUILDINGS_600,100_total_TOTAL_DAMAGE_DEALT_TO_BUILDINGS_600,1_100_top_TOTAL_TIME_CROWD_CONTROL_DEALT_TO_CHAMPIONS_600,100_total_TOTAL_TIME_CROWD_CONTROL_DEALT_TO_CHAMPIONS_600,1_100_top_TIME_CCING_OTHERS_600,100_total_TIME_CCING_OTHERS_600,2_100_jng_level_600,2_100_jng_totalGold_600,2_100_jng_MINIONS_KILLED_600,2_100_jng_NEUTRAL_MINIONS_KILLED_600,2_100_jng_NEUTRAL_MINIONS_KILLED_ENEMY_JUNGLE_600,2_100_jng_CHAMPIONS_KILLED_600,2_100_jng_NUM_DEATHS_600,2_100_jng_ASSISTS_600,2_100_jng_WARD_PLACED_600,2_100_jng_WARD_KILLED_600,2_100_jng_VISION_SCORE_600,2_100_jng_TOTAL_DAMAGE_DEALT_TO_CHAMPIONS_600,2_100_jng_TOTAL_DAMAGE_DEALT_TO_BUILDINGS_600,2_100_jng_TOTAL_TIME_CROWD_CONTROL_DEALT_TO_CHAMPIONS_600,2_100_jng_TIME_CCING_OTHERS_600,3_100_mid_level_600,3_100_mid_totalGold_600,3_100_mid_MINIONS_KILLED_600,3_100_mid_NEUTRAL_MINIONS_KILLED_600,3_100_mid_NEUTRAL_MINIONS_KILLED_ENEMY_JUNGLE_600,3_100_mid_CHAMPIONS_KILLED_600,3_100_mid_NUM_DEATHS_600,3_100_mid_ASSISTS_600,3_100_mid_WARD_PLACED_600,3_100_mid_WARD_KILLED_600,3_100_mid_VISION_SCORE_600,3_100_mid_TOTAL_DAMAGE_DEALT_TO_CHAMPIONS_600,3_100_mid_TOTAL_DAMAGE_DEALT_TO_BUILDINGS_600,3_100_mid_TOTAL_TIME_CROWD_CONTROL_DEALT_TO_CHAMPIONS_600,3_100_mid_TIME_CCING_OTHERS_600,4_100_adc_level_600,4_100_adc_totalGold_600,4_100_adc_MINIONS_KILLED_600,4_100_adc_NEUTRAL_MINIONS_KILLED_600,4_100_adc_NEUTRAL_MINIONS_KILLED_ENEMY_JUNGLE_600,4_100_adc_CHAMPIONS_KILLED_600,4_100_adc_NUM_DEATHS_600,4_100_adc_ASSISTS_600,4_100_adc_WARD_PLACED_600,4_100_adc_WARD_KILLED_600,4_100_adc_VISION_SCORE_600,4_100_adc_TOTAL_DAMAGE_DEALT_TO_CHAMPIONS_600,4_100_adc_TOTAL_DAMAGE_DEALT_TO_BUILDINGS_600,4_100_adc_TOTAL_TIME_CROWD_CONTROL_DEALT_TO_CHAMPIONS_600,4_100_adc_TIME_CCING_OTHERS_600,5_100_sup_level_600,5_100_sup_totalGold_600,5_100_sup_MINIONS_KILLED_600,5_100_sup_NEUTRAL_MINIONS_KILLED_600,5_100_sup_NEUTRAL_MINIONS_KILLED_ENEMY_JUNGLE_600,5_100_sup_CHAMPIONS_KILLED_600,5_100_sup_NUM_DEATHS_600,5_100_sup_ASSISTS_600,5_100_sup_WARD_PLACED_600,5_100_sup_WARD_KILLED_600,5_100_sup_VISION_SCORE_600,5_100_sup_TOTAL_DAMAGE_DEALT_TO_CHAMPIONS_600,5_100_sup_TOTAL_DAMAGE_DEALT_TO_BUILDINGS_600,5_100_sup_TOTAL_TIME_CROWD_CONTROL_DEALT_TO_CHAMPIONS_600,5_100_sup_TIME_CCING_OTHERS_600,6_200_top_level_600,6_200_top_totalGold_600,6_200_top_MINIONS_KILLED_600,200_total_MINIONS_KILLED_600,6_200_top_NEUTRAL_MINIONS_KILLED_600,200_total_NEUTRAL_MINIONS_KILLED_600,6_200_top_NEUTRAL_MINIONS_KILLED_ENEMY_JUNGLE_600,200_total_NEUTRAL_MINIONS_KILLED_ENEMY_JUNGLE_600,6_200_top_CHAMPIONS_KILLED_600,200_total_CHAMPIONS_KILLED_600,6_200_top_NUM_DEATHS_600,200_total_NUM_DEATHS_600,6_200_top_ASSISTS_600,200_total_ASSISTS_600,6_200_top_WARD_PLACED_600,200_total_WARD_PLACED_600,6_200_top_WARD_KILLED_600,200_total_WARD_KILLED_600,6_200_top_VISION_SCORE_600,200_total_VISION_SCORE_600,6_200_top_TOTAL_DAMAGE_DEALT_TO_CHAMPIONS_600,200_total_TOTAL_DAMAGE_DEALT_TO_CHAMPIONS_600,6_200_top_TOTAL_DAMAGE_DEALT_TO_BUILDINGS_600,200_total_TOTAL_DAMAGE_DEALT_TO_BUILDINGS_600,6_200_top_TOTAL_TIME_CROWD_CONTROL_DEALT_TO_CHAMPIONS_600,200_total_TOTAL_TIME_CROWD_CONTROL_DEALT_TO_CHAMPIONS_600,6_200_top_TIME_CCING_OTHERS_600,200_total_TIME_CCING_OTHERS_600,7_200_jng_level_600,7_200_jng_totalGold_600,7_200_jng_MINIONS_KILLED_600,7_200_jng_NEUTRAL_MINIONS_KILLED_600,7_200_jng_NEUTRAL_MINIONS_KILLED_ENEMY_JUNGLE_600,7_200_jng_CHAMPIONS_KILLED_600,7_200_jng_NUM_DEATHS_600,7_200_jng_ASSISTS_600,7_200_jng_WARD_PLACED_600,7_200_jng_WARD_KILLED_600,7_200_jng_VISION_SCORE_600,7_200_jng_TOTAL_DAMAGE_DEALT_TO_CHAMPIONS_600,7_200_jng_TOTAL_DAMAGE_DEALT_TO_BUILDINGS_600,7_200_jng_TOTAL_TIME_CROWD_CONTROL_DEALT_TO_CHAMPIONS_600,7_200_jng_TIME_CCING_OTHERS_600,8_200_mid_level_600,8_200_mid_totalGold_600,8_200_mid_MINIONS_KILLED_600,8_200_mid_NEUTRAL_MINIONS_KILLED_600,8_200_mid_NEUTRAL_MINIONS_KILLED_ENEMY_JUNGLE_600,8_200_mid_CHAMPIONS_KILLED_600,8_200_mid_NUM_DEATHS_600,8_200_mid_ASSISTS_600,8_200_mid_WARD_PLACED_600,8_200_mid_WARD_KILLED_600,8_200_mid_VISION_SCORE_600,8_200_mid_TOTAL_DAMAGE_DEALT_TO_CHAMPIONS_600,8_200_mid_TOTAL_DAMAGE_DEALT_TO_BUILDINGS_600,8_200_mid_TOTAL_TIME_CROWD_CONTROL_DEALT_TO_CHAMPIONS_600,8_200_mid_TIME_CCING_OTHERS_600,9_200_adc_level_600,9_200_adc_totalGold_600,9_200_adc_MINIONS_KILLED_600,9_200_adc_NEUTRAL_MINIONS_KILLED_600,9_200_adc_NEUTRAL_MINIONS_KILLED_ENEMY_JUNGLE_600,9_200_adc_CHAMPIONS_KILLED_600,9_200_adc_NUM_DEATHS_600,9_200_adc_ASSISTS_600,9_200_adc_WARD_PLACED_600,9_200_adc_WARD_KILLED_600,9_200_adc_VISION_SCORE_600,9_200_adc_TOTAL_DAMAGE_DEALT_TO_CHAMPIONS_600,9_200_adc_TOTAL_DAMAGE_DEALT_TO_BUILDINGS_600,9_200_adc_TOTAL_TIME_CROWD_CONTROL_DEALT_TO_CHAMPIONS_600,9_200_adc_TIME_CCING_OTHERS_600,10_200_sup_level_600,10_200_sup_totalGold_600,10_200_sup_MINIONS_KILLED_600,10_200_sup_NEUTRAL_MINIONS_KILLED_600,10_200_sup_NEUTRAL_MINIONS_KILLED_ENEMY_JUNGLE_600,10_200_sup_CHAMPIONS_KILLED_600,10_200_sup_NUM_DEATHS_600,10_200_sup_ASSISTS_600,10_200_sup_WARD_PLACED_600,10_200_sup_WARD_KILLED_600,10_200_sup_VISION_SCORE_600,10_200_sup_TOTAL_DAMAGE_DEALT_TO_CHAMPIONS_600,10_200_sup_TOTAL_DAMAGE_DEALT_TO_BUILDINGS_600,10_200_sup_TOTAL_TIME_CROWD_CONTROL_DEALT_TO_CHAMPIONS_600,10_200_sup_TIME_CCING_OTHERS_600,100_blue_championsKills_600,100_blue_deaths_600,100_blue_assists_600,100_blue_totalGold_600,100_blue_inhibKills_600,100_blue_dragonKills_600,100_blue_baronKills_600,100_blue_towerKills_600,200_red_championsKills_600,200_red_deaths_600,200_red_assists_600,200_red_totalGold_600,200_red_inhibKills_600,200_red_dragonKills_600,200_red_baronKills_600,200_red_towerKills_600,1_100_top_level_900,1_100_top_totalGold_900,1_100_top_MINIONS_KILLED_900,100_total_MINIONS_KILLED_900,1_100_top_NEUTRAL_MINIONS_KILLED_900,100_total_NEUTRAL_MINIONS_KILLED_900,1_100_top_NEUTRAL_MINIONS_KILLED_ENEMY_JUNGLE_900,100_total_NEUTRAL_MINIONS_KILLED_ENEMY_JUNGLE_900,1_100_top_CHAMPIONS_KILLED_900,100_total_CHAMPIONS_KILLED_900,1_100_top_NUM_DEATHS_900,100_total_NUM_DEATHS_900,1_100_top_ASSISTS_900,100_total_ASSISTS_900,1_100_top_WARD_PLACED_900,100_total_WARD_PLACED_900,1_100_top_WARD_KILLED_900,100_total_WARD_KILLED_900,1_100_top_VISION_SCORE_900,100_total_VISION_SCORE_900,1_100_top_TOTAL_DAMAGE_DEALT_TO_CHAMPIONS_900,100_total_TOTAL_DAMAGE_DEALT_TO_CHAMPIONS_900,1_100_top_TOTAL_DAMAGE_DEALT_TO_BUILDINGS_900,100_total_TOTAL_DAMAGE_DEALT_TO_BUILDINGS_900,1_100_top_TOTAL_TIME_CROWD_CONTROL_DEALT_TO_CHAMPIONS_900,100_total_TOTAL_TIME_CROWD_CONTROL_DEALT_TO_CHAMPIONS_900,1_100_top_TIME_CCING_OTHERS_900,100_total_TIME_CCING_OTHERS_900,2_100_jng_level_900,2_100_jng_totalGold_900,2_100_jng_MINIONS_KILLED_900,2_100_jng_NEUTRAL_MINIONS_KILLED_900,2_100_jng_NEUTRAL_MINIONS_KILLED_ENEMY_JUNGLE_900,2_100_jng_CHAMPIONS_KILLED_900,2_100_jng_NUM_DEATHS_900,2_100_jng_ASSISTS_900,2_100_jng_WARD_PLACED_900,2_100_jng_WARD_KILLED_900,2_100_jng_VISION_SCORE_900,2_100_jng_TOTAL_DAMAGE_DEALT_TO_CHAMPIONS_900,2_100_jng_TOTAL_DAMAGE_DEALT_TO_BUILDINGS_900,2_100_jng_TOTAL_TIME_CROWD_CONTROL_DEALT_TO_CHAMPIONS_900,2_100_jng_TIME_CCING_OTHERS_900,3_100_mid_level_900,3_100_mid_totalGold_900,3_100_mid_MINIONS_KILLED_900,3_100_mid_NEUTRAL_MINIONS_KILLED_900,3_100_mid_NEUTRAL_MINIONS_KILLED_ENEMY_JUNGLE_900,3_100_mid_CHAMPIONS_KILLED_900,3_100_mid_NUM_DEATHS_900,3_100_mid_ASSISTS_900,3_100_mid_WARD_PLACED_900,3_100_mid_WARD_KILLED_900,3_100_mid_VISION_SCORE_900,3_100_mid_TOTAL_DAMAGE_DEALT_TO_CHAMPIONS_900,3_100_mid_TOTAL_DAMAGE_DEALT_TO_BUILDINGS_900,3_100_mid_TOTAL_TIME_CROWD_CONTROL_DEALT_TO_CHAMPIONS_900,3_100_mid_TIME_CCING_OTHERS_900,4_100_adc_level_900,4_100_adc_totalGold_900,4_100_adc_MINIONS_KILLED_900,4_100_adc_NEUTRAL_MINIONS_KILLED_900,4_100_adc_NEUTRAL_MINIONS_KILLED_ENEMY_JUNGLE_900,4_100_adc_CHAMPIONS_KILLED_900,4_100_adc_NUM_DEATHS_900,4_100_adc_ASSISTS_900,4_100_adc_WARD_PLACED_900,4_100_adc_WARD_KILLED_900,4_100_adc_VISION_SCORE_900,4_100_adc_TOTAL_DAMAGE_DEALT_TO_CHAMPIONS_900,4_100_adc_TOTAL_DAMAGE_DEALT_TO_BUILDINGS_900,4_100_adc_TOTAL_TIME_CROWD_CONTROL_DEALT_TO_CHAMPIONS_900,4_100_adc_TIME_CCING_OTHERS_900,5_100_sup_level_900,5_100_sup_totalGold_900,5_100_sup_MINIONS_KILLED_900,5_100_sup_NEUTRAL_MINIONS_KILLED_900,5_100_sup_NEUTRAL_MINIONS_KILLED_ENEMY_JUNGLE_900,5_100_sup_CHAMPIONS_KILLED_900,5_100_sup_NUM_DEATHS_900,5_100_sup_ASSISTS_900,5_100_sup_WARD_PLACED_900,5_100_sup_WARD_KILLED_900,5_100_sup_VISION_SCORE_900,5_100_sup_TOTAL_DAMAGE_DEALT_TO_CHAMPIONS_900,5_100_sup_TOTAL_DAMAGE_DEALT_TO_BUILDINGS_900,5_100_sup_TOTAL_TIME_CROWD_CONTROL_DEALT_TO_CHAMPIONS_900,5_100_sup_TIME_CCING_OTHERS_900,6_200_top_level_900,6_200_top_totalGold_900,6_200_top_MINIONS_KILLED_900,200_total_MINIONS_KILLED_900,6_200_top_NEUTRAL_MINIONS_KILLED_900,200_total_NEUTRAL_MINIONS_KILLED_900,6_200_top_NEUTRAL_MINIONS_KILLED_ENEMY_JUNGLE_900,200_total_NEUTRAL_MINIONS_KILLED_ENEMY_JUNGLE_900,6_200_top_CHAMPIONS_KILLED_900,200_total_CHAMPIONS_KILLED_900,6_200_top_NUM_DEATHS_900,200_total_NUM_DEATHS_900,6_200_top_ASSISTS_900,200_total_ASSISTS_900,6_200_top_WARD_PLACED_900,200_total_WARD_PLACED_900,6_200_top_WARD_KILLED_900,200_total_WARD_KILLED_900,6_200_top_VISION_SCORE_900,200_total_VISION_SCORE_900,6_200_top_TOTAL_DAMAGE_DEALT_TO_CHAMPIONS_900,200_total_TOTAL_DAMAGE_DEALT_TO_CHAMPIONS_900,6_200_top_TOTAL_DAMAGE_DEALT_TO_BUILDINGS_900,200_total_TOTAL_DAMAGE_DEALT_TO_BUILDINGS_900,6_200_top_TOTAL_TIME_CROWD_CONTROL_DEALT_TO_CHAMPIONS_900,200_total_TOTAL_TIME_CROWD_CONTROL_DEALT_TO_CHAMPIONS_900,6_200_top_TIME_CCING_OTHERS_900,200_total_TIME_CCING_OTHERS_900,7_200_jng_level_900,7_200_jng_totalGold_900,7_200_jng_MINIONS_KILLED_900,7_200_jng_NEUTRAL_MINIONS_KILLED_900,7_200_jng_NEUTRAL_MINIONS_KILLED_ENEMY_JUNGLE_900,7_200_jng_CHAMPIONS_KILLED_900,7_200_jng_NUM_DEATHS_900,7_200_jng_ASSISTS_900,7_200_jng_WARD_PLACED_900,7_200_jng_WARD_KILLED_900,7_200_jng_VISION_SCORE_900,7_200_jng_TOTAL_DAMAGE_DEALT_TO_CHAMPIONS_900,7_200_jng_TOTAL_DAMAGE_DEALT_TO_BUILDINGS_900,7_200_jng_TOTAL_TIME_CROWD_CONTROL_DEALT_TO_CHAMPIONS_900,7_200_jng_TIME_CCING_OTHERS_900,8_200_mid_level_900,8_200_mid_totalGold_900,8_200_mid_MINIONS_KILLED_900,8_200_mid_NEUTRAL_MINIONS_KILLED_900,8_200_mid_NEUTRAL_MINIONS_KILLED_ENEMY_JUNGLE_900,8_200_mid_CHAMPIONS_KILLED_900,8_200_mid_NUM_DEATHS_900,8_200_mid_ASSISTS_900,8_200_mid_WARD_PLACED_900,8_200_mid_WARD_KILLED_900,8_200_mid_VISION_SCORE_900,8_200_mid_TOTAL_DAMAGE_DEALT_TO_CHAMPIONS_900,8_200_mid_TOTAL_DAMAGE_DEALT_TO_BUILDINGS_900,8_200_mid_TOTAL_TIME_CROWD_CONTROL_DEALT_TO_CHAMPIONS_900,8_200_mid_TIME_CCING_OTHERS_900,9_200_adc_level_900,9_200_adc_totalGold_900,9_200_adc_MINIONS_KILLED_900,9_200_adc_NEUTRAL_MINIONS_KILLED_900,9_200_adc_NEUTRAL_MINIONS_KILLED_ENEMY_JUNGLE_900,9_200_adc_CHAMPIONS_KILLED_900,9_200_adc_NUM_DEATHS_900,9_200_adc_ASSISTS_900,9_200_adc_WARD_PLACED_900,9_200_adc_WARD_KILLED_900,9_200_adc_VISION_SCORE_900,9_200_adc_TOTAL_DAMAGE_DEALT_TO_CHAMPIONS_900,9_200_adc_TOTAL_DAMAGE_DEALT_TO_BUILDINGS_900,9_200_adc_TOTAL_TIME_CROWD_CONTROL_DEALT_TO_CHAMPIONS_900,9_200_adc_TIME_CCING_OTHERS_900,10_200_sup_level_900,10_200_sup_totalGold_900,10_200_sup_MINIONS_KILLED_900,10_200_sup_NEUTRAL_MINIONS_KILLED_900,10_200_sup_NEUTRAL_MINIONS_KILLED_ENEMY_JUNGLE_900,10_200_sup_CHAMPIONS_KILLED_900,10_200_sup_NUM_DEATHS_900,10_200_sup_ASSISTS_900,10_200_sup_WARD_PLACED_900,10_200_sup_WARD_KILLED_900,10_200_sup_VISION_SCORE_900,10_200_sup_TOTAL_DAMAGE_DEALT_TO_CHAMPIONS_900,10_200_sup_TOTAL_DAMAGE_DEALT_TO_BUILDINGS_900,10_200_sup_TOTAL_TIME_CROWD_CONTROL_DEALT_TO_CHAMPIONS_900,10_200_sup_TIME_CCING_OTHERS_900,100_blue_championsKills_900,100_blue_deaths_900,100_blue_assists_900,100_blue_totalGold_900,100_blue_inhibKills_900,100_blue_dragonKills_900,100_blue_baronKills_900,100_blue_towerKills_900,200_red_championsKills_900,200_red_deaths_900,200_red_assists_900,200_red_totalGold_900,200_red_inhibKills_900,200_red_dragonKills_900,200_red_baronKills_900,200_red_towerKills_900,1_100_top_level_game_end,1_100_top_totalGold_game_end,1_100_top_MINIONS_KILLED_game_end,100_total_MINIONS_KILLED_game_end,1_100_top_NEUTRAL_MINIONS_KILLED_game_end,100_total_NEUTRAL_MINIONS_KILLED_game_end,1_100_top_NEUTRAL_MINIONS_KILLED_ENEMY_JUNGLE_game_end,100_total_NEUTRAL_MINIONS_KILLED_ENEMY_JUNGLE_game_end,1_100_top_CHAMPIONS_KILLED_game_end,100_total_CHAMPIONS_KILLED_game_end,1_100_top_NUM_DEATHS_game_end,100_total_NUM_DEATHS_game_end,1_100_top_ASSISTS_game_end,100_total_ASSISTS_game_end,1_100_top_WARD_PLACED_game_end,100_total_WARD_PLACED_game_end,1_100_top_WARD_KILLED_game_end,100_total_WARD_KILLED_game_end,1_100_top_VISION_SCORE_game_end,100_total_VISION_SCORE_game_end,1_100_top_TOTAL_DAMAGE_DEALT_TO_CHAMPIONS_game_end,100_total_TOTAL_DAMAGE_DEALT_TO_CHAMPIONS_game_end,1_100_top_TOTAL_DAMAGE_DEALT_TO_BUILDINGS_game_end,100_total_TOTAL_DAMAGE_DEALT_TO_BUILDINGS_game_end,1_100_top_TOTAL_TIME_CROWD_CONTROL_DEALT_TO_CHAMPIONS_game_end,100_total_TOTAL_TIME_CROWD_CONTROL_DEALT_TO_CHAMPIONS_game_end,1_100_top_TIME_CCING_OTHERS_game_end,100_total_TIME_CCING_OTHERS_game_end,2_100_jng_level_game_end,2_100_jng_totalGold_game_end,2_100_jng_MINIONS_KILLED_game_end,2_100_jng_NEUTRAL_MINIONS_KILLED_game_end,2_100_jng_NEUTRAL_MINIONS_KILLED_ENEMY_JUNGLE_game_end,2_100_jng_CHAMPIONS_KILLED_game_end,2_100_jng_NUM_DEATHS_game_end,2_100_jng_ASSISTS_game_end,2_100_jng_WARD_PLACED_game_end,2_100_jng_WARD_KILLED_game_end,2_100_jng_VISION_SCORE_game_end,2_100_jng_TOTAL_DAMAGE_DEALT_TO_CHAMPIONS_game_end,2_100_jng_TOTAL_DAMAGE_DEALT_TO_BUILDINGS_game_end,2_100_jng_TOTAL_TIME_CROWD_CONTROL_DEALT_TO_CHAMPIONS_game_end,2_100_jng_TIME_CCING_OTHERS_game_end,3_100_mid_level_game_end,3_100_mid_totalGold_game_end,3_100_mid_MINIONS_KILLED_game_end,3_100_mid_NEUTRAL_MINIONS_KILLED_game_end,3_100_mid_NEUTRAL_MINIONS_KILLED_ENEMY_JUNGLE_game_end,3_100_mid_CHAMPIONS_KILLED_game_end,3_100_mid_NUM_DEATHS_game_end,3_100_mid_ASSISTS_game_end,3_100_mid_WARD_PLACED_game_end,3_100_mid_WARD_KILLED_game_end,3_100_mid_VISION_SCORE_game_end,3_100_mid_TOTAL_DAMAGE_DEALT_TO_CHAMPIONS_game_end,3_100_mid_TOTAL_DAMAGE_DEALT_TO_BUILDINGS_game_end,3_100_mid_TOTAL_TIME_CROWD_CONTROL_DEALT_TO_CHAMPIONS_game_end,3_100_mid_TIME_CCING_OTHERS_game_end,4_100_adc_level_game_end,4_100_adc_totalGold_game_end,4_100_adc_MINIONS_KILLED_game_end,4_100_adc_NEUTRAL_MINIONS_KILLED_game_end,4_100_adc_NEUTRAL_MINIONS_KILLED_ENEMY_JUNGLE_game_end,4_100_adc_CHAMPIONS_KILLED_game_end,4_100_adc_NUM_DEATHS_game_end,4_100_adc_ASSISTS_game_end,4_100_adc_WARD_PLACED_game_end,4_100_adc_WARD_KILLED_game_end,4_100_adc_VISION_SCORE_game_end,4_100_adc_TOTAL_DAMAGE_DEALT_TO_CHAMPIONS_game_end,4_100_adc_TOTAL_DAMAGE_DEALT_TO_BUILDINGS_game_end,4_100_adc_TOTAL_TIME_CROWD_CONTROL_DEALT_TO_CHAMPIONS_game_end,4_100_adc_TIME_CCING_OTHERS_game_end,5_100_sup_level_game_end,5_100_sup_totalGold_game_end,5_100_sup_MINIONS_KILLED_game_end,5_100_sup_NEUTRAL_MINIONS_KILLED_game_end,5_100_sup_NEUTRAL_MINIONS_KILLED_ENEMY_JUNGLE_game_end,5_100_sup_CHAMPIONS_KILLED_game_end,5_100_sup_NUM_DEATHS_game_end,5_100_sup_ASSISTS_game_end,5_100_sup_WARD_PLACED_game_end,5_100_sup_WARD_KILLED_game_end,5_100_sup_VISION_SCORE_game_end,5_100_sup_TOTAL_DAMAGE_DEALT_TO_CHAMPIONS_game_end,5_100_sup_TOTAL_DAMAGE_DEALT_TO_BUILDINGS_game_end,5_100_sup_TOTAL_TIME_CROWD_CONTROL_DEALT_TO_CHAMPIONS_game_end,5_100_sup_TIME_CCING_OTHERS_game_end,6_200_top_level_game_end,6_200_top_totalGold_game_end,6_200_top_MINIONS_KILLED_game_end,200_total_MINIONS_KILLED_game_end,6_200_top_NEUTRAL_MINIONS_KILLED_game_end,200_total_NEUTRAL_MINIONS_KILLED_game_end,6_200_top_NEUTRAL_MINIONS_KILLED_ENEMY_JUNGLE_game_end,200_total_NEUTRAL_MINIONS_KILLED_ENEMY_JUNGLE_game_end,6_200_top_CHAMPIONS_KILLED_game_end,200_total_CHAMPIONS_KILLED_game_end,6_200_top_NUM_DEATHS_game_end,200_total_NUM_DEATHS_game_end,6_200_top_ASSISTS_game_end,200_total_ASSISTS_game_end,6_200_top_WARD_PLACED_game_end,200_total_WARD_PLACED_game_end,6_200_top_WARD_KILLED_game_end,200_total_WARD_KILLED_game_end,6_200_top_VISION_SCORE_game_end,200_total_VISION_SCORE_game_end,6_200_top_TOTAL_DAMAGE_DEALT_TO_CHAMPIONS_game_end,200_total_TOTAL_DAMAGE_DEALT_TO_CHAMPIONS_game_end,6_200_top_TOTAL_DAMAGE_DEALT_TO_BUILDINGS_game_end,200_total_TOTAL_DAMAGE_DEALT_TO_BUILDINGS_game_end,6_200_top_TOTAL_TIME_CROWD_CONTROL_DEALT_TO_CHAMPIONS_game_end,200_total_TOTAL_TIME_CROWD_CONTROL_DEALT_TO_CHAMPIONS_game_end,6_200_top_TIME_CCING_OTHERS_game_end,200_total_TIME_CCING_OTHERS_game_end,7_200_jng_level_game_end,7_200_jng_totalGold_game_end,7_200_jng_MINIONS_KILLED_game_end,7_200_jng_NEUTRAL_MINIONS_KILLED_game_end,7_200_jng_NEUTRAL_MINIONS_KILLED_ENEMY_JUNGLE_game_end,7_200_jng_CHAMPIONS_KILLED_game_end,7_200_jng_NUM_DEATHS_game_end,7_200_jng_ASSISTS_game_end,7_200_jng_WARD_PLACED_game_end,7_200_jng_WARD_KILLED_game_end,7_200_jng_VISION_SCORE_game_end,7_200_jng_TOTAL_DAMAGE_DEALT_TO_CHAMPIONS_game_end,7_200_jng_TOTAL_DAMAGE_DEALT_TO_BUILDINGS_game_end,7_200_jng_TOTAL_TIME_CROWD_CONTROL_DEALT_TO_CHAMPIONS_game_end,7_200_jng_TIME_CCING_OTHERS_game_end,8_200_mid_level_game_end,8_200_mid_totalGold_game_end,8_200_mid_MINIONS_KILLED_game_end,8_200_mid_NEUTRAL_MINIONS_KILLED_game_end,8_200_mid_NEUTRAL_MINIONS_KILLED_ENEMY_JUNGLE_game_end,8_200_mid_CHAMPIONS_KILLED_game_end,8_200_mid_NUM_DEATHS_game_end,8_200_mid_ASSISTS_game_end,8_200_mid_WARD_PLACED_game_end,8_200_mid_WARD_KILLED_game_end,8_200_mid_VISION_SCORE_game_end,8_200_mid_TOTAL_DAMAGE_DEALT_TO_CHAMPIONS_game_end,8_200_mid_TOTAL_DAMAGE_DEALT_TO_BUILDINGS_game_end,8_200_mid_TOTAL_TIME_CROWD_CONTROL_DEALT_TO_CHAMPIONS_game_end,8_200_mid_TIME_CCING_OTHERS_game_end,9_200_adc_level_game_end,9_200_adc_totalGold_game_end,9_200_adc_MINIONS_KILLED_game_end,9_200_adc_NEUTRAL_MINIONS_KILLED_game_end,9_200_adc_NEUTRAL_MINIONS_KILLED_ENEMY_JUNGLE_game_end,9_200_adc_CHAMPIONS_KILLED_game_end,9_200_adc_NUM_DEATHS_game_end,9_200_adc_ASSISTS_game_end,9_200_adc_WARD_PLACED_game_end,9_200_adc_WARD_KILLED_game_end,9_200_adc_VISION_SCORE_game_end,9_200_adc_TOTAL_DAMAGE_DEALT_TO_CHAMPIONS_game_end,9_200_adc_TOTAL_DAMAGE_DEALT_TO_BUILDINGS_game_end,9_200_adc_TOTAL_TIME_CROWD_CONTROL_DEALT_TO_CHAMPIONS_game_end,9_200_adc_TIME_CCING_OTHERS_game_end,10_200_sup_level_game_end,10_200_sup_totalGold_game_end,10_200_sup_MINIONS_KILLED_game_end,10_200_sup_NEUTRAL_MINIONS_KILLED_game_end,10_200_sup_NEUTRAL_MINIONS_KILLED_ENEMY_JUNGLE_game_end,10_200_sup_CHAMPIONS_KILLED_game_end,10_200_sup_NUM_DEATHS_game_end,10_200_sup_ASSISTS_game_end,10_200_sup_WARD_PLACED_game_end,10_200_sup_WARD_KILLED_game_end,10_200_sup_VISION_SCORE_game_end,10_200_sup_TOTAL_DAMAGE_DEALT_TO_CHAMPIONS_game_end,10_200_sup_TOTAL_DAMAGE_DEALT_TO_BUILDINGS_game_end,10_200_sup_TOTAL_TIME_CROWD_CONTROL_DEALT_TO_CHAMPIONS_game_end,10_200_sup_TIME_CCING_OTHERS_game_end,100_blue_championsKills_game_end,100_blue_deaths_game_end,100_blue_assists_game_end,100_blue_totalGold_game_end,100_blue_inhibKills_game_end,100_blue_dragonKills_game_end,100_blue_baronKills_game_end,100_blue_towerKills_game_end,200_red_championsKills_game_end,200_red_deaths_game_end,200_red_assists_game_end,200_red_totalGold_game_end,200_red_inhibKills_game_end,200_red_dragonKills_game_end,200_red_baronKills_game_end,200_red_towerKills_game_end
104366947889790212,108166997301178190,PCS Summer 2022,pcs_summer_2022,2022-06-23,2022-09-10,ESPORTSTMNT03:2820005,108166997302488928,1,Regular Season,regular_season,Regular Season,2022-07-01,2017,12.11.449.7705,100,1,200,107700199633958891,104367068120825486,CTBC Flying Oyster,PSG Talon,200,CFO Rest,Gwen,CFO Gemini,MonkeyKing,CFO Mission,Syndra,CFO Atlen,Ezreal,CFO Koala,Rakan,PSG Hanabi,Gnar,PSG Burry,Trundle,PSG Gori,Corki,PSG Unified,Senna,PSG Kaiwing,TahmKench,200,5,200,100,2,0,0,0,0,0,0,5,1535,32.0,106.0,0.0,30.399999618530273,0.0,0.0,0.0,0.0,0.0,0.0,0.0,0.0,1.0,7.0,0.0,0.0,1.559343934059143,7.857178270816803,351.0967712402344,3055.4574127197266,0.0,0.0,0.0,0.0,0.0,4.380716800689697,4,1618,0.0,30.399999618530273,0.0,0.0,0.0,0.0,1.0,0.0,2.003211736679077,0.0,0.0,0.0,0.0,5,1634,33.0,0.0,0.0,0.0,0.0,0.0,2.0,0.0,1.503194808959961,1595.7376708984375,0.0,0.0,4.380716800689697,4,1629,34.0,0.0,0.0,0.0,0.0,0.0,2.0,0.0,0.35188597440719604,857.1290283203125,0.0,0.0,0.0,4,1153,7.0,0.0,0.0,0.0,0.0,0.0,1.0,0.0,2.439541816711426,251.4939422607422,0.0,0.0,0.0,5,1598,36.0,109.0,0.0,27.999998092651367,0.0,0.0,0.0,0.0,0.0,0.0,0.0,0.0,2.0,7.0,0.0,1.0,1.527888536453247,7.392841696739197,1166.7481689453125,3606.7530364990234,0.0,153.513916015625,0.0,0.0,1.8738969564437866,7.431789338588715,4,1534,1.0,27.999998092651367,0.0,0.0,0.0,0.0,2.0,1.0,4.362194061279297,0.0,0.0,0.0,0.0,5,1627,38.0,0.0,0.0,0.0,0.0,0.0,1.0,0.0,1.5027590990066528,639.3516845703125,0.0,0.0,0.0,4,1361,0.0,0.0,0.0,0.0,0.0,0.0,1.0,0.0,0.0,1606.693359375,153.513916015625,0.0,4.81992244720459,4,1577,34.0,0.0,0.0,0.0,0.0,0.0,1.0,0.0,0.0,193.95982360839844,0.0,0.0,0.7379699349403381,0,0,0,7569,0,0,0,0,0,0,0,7697,0,0,0,0,8,3280,88.0,287.0,0.0,72.0,0.0,0.0,0.0,0.0,0.0,0.0,0.0,0.0,4.0,17.0,1.0,6.0,4.690034866333008,28.581883311271667,1212.585205078125,6412.986083984375,0.0,0.0,0.0,0.0,0.0,10.412262439727783,7,3131,3.0,64.0,0.0,0.0,0.0,0.0,3.0,3.0,13.658936500549316,0.0,0.0,0.0,0.0,9,3762,99.0,8.0,0.0,0.0,0.0,0.0,4.0,0.0,4.6524200439453125,2231.783203125,0.0,0.0,6.155374526977539,7,3230,82.0,0.0,0.0,0.0,0.0,0.0,3.0,1.0,1.8576167821884155,2213.468994140625,0.0,0.0,0.0,6,2140,15.0,0.0,0.0,0.0,0.0,0.0,3.0,1.0,3.7228751182556152,755.148681640625,0.0,0.0,4.256887912750244,8,3449,90.0,273.0,4.0,64.00000381469727,0.0,0.0,0.0,0.0,0.0,0.0,0.0,0.0,4.0,20.0,2.0,3.0,6.960195064544678,27.396877765655518,2453.42529296875,8437.953796386719,0.0,1590.505859375,0.0,0.0,3.4009976387023926,17.47236180305481,7,2867,1.0,60.000003814697266,0.0,0.0,0.0,0.0,2.0,1.0,6.255875587463379,223.67376708984375,0.0,0.0,0.6915664672851562,8,3309,89.0,0.0,0.0,0.0,0.0,0.0,4.0,0.0,4.4495439529418945,1295.289306640625,0.0,0.0,0.0,6,2777,4.0,0.0,0.0,0.0,0.0,0.0,7.0,0.0,4.351799964904785,3253.809814453125,610.8443603515625,0.0,10.850306510925293,7,3438,89.0,0.0,0.0,0.0,0.0,0.0,3.0,0.0,5.379463195800781,1211.755615234375,979.6614990234375,0.0,2.5294911861419678,0,0,0,15543,0,0,0,0,0,0,0,15840,0,1,0,0,11,6185,138.0,452.0,0.800000011920929,101.600006878376,0.800000011920929,3.099999964237213,0.0,2.0,0.0,1.0,1.0,4.0,5.0,32.0,2.0,11.0,9.721755027770996,68.04388380050659,2320.355224609375,13833.474792480469,2330.320556640625,2330.320556640625,0.0,0.0,0.0,18.952848434448242,9,4829,9.0,87.50000762939453,1.0,0.0,0.0,1.0,4.0,4.0,20.71735382080078,867.6350708007812,0.0,0.0,1.22247314453125,11,6123,152.0,13.299999237060547,1.2999999523162842,1.0,0.0,1.0,7.0,1.0,14.714338302612305,4022.345458984375,0.0,0.0,10.196113586425781,9,5323,128.0,0.0,0.0,1.0,0.0,0.0,6.0,1.0,5.651747226715088,5240.76611328125,0.0,0.0,0.0,8,3422,25.0,0.0,0.0,0.0,1.0,1.0,10.0,3.0,17.238689422607422,1382.3729248046875,0.0,0.0,7.534261703491211,11,5396,135.0,425.0,8.0,91.20000004768372,0.0,4.0,0.0,1.0,1.0,2.0,0.0,1.0,7.0,38.0,2.0,13.0,9.019399642944336,70.17300510406494,3854.75537109375,13008.405700683594,568.3464965820312,4303.947463989258,0.0,0.0,5.11783504486084,24.27428424358368,9,4149,5.0,82.0,4.0,0.0,0.0,0.0,5.0,5.0,17.695039749145508,223.67376708984375,0.0,0.0,1.2939893007278442,10,4927,136.0,1.2000000476837158,0.0,0.0,1.0,0.0,6.0,1.0,8.132837295532227,2525.229736328125,100.86305236816406,0.0,0.0,8,4622,11.0,0.0,0.0,1.0,0.0,0.0,14.0,4.0,26.192005157470703,4861.9013671875,986.4649658203125,0.0,14.12929630279541,9,5877,138.0,0.0,0.0,0.0,0.0,1.0,6.0,1.0,9.133723258972168,1542.845458984375,2648.27294921875,0.0,3.733163595199585,2,1,4,25882,0,0,0,1,1,2,1,24971,0,1,0,1,17,13638,280.0,852.0,31.799999237060547,225.89998245239258,7.300000190734863,24.600000143051147,1.0,6.0,1.0,13.0,3.0,13.0,9.0,101.0,11.0,56.0,36.28044891357422,242.0162582397461,12610.095703125,76196.04296875,7313.68310546875,10934.887817382812,0.0,0.0,5.205533981323242,91.10020923614502,14,9531,19.0,150.49998474121094,14.0,1.0,4.0,3.0,15.0,12.0,51.0077018737793,8021.232421875,906.1285400390625,0.0,9.18365478515625,15,12183,245.0,25.599998474121094,1.2999999523162842,2.0,3.0,2.0,8.0,5.0,27.11623764038086,20521.8828125,1952.6011962890625,0.0,34.615779876708984,15,12586,264.0,18.0,2.0,2.0,2.0,0.0,17.0,8.0,35.88330078125,29256.58203125,762.4749755859375,0.0,8.795729637145996,11,7077,44.0,0.0,0.0,0.0,3.0,5.0,52.0,20.0,91.72856903076172,5786.25,0.0,0.0,33.29951095581055,17,14648,265.0,848.0,31.999996185302734,197.60000801086426,4.000000476837158,15.200000762939453,5.0,13.0,2.0,6.0,4.0,39.0,12.0,109.0,12.0,59.0,41.44455337524414,273.5069236755371,10696.080078125,61174.4951171875,7434.70654296875,21954.04052734375,0.0,0.0,11.699872970581055,72.22115117311478,14,9766,27.0,120.40001678466797,7.200000286102295,1.0,0.0,9.0,14.0,11.0,39.844608306884766,6462.1376953125,2300.9267578125,0.0,17.407407760620117,17,14561,292.0,25.199995040893555,4.0,5.0,3.0,3.0,17.0,5.0,38.107662200927734,20928.041015625,3183.349365234375,0.0,0.9642656445503235,14,10754,50.0,12.0,0.0,2.0,1.0,11.0,51.0,30.0,132.68368530273438,14165.90625,2113.362548828125,0.0,28.703214645385742,15,12066,214.0,8.0,0.0,0.0,0.0,12.0,15.0,1.0,21.426414489746094,8922.330078125,6921.6953125,0.0,13.446390151977539,6,13,13,55015,0,1,0,4,13,6,39,61795,1,3,1,8
104366947889790212,108166997301178190,PCS Summer 2022,pcs_summer_2022,2022-06-23,2022-09-10,ESPORTSTMNT03:2820062,108166997302488948,1,Regular Season,regular_season,Regular Season,2022-07-01,2244,12.11.449.7705,200,1,100,99566406490127625,107700204561086446,J Team,Deep Cross Gaming,100,JT Driver,Aatrox,JT Kongyue,Qiyana,JT Uniboy,Ahri,JT Lilv,Senna,JT Enso,TahmKench,DCG Leaky,Gangplank,DCG Hana,Viego,DCG Nestea,Swain,DCG Cryscata,Lucian,DCG Woody,Nami,200,2,200,200,0,2,1,100,3,0,0,5,1559,33.0,91.0,0.0,27.999998092651367,0.0,0.0,0.0,0.0,0.0,0.0,0.0,0.0,1.0,7.0,0.0,0.0,0.0,3.438438504934311,996.8426513671875,2348.280548095703,0.0,0.0,0.0,0.0,3.9605515003204346,7.1173927783966064,4,1587,0.0,27.999998092651367,0.0,0.0,0.0,0.0,2.0,0.0,1.456366777420044,78.45144653320312,0.0,0.0,0.0,5,1570,34.0,0.0,0.0,0.0,0.0,0.0,1.0,0.0,1.6487383842468262,569.4948120117188,0.0,0.0,1.322998046875,3,1217,4.0,0.0,0.0,0.0,0.0,0.0,2.0,0.0,0.3333333432674408,558.1392822265625,0.0,0.0,1.1292297840118408,3,1346,20.0,0.0,0.0,0.0,0.0,0.0,1.0,0.0,0.0,145.35235595703125,0.0,0.0,0.704613447189331,5,1497,31.0,111.0,0.0,32.0,0.0,0.0,0.0,0.0,0.0,0.0,0.0,0.0,2.0,8.0,0.0,1.0,1.5477020740509033,10.752551674842834,1290.3221435546875,3552.8665771484375,0.0,107.0483512878418,0.0,0.0,1.0188219547271729,5.70266580581665,4,1642,0.0,32.0,0.0,0.0,0.0,0.0,1.0,0.0,3.0631356239318848,0.0,0.0,0.0,0.0,5,1703,41.0,0.0,0.0,0.0,0.0,0.0,2.0,0.0,1.4715304374694824,533.1482543945312,0.0,0.0,3.74304461479187,4,1647,38.0,0.0,0.0,0.0,0.0,0.0,1.0,0.0,1.3025001287460327,1163.5643310546875,57.36960220336914,0.0,0.0,4,1155,1.0,0.0,0.0,0.0,0.0,0.0,2.0,1.0,3.3676834106445312,565.8318481445312,49.678749084472656,0.0,0.9407992362976074,0,0,0,7279,0,0,0,0,0,0,0,7644,0,0,0,0,8,3754,74.0,238.0,4.0,61.0000114440918,0.0,0.0,1.0,3.0,0.0,1.0,0.0,6.0,4.0,21.0,0.0,5.0,4.966385841369629,30.888274669647217,1881.2115478515625,7735.1982421875,433.1522216796875,1698.967529296875,0.0,0.0,5.733222484588623,15.080496788024902,7,3934,3.0,57.0000114440918,0.0,1.0,0.0,2.0,5.0,0.0,9.35398006439209,2177.428466796875,0.0,0.0,2.8208985328674316,8,3476,87.0,0.0,0.0,0.0,0.0,1.0,4.0,3.0,8.099454879760742,1011.474853515625,834.7759399414062,0.0,1.79412841796875,6,2817,14.0,0.0,0.0,1.0,0.0,1.0,4.0,2.0,4.854807376861572,1447.379638671875,431.03936767578125,0.0,2.6237008571624756,6,2964,60.0,0.0,0.0,0.0,1.0,2.0,4.0,0.0,3.6136465072631836,1217.7037353515625,0.0,0.0,2.108546495437622,8,2903,66.0,245.0,0.0,76.00001525878906,0.0,0.0,0.0,1.0,1.0,3.0,0.0,1.0,3.0,21.0,0.0,5.0,3.049398183822632,33.52724862098694,4037.183349609375,10444.817962646484,0.0,107.0483512878418,0.0,0.0,2.697636127471924,13.864123195409775,7,3570,1.0,76.00001525878906,0.0,1.0,0.0,0.0,3.0,1.0,10.958088874816895,270.7587585449219,0.0,0.0,0.08512768149375916,9,3568,95.0,0.0,0.0,0.0,0.0,1.0,5.0,0.0,7.436678886413574,1413.5029296875,0.0,0.0,6.313450813293457,6,3062,80.0,0.0,0.0,0.0,1.0,0.0,4.0,1.0,3.2588095664978027,3207.556640625,57.36960220336914,0.0,0.0,6,2028,3.0,0.0,0.0,0.0,1.0,0.0,6.0,3.0,8.824273109436035,1515.8162841796875,49.678749084472656,0.0,4.767908573150635,3,1,6,16945,0,0,0,0,1,3,1,15131,0,1,0,0,11,5484,124.0,410.0,4.0,103.50003051757812,0.0,4.0,1.0,3.0,0.0,1.0,0.0,6.0,7.0,47.0,1.0,23.0,11.862929344177246,88.59517621994019,2784.719482421875,11964.990844726562,433.1522216796875,1793.26025390625,0.0,0.0,6.998712539672852,24.81097912788391,9,5656,14.0,95.50003051757812,4.0,1.0,0.0,2.0,18.0,11.0,39.2996826171875,2177.428466796875,0.0,0.0,2.8208985328674316,11,5397,145.0,4.0,0.0,0.0,0.0,1.0,5.0,4.0,12.505731582641602,1980.1436767578125,834.7759399414062,0.0,5.15228271484375,8,4013,23.0,0.0,0.0,1.0,0.0,1.0,10.0,6.0,18.932756423950195,3598.68359375,525.3320922851562,0.0,7.395256042480469,8,4518,104.0,0.0,0.0,0.0,1.0,2.0,7.0,1.0,5.994076251983643,1424.015625,0.0,0.0,2.443829298019409,10,5279,118.0,405.0,6.75,106.75003051757812,0.0,0.0,0.0,1.0,1.0,3.0,0.0,1.0,4.0,43.0,0.0,16.0,5.921534061431885,77.29687261581421,5456.8896484375,14774.250457763672,841.435302734375,948.4836540222168,0.0,0.0,3.0111961364746094,19.972075313329697,9,5215,7.0,100.00003051757812,0.0,1.0,0.0,0.0,5.0,4.0,20.37872314453125,270.7587585449219,0.0,0.0,0.08512768149375916,10,5104,140.0,0.0,0.0,0.0,0.0,1.0,8.0,2.0,10.220039367675781,1907.52734375,0.0,0.0,8.402008056640625,9,4851,133.0,0.0,0.0,0.0,1.0,0.0,5.0,3.0,12.518298149108887,4695.19189453125,57.36960220336914,0.0,0.0,7,2929,7.0,0.0,0.0,0.0,1.0,0.0,21.0,7.0,28.258277893066406,2443.8828125,49.678749084472656,0.0,8.473743438720703,3,1,6,25068,0,1,0,0,1,3,1,23378,0,1,0,0,18,14881,303.0,966.0,14.0,293.09985160827637,4.0,27.59999656677246,3.0,15.0,1.0,4.0,6.0,37.0,16.0,145.0,14.0,101.0,52.394874572753906,360.0078582763672,13760.220703125,72440.08251953125,2908.9873046875,18259.71728515625,0.0,0.0,15.503602981567383,87.876962184906,17,15838,45.0,237.099853515625,19.59999656677246,5.0,0.0,8.0,50.0,34.0,131.92239379882812,20266.89453125,2242.77587890625,0.0,24.871356964111328,18,15797,320.0,20.0,0.0,5.0,1.0,4.0,6.0,7.0,26.484498977661133,17159.5390625,6964.125,0.0,18.075040817260742,15,11776,97.0,21.999998092651367,4.0,2.0,1.0,11.0,45.0,41.0,117.81681823730469,17616.240234375,4030.521240234375,0.0,22.54126739501953,15,11104,201.0,0.0,0.0,0.0,1.0,8.0,28.0,5.0,31.389272689819336,3637.18798828125,2113.307861328125,0.0,6.8856940269470215,18,15695,301.0,906.0,62.75,240.649995803833,0.0,0.0,0.0,4.0,2.0,15.0,1.0,9.0,12.0,145.0,7.0,71.0,23.826305389404297,268.47476387023926,23380.171875,68484.55224609375,4528.353515625,7904.394073486328,0.0,0.0,15.140584945678711,93.47207605838776,14,11381,36.0,150.6999969482422,0.0,3.0,2.0,1.0,11.0,20.0,56.60761642456055,5354.05126953125,934.8550415039062,0.0,5.786068916320801,16,11384,242.0,4.0,0.0,1.0,4.0,3.0,15.0,6.0,24.838926315307617,15544.673828125,277.67462158203125,0.0,41.733612060546875,15,13382,306.0,23.19999885559082,0.0,0.0,3.0,1.0,13.0,17.0,48.681026458740234,15516.7705078125,1803.49072265625,0.0,0.9283396005630493,13,7872,21.0,0.0,0.0,0.0,4.0,3.0,94.0,21.0,114.52088928222656,8688.884765625,360.0201721191406,0.0,29.88347053527832,15,4,37,69396,1,4,1,7,4,15,9,59714,0,2,1,3
104366947889790212,108166997301178190,PCS Summer 2022,pcs_summer_2022,2022-06-23,2022-09-10,ESPORTSTMNT03:2820027,108166997302488952,1,Regular Season,regular_season,Regular Season,2022-07-01,1489,12.11.449.7705,200,1,200,108517492697602721,106269859169658575,Dewish Team,Impunity Esports,200,DWT Lacunae,Gwen,DWT WSL,Trundle,DWT xiaotu,Sylas,DWT BangTwo,Kalista,DWT EnHoa,Renata,IMP ICU,Jax,IMP Alex,Viego,IMP Apex,Azir,IMP Lz,Aphelios,IMP Natur3,Nautilus,200,3,200,100,1,1,0,0,0,0,0,4,1279,22.0,86.0,0.0,20.399999618530273,0.0,0.0,0.0,0.0,0.0,0.0,0.0,0.0,2.0,8.0,0.0,1.0,1.5280364751815796,5.969107747077942,1061.51123046875,2146.904121398926,0.0,0.0,0.0,0.0,0.0,5.511179506778717,4,1357,0.0,20.399999618530273,0.0,0.0,0.0,0.0,2.0,0.0,1.4555245637893677,0.0,0.0,0.0,1.2419379949569702,5,1444,27.0,0.0,0.0,0.0,0.0,0.0,2.0,0.0,0.0,37.460304260253906,0.0,0.0,0.2709607481956482,4,1622,37.0,0.0,0.0,0.0,0.0,0.0,2.0,1.0,1.6522133350372314,541.5404663085938,0.0,0.0,1.0087382793426514,4,1135,0.0,0.0,0.0,0.0,0.0,0.0,0.0,0.0,1.3333333730697632,506.3921203613281,0.0,0.0,2.9895424842834473,5,1556,33.0,108.0,0.0,27.999998092651367,0.0,0.0,0.0,0.0,0.0,0.0,0.0,0.0,2.0,6.0,0.0,1.0,1.5100748538970947,7.80933678150177,1158.7952880859375,2871.7702674865723,0.0,0.0,0.0,0.0,3.8924484252929688,8.612167358398438,4,1565,0.0,27.999998092651367,0.0,0.0,0.0,0.0,2.0,0.0,2.6620125770568848,40.80287551879883,0.0,0.0,0.0,5,1584,34.0,0.0,0.0,0.0,0.0,0.0,1.0,0.0,1.4694974422454834,944.9739379882812,0.0,0.0,0.8622622489929199,4,1587,35.0,0.0,0.0,0.0,0.0,0.0,0.0,1.0,1.0499999523162842,537.062255859375,0.0,0.0,0.0,4,1096,6.0,0.0,0.0,0.0,0.0,0.0,1.0,0.0,1.117751955986023,190.1359100341797,0.0,0.0,3.857456684112549,0,0,0,6837,0,0,0,0,0,0,0,7388,0,0,0,0,8,2992,78.0,240.0,0.0,44.00000762939453,0.0,4.0,0.0,0.0,0.0,0.0,0.0,0.0,4.0,18.0,0.0,8.0,5.588377952575684,38.049689292907715,2604.175048828125,3689.567939758301,0.0,0.0,0.0,0.0,0.628173828125,6.443718731403351,6,2601,4.0,44.00000762939453,4.0,0.0,0.0,0.0,3.0,4.0,11.389749526977539,0.0,0.0,0.0,1.2419379949569702,8,2910,69.0,0.0,0.0,0.0,0.0,0.0,4.0,1.0,6.125743389129639,37.460304260253906,0.0,0.0,0.2709607481956482,7,3159,85.0,0.0,0.0,0.0,0.0,0.0,4.0,1.0,5.178015232086182,541.5404663085938,0.0,0.0,1.0087382793426514,5,1932,4.0,0.0,0.0,0.0,0.0,0.0,3.0,2.0,9.767803192138672,506.3921203613281,0.0,0.0,3.293907880783081,8,3375,85.0,278.0,0.0,68.00001525878906,0.0,0.0,0.0,0.0,0.0,0.0,0.0,0.0,4.0,20.0,0.0,5.0,3.1100759506225586,28.79135012626648,2278.482421875,5323.0401039123535,576.91162109375,2340.574951171875,0.0,0.0,6.098625183105469,11.614260792732239,7,3151,4.0,68.00001525878906,0.0,0.0,0.0,0.0,4.0,3.0,12.707429885864258,40.80287551879883,0.0,0.0,0.0,8,3244,89.0,0.0,0.0,0.0,0.0,0.0,4.0,0.0,3.900127410888672,2276.556640625,0.0,0.0,1.6581789255142212,6,3468,86.0,0.0,0.0,0.0,0.0,0.0,3.0,1.0,2.979943037033081,537.062255859375,1763.663330078125,0.0,0.0,6,2156,14.0,0.0,0.0,0.0,0.0,0.0,5.0,1.0,6.09377384185791,190.1359100341797,0.0,0.0,3.857456684112549,0,0,0,13594,0,0,0,0,0,0,0,15394,0,1,0,0,10,4772,120.0,375.0,0.0,70.00001525878906,0.0,4.0,1.0,1.0,1.0,2.0,0.0,0.0,6.0,26.0,0.0,18.0,10.554038047790527,77.57854557037354,5207.05419921875,7616.108001708984,0.0,148.5653076171875,0.0,0.0,2.1390974521636963,11.647354006767273,8,3964,7.0,64.00001525878906,4.0,0.0,0.0,0.0,3.0,7.0,18.323081970214844,0.0,0.0,0.0,1.364274024963379,11,4412,107.0,4.0,0.0,0.0,0.0,0.0,4.0,4.0,15.085188865661621,428.4080505371094,0.0,0.0,0.554044246673584,8,5052,132.0,2.0,0.0,0.0,0.0,0.0,8.0,1.0,12.347838401794434,1140.8907470703125,148.5653076171875,0.0,1.5863744020462036,7,2915,9.0,0.0,0.0,0.0,1.0,0.0,5.0,6.0,21.26839828491211,839.7550048828125,0.0,0.0,6.00356388092041,11,5276,127.0,433.0,0.0,100.0000228881836,0.0,0.0,1.0,2.0,1.0,1.0,0.0,2.0,5.0,37.0,1.0,10.0,6.93208646774292,56.12377643585205,5297.25244140625,13252.895324707031,576.91162109375,3243.4443359375,0.0,0.0,8.637382507324219,23.146532278507948,9,4823,8.0,96.0000228881836,0.0,1.0,0.0,0.0,6.0,5.0,19.497055053710938,946.1743774414062,0.0,0.0,0.017913084477186203,11,5283,135.0,4.0,0.0,0.0,0.0,1.0,7.0,1.0,6.53069543838501,3468.608154296875,902.869384765625,0.0,2.4018049240112305,9,5233,141.0,0.0,0.0,0.0,0.0,0.0,5.0,2.0,7.537435531616211,2345.456298828125,1763.663330078125,0.0,1.030517578125,8,3265,22.0,0.0,0.0,0.0,0.0,1.0,14.0,1.0,15.626503944396973,1195.404052734375,0.0,0.0,11.058914184570312,1,2,0,21115,0,0,0,0,2,1,2,23880,0,2,0,0,13,7609,189.0,591.0,0.25,90.10002461075783,0.0,4.0,1.0,2.0,4.0,16.0,1.0,4.0,10.0,57.0,4.0,40.0,23.31235122680664,158.5513038635254,10122.7919921875,30725.319580078125,0.0,148.5653076171875,0.0,0.0,4.59134578704834,44.09034276008606,11,5853,16.0,77.6500244140625,4.0,0.0,2.0,1.0,6.0,11.0,31.197704315185547,4253.99951171875,0.0,0.0,12.923971176147461,13,7317,157.0,8.0,0.0,1.0,4.0,0.0,7.0,8.0,26.315807342529297,8535.1904296875,0.0,0.0,7.858016490936279,11,8253,213.0,3.8000001907348633,0.0,0.0,3.0,1.0,13.0,8.0,34.42351531982422,5141.7490234375,148.5653076171875,0.0,3.8942668437957764,11,4866,16.0,0.4000000059604645,0.0,0.0,3.0,1.0,21.0,9.0,43.30192565917969,2671.588623046875,0.0,0.0,14.822742462158203,15,10341,191.0,671.0,20.0,197.39999771118164,4.0,25.399999618530273,2.0,16.0,1.0,2.0,5.0,35.0,10.0,78.0,6.0,35.0,25.811735153198242,170.77617263793945,10971.4951171875,54630.442138671875,4824.42822265625,18352.742614746094,0.0,0.0,12.980033874511719,76.42043828964233,14,11028,20.0,147.0,11.0,7.0,0.0,6.0,10.0,11.0,39.865821838378906,13320.08984375,3765.9853515625,0.0,10.434488296508789,15,10638,193.0,10.0,2.0,2.0,1.0,7.0,13.0,5.0,24.74217414855957,12068.65625,4686.3759765625,0.0,7.253726005554199,14,11710,236.0,20.39999771118164,8.399999618530273,5.0,0.0,7.0,10.0,8.0,26.884395599365234,14354.85546875,4658.34814453125,0.0,6.8618855476379395,12,6292,31.0,0.0,0.0,0.0,0.0,10.0,35.0,5.0,53.4720458984375,3915.345458984375,417.60491943359375,0.0,38.89030456542969,2,16,4,33898,0,0,0,0,16,2,35,50009,1,3,1,8
104366947889790212,108166997301178190,PCS Summer 2022,pcs_summer_2022,2022-06-23,2022-09-10,ESPORTSTMNT03:2820055,108166997302488972,1,Regular Season,regular_season,Regular Season,2022-07-01,1715,12.11.449.7705,100,3,100,107760667929003738,107635420167535818,Frank Esports,SEM9,100,FAK YSKM,Fiora,FAK Holo,XinZhao,FAK Pretender,Lissandra,FAK MnM,Kalista,FAK Keres,Renata,S9 N0name,Kayle,S9 Arashi,Viego,S9 Lezar,Ahri,S9 XieDoDo,Ezreal,S9 Axin,Braum,100,5,100,100,2,0,1,100,4,0,0,5,1528,31.0,105.0,0.0,27.999998092651367,0.0,0.0,0.0,1.0,0.0,0.0,0.0,2.0,1.0,7.0,0.0,2.0,1.5454332828521729,11.852487683296204,1153.391357421875,4285.245300292969,0.0,630.9502182006836,0.0,0.0,0.7497684955596924,6.413608431816101,4,1707,1.0,27.999998092651367,0.0,0.0,0.0,1.0,1.0,1.0,4.881198883056641,268.403076171875,65.38695526123047,0.0,1.4020761251449585,5,1619,37.0,0.0,0.0,0.0,0.0,0.0,2.0,0.0,1.5081747770309448,1317.60107421875,0.0,0.0,1.273895263671875,3,2106,34.0,0.0,0.0,1.0,0.0,0.0,2.0,0.0,1.4615874290466309,861.7221069335938,308.20867919921875,0.0,0.8821079730987549,4,1389,2.0,0.0,0.0,0.0,0.0,1.0,1.0,1.0,2.4560933113098145,684.127685546875,257.3545837402344,0.0,2.1057605743408203,5,1458,28.0,80.0,0.0,36.0,0.0,0.0,0.0,0.0,0.0,1.0,0.0,0.0,1.0,9.0,0.0,0.0,0.0,5.643933862447739,509.73895263671875,2246.8001861572266,0.0,0.0,0.0,0.0,0.6890432834625244,1.6259797811508179,4,1750,0.0,36.0,0.0,0.0,0.0,0.0,2.0,0.0,1.5041444301605225,0.0,0.0,0.0,0.0,5,1486,29.0,0.0,0.0,0.0,0.0,0.0,3.0,0.0,2.3678500652313232,886.5986938476562,0.0,0.0,0.0,3,1355,19.0,0.0,0.0,0.0,0.0,0.0,2.0,0.0,0.3333333432674408,694.5086669921875,0.0,0.0,0.0,3,1048,4.0,0.0,0.0,0.0,1.0,0.0,1.0,0.0,1.4386060237884521,155.95387268066406,0.0,0.0,0.9369364976882935,1,0,2,8349,0,0,0,0,0,1,0,7097,0,0,0,0,8,2965,75.0,259.0,0.0,61.60000228881836,0.0,1.600000023841858,0.0,2.0,0.0,0.0,0.0,3.0,4.0,23.0,0.0,6.0,6.639228343963623,38.03298234939575,2837.333984375,10975.00390625,0.0,1193.1948318481445,0.0,0.0,1.509387731552124,19.682072401046753,7,3393,1.0,61.60000228881836,1.600000023841858,1.0,0.0,1.0,3.0,1.0,7.709472179412842,1722.9071044921875,65.38695526123047,0.0,3.5493204593658447,8,3367,87.0,0.0,0.0,0.0,0.0,0.0,5.0,1.0,7.229060173034668,3310.708251953125,159.0604705810547,0.0,6.000943660736084,7,3994,91.0,0.0,0.0,1.0,0.0,0.0,4.0,1.0,6.837697505950928,1817.3792724609375,711.392822265625,0.0,2.237347364425659,5,2434,5.0,0.0,0.0,0.0,0.0,2.0,7.0,3.0,9.617524147033691,1286.67529296875,257.3545837402344,0.0,6.385073184967041,8,3162,79.0,226.0,0.0,66.40000915527344,0.0,0.0,0.0,0.0,0.0,2.0,0.0,0.0,4.0,21.0,1.0,4.0,4.728130340576172,27.071647882461548,1871.6151123046875,7041.88427734375,0.0,0.0,0.0,0.0,1.7489092350006104,7.458284378051758,7,3187,2.0,66.40000915527344,0.0,0.0,1.0,0.0,6.0,1.0,9.771232604980469,926.488525390625,0.0,0.0,2.336212158203125,8,2783,67.0,0.0,0.0,0.0,0.0,0.0,4.0,0.0,3.6220126152038574,2135.8017578125,0.0,0.0,1.43902587890625,7,2979,65.0,0.0,0.0,0.0,0.0,0.0,4.0,0.0,3.3496649265289307,1538.7864990234375,0.0,0.0,0.0,5,2013,13.0,0.0,0.0,0.0,1.0,0.0,3.0,2.0,5.600607395172119,569.1923828125,0.0,0.0,1.9341371059417725,2,0,3,16153,0,1,0,0,0,2,0,14124,0,0,0,0,11,4836,129.0,419.0,0.0,89.60001373291016,0.0,5.599999904632568,0.0,4.0,0.0,0.0,0.0,9.0,7.0,39.0,1.0,20.0,9.715203285217285,88.92700481414795,3465.2763671875,16496.814453125,0.0,3861.0679244995117,0.0,0.0,2.3583240509033203,31.379805326461792,9,5231,7.0,85.60001373291016,5.599999904632568,2.0,0.0,2.0,5.0,7.0,20.778167724609375,3026.4248046875,65.38695526123047,0.0,4.452968597412109,11,5308,134.0,4.0,0.0,0.0,0.0,2.0,9.0,4.0,22.05819320678711,4901.64990234375,337.77191162109375,0.0,11.397238731384277,9,6671,142.0,0.0,0.0,2.0,0.0,1.0,6.0,3.0,15.696170806884766,3331.319580078125,2776.05859375,0.0,3.9063146114349365,7,4117,7.0,0.0,0.0,0.0,0.0,4.0,12.0,5.0,20.679269790649414,1772.143798828125,681.8504638671875,0.0,9.264959335327148,10,5338,135.0,391.0,0.0,102.4000244140625,0.0,0.0,0.0,0.0,0.0,4.0,0.0,0.0,6.0,41.0,3.0,14.0,12.360424995422363,63.76664161682129,3111.73486328125,12833.116821289062,171.59349060058594,654.9566192626953,0.0,0.0,2.6098721027374268,14.425504922866821,9,4699,2.0,102.4000244140625,0.0,0.0,2.0,0.0,10.0,1.0,15.034782409667969,2270.17578125,0.0,0.0,4.511733055114746,10,4390,116.0,0.0,0.0,0.0,0.0,0.0,7.0,1.0,6.450094223022461,2956.51611328125,483.3631286621094,0.0,2.97918701171875,9,4690,117.0,0.0,0.0,0.0,0.0,0.0,6.0,3.0,10.385865211486816,3360.492919921875,0.0,0.0,0.0,7,3039,21.0,0.0,0.0,0.0,2.0,0.0,12.0,6.0,19.53547477722168,1134.1971435546875,0.0,0.0,4.324712753295898,4,0,9,26163,0,2,0,1,0,4,0,22156,0,0,0,0,17,11958,238.0,750.0,15.999998092651367,187.6000099182129,4.0,23.59999790787697,5.0,20.0,0.0,3.0,3.0,48.0,11.0,97.0,4.0,66.0,31.095556259155273,274.67706871032715,12474.921875,64325.5341796875,1959.628662109375,14540.15478515625,0.0,0.0,4.860906600952148,76.8817892074585,14,10255,33.0,122.80001831054688,6.800000190734863,4.0,0.0,9.0,10.0,18.0,48.61897277832031,10158.7841796875,1615.435546875,0.0,11.05167293548584,15,10493,205.0,12.399999618530273,0.4000000059604645,2.0,3.0,8.0,24.0,14.0,65.86898040771484,13880.046875,1363.4813232421875,0.0,24.606943130493164,15,15810,254.0,36.399993896484375,12.39999771118164,9.0,0.0,9.0,6.0,19.0,53.06244659423828,23360.0703125,7912.91845703125,0.0,18.59013557434082,12,7970,20.0,0.0,0.0,0.0,0.0,19.0,46.0,11.0,76.03111267089844,4451.7109375,1688.6907958984375,0.0,17.772130966186523,16,11474,249.0,731.0,41.5,173.9000244140625,1.5,5.5,1.0,3.0,2.0,20.0,0.0,7.0,9.0,97.0,3.0,38.0,32.46635437011719,174.96428298950195,12010.11328125,50501.33349609375,4802.51171875,5285.874847412109,0.0,0.0,6.743833065032959,45.22515535354614,12,7775,19.0,130.4000244140625,4.0,0.0,5.0,2.0,18.0,12.0,39.530887603759766,6367.90576171875,0.0,0.0,10.192867279052734,14,8304,188.0,0.0,0.0,1.0,3.0,2.0,16.0,4.0,21.31507110595703,10618.576171875,483.3631286621094,0.0,17.30335235595703,13,10550,241.0,2.0,0.0,1.0,3.0,1.0,14.0,7.0,24.6025390625,17904.462890625,0.0,0.0,0.0,10,5758,34.0,0.0,0.0,0.0,7.0,2.0,40.0,12.0,57.04943084716797,3600.275390625,0.0,0.0,10.985102653503418,20,3,48,56486,1,4,1,7,3,20,7,43861,0,0,0,1
104366947889790212,108166997301178190,PCS Summer 2022,pcs_summer_2022,2022-06-23,2022-09-10,ESPORTSTMNT03:2820036,108166997302488986,1,Regular Season,regular_season,Regular Season,2022-07-01,2277,12.11.449.7705,100,2,200,106269804045322803,107700211633200412,Beyond Gaming,Meta Falcon Team,100,BYG Likai,Gnar,BYG Husha,MonkeyKing,BYG Minji,Lissandra,BYG Wako,Lucian,BYG Kino,Nami,MFT Taco,Kayle,MFT 665,Viego,MFT Wen,Ahri,MFT Whale,Ezreal,MFT 1SSUE,Leona,200,6,100,100,2,0,0,0,0,0,0,5,1577,34.0,107.0,0.0,20.0,0.0,0.0,0.0,1.0,0.0,2.0,0.0,1.0,1.0,13.0,0.0,3.0,1.365173101425171,12.60938572883606,1715.4503173828125,5490.199462890625,0.0,0.0,0.0,0.0,2.697633981704712,9.453184604644775,4,1543,2.0,20.0,0.0,0.0,1.0,1.0,3.0,1.0,2.724489688873291,1070.706298828125,0.0,0.0,1.2468996047973633,5,1761,30.0,0.0,0.0,1.0,0.0,0.0,3.0,0.0,0.43805503845214844,1220.381591796875,0.0,0.0,3.252514123916626,4,1538,34.0,0.0,0.0,0.0,0.0,0.0,2.0,1.0,2.0059914588928223,731.5125732421875,0.0,0.0,0.0,3,1152,7.0,0.0,0.0,0.0,1.0,0.0,4.0,1.0,6.075676441192627,752.148681640625,0.0,0.0,2.256136894226074,5,1542,31.0,96.0,0.0,27.999998092651367,0.0,0.0,0.0,2.0,0.0,1.0,0.0,5.0,1.0,7.0,0.0,4.0,0.0,9.971567153930664,994.8389892578125,4715.703460693359,0.0,0.0,0.0,0.0,0.6427965760231018,10.290391027927399,4,1753,3.0,27.999998092651367,0.0,0.0,0.0,2.0,1.0,2.0,4.710336685180664,1264.7672119140625,0.0,0.0,2.9394354820251465,5,1772,28.0,0.0,0.0,1.0,1.0,0.0,2.0,0.0,1.8885747194290161,1366.808837890625,0.0,0.0,2.978363037109375,3,1881,27.0,0.0,0.0,1.0,0.0,1.0,2.0,1.0,1.8333333730697632,800.8041381835938,0.0,0.0,0.0,3,1231,7.0,0.0,0.0,0.0,0.0,2.0,1.0,1.0,1.5393223762512207,288.4842834472656,0.0,0.0,3.7297959327697754,1,2,1,7571,0,0,0,0,2,1,5,8179,0,0,0,0,8,3716,87.0,272.0,4.0,59.00000762939453,0.0,0.0,1.0,4.0,0.0,3.0,0.0,6.0,3.0,26.0,0.0,5.0,4.10092306137085,35.788071155548096,2881.1171875,11035.309936523438,0.0,0.0,0.0,0.0,5.89622163772583,21.053667306900024,7,3590,3.0,55.00000762939453,0.0,1.0,1.0,3.0,5.0,2.0,9.283989906311035,1724.088134765625,0.0,0.0,2.0917580127716064,8,3963,89.0,0.0,0.0,2.0,0.0,1.0,6.0,1.0,5.779969692230225,3172.2333984375,0.0,0.0,8.166985511779785,6,3077,79.0,0.0,0.0,0.0,1.0,1.0,4.0,1.0,4.879513263702393,2025.14453125,0.0,0.0,0.0,5,2124,14.0,0.0,0.0,0.0,1.0,1.0,8.0,1.0,11.743675231933594,1232.7266845703125,0.0,0.0,4.898702144622803,8,3180,81.0,261.0,0.0,64.00001525878906,0.0,0.0,0.0,3.0,0.0,4.0,0.0,7.0,3.0,15.0,0.0,11.0,4.811180591583252,32.673909187316895,2057.945068359375,8744.569458007812,0.0,125.95429992675781,0.0,0.0,1.5385217666625977,15.871180534362793,7,3585,6.0,64.00001525878906,0.0,1.0,2.0,2.0,2.0,4.0,9.9103364944458,1935.3421630859375,0.0,0.0,4.756332874298096,8,3420,80.0,0.0,0.0,1.0,1.0,0.0,5.0,1.0,5.402431964874268,2037.6893310546875,0.0,0.0,4.54351806640625,6,3457,72.0,0.0,0.0,1.0,1.0,2.0,3.0,3.0,8.093971252441406,2083.23583984375,125.95429992675781,0.0,0.0,6,2311,22.0,0.0,0.0,0.0,0.0,3.0,2.0,3.0,4.455988883972168,630.3570556640625,0.0,0.0,5.03280782699585,4,3,6,16470,0,0,0,0,3,4,7,15953,0,1,0,0,11,6065,145.0,456.0,4.0,90.00001525878906,0.0,12.0,1.0,6.0,0.0,3.0,0.0,10.0,4.0,48.0,0.0,11.0,7.358595371246338,73.97044229507446,4381.99169921875,17415.6533203125,77.67356872558594,814.8363418579102,0.0,0.0,8.957924842834473,32.15814161300659,9,5501,8.0,80.00001525878906,12.0,2.0,1.0,4.0,7.0,6.0,22.935182571411133,3377.505859375,0.0,0.0,4.781884670257568,11,6085,148.0,4.0,0.0,2.0,0.0,1.0,7.0,2.0,10.571133613586426,4068.56640625,0.0,0.0,9.869245529174805,9,5372,136.0,2.0,0.0,1.0,1.0,2.0,7.0,2.0,8.093646049499512,3792.754638671875,644.5956420898438,0.0,0.0,7,3288,19.0,0.0,0.0,0.0,1.0,3.0,23.0,1.0,25.011884689331055,1794.834716796875,92.56713104248047,0.0,8.549086570739746,11,4829,134.0,436.0,0.0,92.0000228881836,0.0,0.0,0.0,3.0,0.0,6.0,0.0,7.0,5.0,32.0,0.0,23.0,6.509427070617676,79.48526382446289,3377.64013671875,13734.3779296875,0.0,125.95429992675781,0.0,0.0,2.3286328315734863,22.901594638824463,9,4903,9.0,88.0000228881836,0.0,1.0,3.0,2.0,4.0,7.0,23.021406173706055,2624.798828125,0.0,0.0,5.7443132400512695,11,5399,146.0,0.0,0.0,1.0,1.0,0.0,12.0,6.0,25.16324806213379,2932.609375,0.0,0.0,4.54351806640625,8,5016,119.0,4.0,0.0,1.0,1.0,2.0,6.0,6.0,12.664721488952637,3533.32373046875,125.95429992675781,0.0,0.0,8,3251,28.0,0.0,0.0,0.0,1.0,3.0,5.0,4.0,12.126461029052734,1266.005859375,0.0,0.0,10.285130500793457,6,3,10,26311,0,0,0,0,3,6,7,23398,0,2,0,0,18,15269,305.0,997.0,18.0,243.00002670288086,4.0,29.50000023841858,3.0,20.0,1.0,9.0,4.0,45.0,15.0,148.0,10.0,61.0,44.158729553222656,321.08587646484375,15830.7451171875,83164.4169921875,984.25,19714.949584960938,0.0,0.0,21.704788208007812,85.03374946117401,16,12928,25.0,167.00003051757812,18.0,2.0,3.0,13.0,20.0,19.0,65.82586669921875,11185.8642578125,5886.96923828125,0.0,13.824243545532227,17,15771,301.0,29.999998092651367,4.0,3.0,2.0,9.0,21.0,10.0,53.829750061035156,17496.134765625,6153.25537109375,0.0,28.64599609375,17,19703,335.0,27.999998092651367,3.500000238418579,12.0,2.0,3.0,15.0,12.0,45.125877380371094,31338.1796875,5989.1083984375,0.0,1.9545525312423706,15,9331,31.0,0.0,0.0,0.0,1.0,16.0,77.0,10.0,112.1456527709961,7313.4931640625,701.3665771484375,0.0,18.9041690826416,18,18705,355.0,1042.0,61.75000762939453,236.50005722045898,3.500000238418579,18.50000023841858,4.0,9.0,1.0,20.0,2.0,21.0,13.0,113.0,12.0,60.0,45.880775451660156,268.32481384277344,26756.32421875,69106.47875976562,8873.6083984375,16103.064697265625,0.0,0.0,9.511385917663574,58.2053644657135,14,9669,21.0,125.40005493164062,5.0,1.0,6.0,5.0,9.0,12.0,41.746246337890625,4923.37255859375,0.0,0.0,10.800806999206543,18,14311,323.0,19.349998474121094,4.0,1.0,3.0,4.0,20.0,11.0,48.28245162963867,15950.65625,2191.374755859375,0.0,16.484464645385742,15,14917,301.0,29.999996185302734,6.0,3.0,4.0,3.0,14.0,13.0,44.262332916259766,18623.869140625,5038.08154296875,0.0,2.998253107070923,13,7863,42.0,0.0,0.0,0.0,6.0,7.0,57.0,12.0,88.15300750732422,2852.256591796875,0.0,0.0,18.41045379638672,20,9,45,73002,1,3,2,9,9,20,21,65465,0,3,0,5
104366947889790212,108166997301178190,PCS Summer 2022,pcs_summer_2022,2022-06-23,2022-09-10,ESPORTSTMNT03:2830070,108166997302423390,1,Regular Season,regular_season,Regular Season,2022-07-02,1846,12.11.449.7705,100,3,100,107700199633958891,107700211633200412,CTBC Flying Oyster,Meta Falcon Team,100,CFO Rest,Gnar,CFO Gemini,Viego,CFO Mission,Galio,CFO Atlen,Kalista,CFO Koala,Renata,MFT Taco,Kayle,MFT Renhao,LeeSin,MFT Wen,Viktor,MFT Whale,Aphelios,MFT 1SSUE,TahmKench,100,3,100,100,2,0,1,100,2,1,100,5,1626,37.0,105.0,0.0,31.999998092651367,0.0,0.0,0.0,1.0,0.0,1.0,0.0,3.0,2.0,8.0,0.0,0.0,1.5067064762115479,5.14338144659996,1021.7276000976562,4122.379989624023,0.0,372.4136199951172,0.0,0.0,1.7158783674240112,10.805902898311615,4,1742,0.0,31.999998092651367,0.0,0.0,0.0,1.0,2.0,0.0,0.3333333432674408,118.58183288574219,0.0,0.0,0.7408145666122437,4,1609,33.0,0.0,0.0,0.0,0.0,1.0,3.0,0.0,1.509918451309204,290.22119140625,0.0,0.0,2.401580810546875,4,2081,35.0,0.0,0.0,1.0,0.0,0.0,0.0,0.0,0.0,1202.655517578125,280.954833984375,0.0,0.9832870364189148,3,1252,0.0,0.0,0.0,0.0,1.0,1.0,1.0,0.0,1.7934231758117676,1489.19384765625,91.45878601074219,0.0,4.96434211730957,5,1577,34.0,106.0,0.0,27.999998092651367,0.0,0.0,0.0,1.0,0.0,1.0,0.0,2.0,1.0,7.0,0.0,1.0,1.530517339706421,9.049944639205933,756.2765502929688,2864.028533935547,0.0,0.0,0.0,0.0,0.0,2.6663825511932373,4,1565,0.0,27.999998092651367,0.0,0.0,0.0,0.0,2.0,0.0,1.8184577226638794,0.0,0.0,0.0,0.0,5,1981,41.0,0.0,0.0,1.0,0.0,0.0,1.0,0.0,1.5083584785461426,1043.843994140625,0.0,0.0,0.0,4,1466,26.0,0.0,0.0,0.0,1.0,1.0,1.0,1.0,2.2016701698303223,626.5051879882812,0.0,0.0,0.0,3,1154,5.0,0.0,0.0,0.0,0.0,1.0,2.0,0.0,1.9909409284591675,437.4028015136719,0.0,0.0,2.6663825511932373,1,1,3,8310,0,0,0,0,1,1,2,7743,0,0,0,0,8,4092,95.0,271.0,0.0,71.60001373291016,0.0,4.0,1.0,3.0,0.0,1.0,0.0,6.0,3.0,17.0,0.0,3.0,4.542117118835449,29.35657024383545,3341.70751953125,10569.743896484375,1100.83251953125,2430.357437133789,0.0,0.0,6.820855617523193,24.788517117500305,7,3417,9.0,71.60001373291016,4.0,0.0,0.0,1.0,3.0,3.0,12.059492111206055,185.6282958984375,0.0,0.0,0.7408145666122437,8,3250,77.0,0.0,0.0,0.0,0.0,3.0,5.0,0.0,4.81231164932251,1201.3668212890625,0.0,0.0,4.42645263671875,7,4305,90.0,0.0,0.0,2.0,0.0,0.0,3.0,0.0,5.149226188659668,3348.701171875,1079.153076171875,0.0,2.0145256519317627,6,2368,0.0,0.0,0.0,0.0,1.0,2.0,3.0,0.0,2.7934231758117676,2492.340087890625,250.37184143066406,0.0,10.785868644714355,8,3047,74.0,259.0,0.0,53.999996185302734,0.0,0.0,0.0,1.0,1.0,3.0,0.0,2.0,3.0,18.0,0.0,3.0,2.9906468391418457,27.957175254821777,2102.347900390625,8437.660247802734,0.0,688.2452697753906,0.0,0.0,2.130897045135498,12.203752517700195,6,2843,4.0,51.999996185302734,0.0,0.0,0.0,0.0,5.0,0.0,6.990756034851074,68.76791381835938,0.0,0.0,0.0,8,3867,92.0,2.0,0.0,1.0,0.0,0.0,4.0,1.0,5.8426384925842285,2873.320556640625,299.2235107421875,0.0,0.15011835098266602,6,3023,73.0,0.0,0.0,0.0,2.0,1.0,3.0,1.0,5.428782939910889,2096.0595703125,389.0217590332031,0.0,4.7530412673950195,6,2154,16.0,0.0,0.0,0.0,0.0,1.0,3.0,1.0,6.70435094833374,1297.164306640625,0.0,0.0,5.169695854187012,3,1,6,17432,0,1,0,0,1,3,2,14934,0,0,0,0,11,6363,143.0,418.0,2.0,106.0000228881836,0.0,12.0,1.0,5.0,0.0,3.0,1.0,8.0,4.0,30.0,0.0,8.0,6.2424092292785645,70.71450853347778,4796.3447265625,17519.473999023438,2369.904296875,8636.097351074219,0.0,0.0,9.64085578918457,37.20915961265564,10,5696,14.0,92.0000228881836,12.0,2.0,0.0,1.0,4.0,5.0,19.62823486328125,2214.2109375,1153.8038330078125,0.0,2.878380298614502,11,5943,126.0,8.0,0.0,0.0,0.0,3.0,7.0,0.0,14.085612297058105,1258.2144775390625,1996.7213134765625,0.0,5.66021728515625,9,6220,131.0,4.0,0.0,2.0,1.0,0.0,5.0,0.0,6.855193138122559,5565.5380859375,2323.19287109375,0.0,2.3287441730499268,7,3956,4.0,0.0,0.0,0.0,2.0,3.0,10.0,3.0,23.903059005737305,3685.165771484375,792.4750366210938,0.0,16.70096206665039,10,4820,125.0,396.0,3.0,79.0,0.0,0.0,0.0,3.0,2.0,5.0,0.0,7.0,5.0,39.0,0.0,6.0,6.347249984741211,55.06453895568848,3301.293212890625,17333.046752929688,72.05663299560547,880.8355941772461,0.0,0.0,3.5501444339752197,23.034900426864624,8,4490,12.0,66.0,0.0,1.0,0.0,1.0,7.0,2.0,11.218916893005371,1694.8343505859375,0.0,0.0,1.7831324338912964,11,6048,139.0,6.0,0.0,2.0,0.0,0.0,8.0,1.0,8.34054183959961,4869.78076171875,299.2235107421875,0.0,0.28190338611602783,8,4610,100.0,4.0,0.0,0.0,3.0,3.0,7.0,2.0,11.403409004211426,4745.15087890625,509.5554504394531,0.0,7.748718738555908,7,3212,20.0,0.0,0.0,0.0,0.0,3.0,12.0,1.0,17.75442123413086,2721.987548828125,0.0,0.0,9.671001434326172,5,3,8,28178,0,2,0,2,3,5,7,23180,0,0,0,0,18,14832,292.0,861.0,22.0,275.74996185302734,20.0,79.0,2.0,12.0,1.0,8.0,7.0,31.0,10.0,78.0,4.0,43.0,31.7928524017334,234.94964408874512,21502.22265625,59826.0361328125,6855.63525390625,20745.551879882812,0.0,0.0,34.151851654052734,98.07946395874023,15,11411,36.0,167.9999542236328,41.5,3.0,0.0,2.0,10.0,18.0,58.76777267456055,6399.7236328125,1532.93505859375,0.0,10.030671119689941,17,14676,258.0,33.5,5.5,3.0,0.0,7.0,9.0,6.0,32.640869140625,12760.2001953125,6924.42138671875,0.0,15.995993614196777,15,15510,257.0,52.00000762939453,12.0,4.0,2.0,5.0,10.0,5.0,30.95822525024414,12594.294921875,4303.0654296875,0.0,9.531438827514648,13,8044,18.0,0.25,0.0,0.0,5.0,10.0,39.0,10.0,80.78992462158203,6569.5947265625,1129.4947509765625,0.0,28.369508743286133,16,12366,281.0,866.0,7.0,108.25,0.0,4.0,1.0,8.0,4.0,12.0,0.0,15.0,10.0,102.0,2.0,30.0,16.749839782714844,171.6820774078369,13241.0,65235.84716796875,72.05663299560547,3757.723503112793,0.0,0.0,6.2366719245910645,66.81145906448364,13,7778,31.0,77.0,4.0,1.0,1.0,5.0,19.0,9.0,35.516815185546875,6700.66748046875,1204.798583984375,0.0,9.800192832946777,16,14241,284.0,16.25,0.0,6.0,1.0,0.0,18.0,4.0,22.947025299072266,22218.44140625,299.2235107421875,0.0,17.974023818969727,14,10789,239.0,8.0,0.0,0.0,4.0,6.0,12.0,11.0,31.612417221069336,17396.423828125,2181.644775390625,0.0,12.49256420135498,13,6090,31.0,0.0,0.0,0.0,2.0,4.0,43.0,4.0,64.8559799194336,5679.314453125,0.0,0.0,20.308006286621094,12,8,31,64473,3,5,1,11,8,12,15,51264,0,0,0,1
104366947889790212,108166997301178190,PCS Summer 2022,pcs_summer_2022,2022-06-23,2022-09-10,ESPORTSTMNT03:2830040,108166997302488944,1,Regular Season,regular_season,Regular Season,2022-07-02,1605,12.11.449.7705,200,3,100,107700204561086446,104367068120825486,Deep Cross Gaming,PSG Talon,200,DCG Leaky,Sejuani,DCG Hana,Trundle,DCG Nestea,Sylas,DCG Cryscata,Kalista,DCG Woody,Renata,PSG Hanabi,Gnar,PSG Burry,Viego,PSG Gori,Azir,PSG Unified,Aphelios,PSG Kaiwing,Nautilus,200,2,200,100,2,0,0,0,0,0,0,5,1465,28.0,112.0,0.0,27.999998092651367,0.0,0.0,0.0,0.0,0.0,0.0,0.0,0.0,1.0,4.0,0.0,2.0,1.4945398569107056,9.220947980880737,1033.2196044921875,2136.234130859375,0.0,0.0,0.0,0.0,2.3670995235443115,5.47503274679184,4,1585,2.0,27.999998092651367,0.0,0.0,0.0,0.0,0.0,2.0,2.9166665077209473,0.0,0.0,0.0,0.7800276279449463,5,1521,32.0,0.0,0.0,0.0,0.0,0.0,1.0,0.0,1.5043461322784424,603.569091796875,0.0,0.0,1.320669412612915,4,1731,43.0,0.0,0.0,0.0,0.0,0.0,1.0,0.0,1.4728269577026367,273.2967834472656,0.0,0.0,0.3507540225982666,4,1153,7.0,0.0,0.0,0.0,0.0,0.0,1.0,0.0,1.8325685262680054,226.14865112304688,0.0,0.0,0.6564821600914001,5,1472,31.0,110.0,0.0,31.999998092651367,0.0,0.0,0.0,0.0,0.0,0.0,0.0,0.0,1.0,8.0,0.0,0.0,0.0,4.342615962028503,1502.2900390625,3322.695327758789,0.0,0.0,0.0,0.0,1.795822262763977,4.836745619773865,4,1650,0.0,31.999998092651367,0.0,0.0,0.0,0.0,2.0,0.0,0.6041702032089233,0.0,0.0,0.0,0.0,5,1669,38.0,0.0,0.0,0.0,0.0,0.0,1.0,0.0,0.8214091062545776,1083.7900390625,0.0,0.0,1.0689618587493896,4,1605,35.0,0.0,0.0,0.0,0.0,0.0,2.0,0.0,1.5013107061386108,679.3075561523438,0.0,0.0,0.0,4,1118,6.0,0.0,0.0,0.0,0.0,0.0,2.0,0.0,1.4157259464263916,57.30769348144531,0.0,0.0,1.971961498260498,0,0,0,7455,0,0,0,0,0,0,0,7514,0,0,0,0,8,3547,76.0,276.0,4.0,64.00000762939453,0.0,0.0,0.0,1.0,0.0,1.0,1.0,1.0,3.0,12.0,0.0,6.0,5.097639560699463,27.373287439346313,2616.5927734375,5131.190994262695,933.6515502929688,933.6515502929688,0.0,0.0,6.125608444213867,14.238943219184875,7,3514,8.0,60.00000762939453,0.0,1.0,1.0,0.0,0.0,3.0,6.024999618530273,193.27113342285156,0.0,0.0,1.2296949625015259,8,3048,79.0,0.0,0.0,0.0,0.0,0.0,4.0,0.0,4.692235946655273,729.4732666015625,0.0,0.0,1.320669412612915,7,3392,97.0,0.0,0.0,0.0,0.0,0.0,3.0,2.0,7.6258440017700195,717.4007568359375,0.0,0.0,1.358597993850708,6,2040,16.0,0.0,0.0,0.0,0.0,0.0,2.0,1.0,3.932568311691284,874.4530639648438,0.0,0.0,4.204372406005859,8,3372,81.0,283.0,0.0,76.00001525878906,0.0,0.0,1.0,1.0,1.0,1.0,0.0,0.0,3.0,20.0,0.0,2.0,3.5210866928100586,27.451561450958252,3707.39013671875,8417.516860961914,0.0,1155.6022338867188,0.0,0.0,5.109941482543945,10.393115758895874,7,3281,3.0,72.00001525878906,0.0,0.0,0.0,0.0,4.0,2.0,10.43033504486084,0.0,0.0,0.0,0.0,9,3771,98.0,0.0,0.0,0.0,0.0,0.0,4.0,0.0,3.2148990631103516,3722.40478515625,218.32754516601562,0.0,3.3112127780914307,6,3337,86.0,0.0,0.0,0.0,0.0,0.0,4.0,0.0,5.420077323913574,930.4142456054688,669.3268432617188,0.0,0.0,6,2221,15.0,4.0,0.0,0.0,0.0,0.0,5.0,0.0,4.865163326263428,57.30769348144531,267.9478454589844,0.0,1.971961498260498,1,1,1,15541,0,0,0,0,1,1,0,15982,0,1,0,0,11,5817,139.0,448.0,4.0,92.4000153541565,0.0,4.0,0.0,2.0,0.0,5.0,1.0,4.0,6.0,28.0,2.0,14.0,11.460251808166504,59.49108695983887,3094.467041015625,11456.040283203125,2137.70068359375,2137.70068359375,0.0,0.0,6.225427150726318,22.117475867271423,9,5145,22.0,80.00001525878906,4.0,1.0,2.0,1.0,2.0,4.0,9.983332633972168,2845.861572265625,0.0,0.0,5.665622234344482,10,4802,115.0,4.0,0.0,0.0,1.0,1.0,6.0,0.0,6.391572952270508,1617.3701171875,0.0,0.0,2.396169900894165,9,5287,143.0,4.400000095367432,0.0,0.0,1.0,1.0,5.0,4.0,15.217546463012695,2521.566650390625,0.0,0.0,1.5748215913772583,7,3519,29.0,0.0,0.0,1.0,1.0,0.0,9.0,4.0,16.438383102416992,1376.77490234375,0.0,0.0,6.255434989929199,11,5236,139.0,468.0,0.0,115.60002899169922,0.0,7.600000381469727,1.0,5.0,1.0,2.0,0.0,11.0,6.0,38.0,1.0,8.0,9.456087112426758,60.952977657318115,4861.3515625,21365.825317382812,0.0,4829.206268310547,0.0,0.0,7.9871625900268555,27.20358645915985,9,5043,4.0,107.60002899169922,7.600000381469727,0.0,0.0,3.0,5.0,3.0,13.466717720031738,1941.6063232421875,0.0,0.0,0.6879976987838745,11,6897,151.0,4.0,0.0,2.0,0.0,2.0,6.0,1.0,6.72357702255249,9931.251953125,1746.1822509765625,0.0,9.65743350982666,10,6549,148.0,0.0,0.0,2.0,0.0,2.0,7.0,1.0,9.303528785705566,3567.16162109375,2815.076171875,0.0,0.0,8,3609,26.0,4.0,0.0,0.0,1.0,4.0,14.0,2.0,22.003067016601562,1064.453857421875,267.9478454589844,0.0,8.870992660522461,2,5,4,24570,0,0,0,0,5,2,11,27334,0,2,0,1,14,9929,213.0,700.0,8.0,152.40001106262207,0.0,4.0,0.0,5.0,3.0,17.0,4.0,13.0,8.0,62.0,9.0,38.0,31.71147918701172,173.20538902282715,8869.9912109375,38354.4306640625,6486.44921875,6800.335662841797,0.0,0.0,18.861486434936523,76.23861837387085,12,8284,30.0,120.00001525878906,4.0,1.0,5.0,3.0,6.0,10.0,33.06074142456055,4854.462890625,313.8864440917969,0.0,18.561349868774414,13,8190,185.0,8.0,0.0,0.0,3.0,2.0,8.0,0.0,21.652742385864258,8819.955078125,0.0,0.0,21.187532424926758,12,11000,236.0,16.399995803833008,0.0,3.0,3.0,1.0,10.0,12.0,35.803462982177734,11434.125,0.0,0.0,6.216464519500732,10,5895,36.0,0.0,0.0,1.0,3.0,3.0,30.0,7.0,50.97696304321289,4375.896484375,0.0,0.0,11.411785125732422,16,10723,208.0,740.0,8.0,187.600004196167,1.5,18.600000381469727,3.0,17.0,2.0,5.0,4.0,45.0,10.0,82.0,4.0,32.0,19.771818161010742,182.03782272338867,13781.2958984375,72152.66430664062,5199.72998046875,23577.274169921875,0.0,0.0,21.851757049560547,75.90718722343445,14,9153,14.0,137.60000610351562,11.100000381469727,0.0,0.0,13.0,10.0,8.0,35.99348449707031,6602.5712890625,2428.19970703125,0.0,5.029666900634766,16,14797,250.0,20.0,4.0,9.0,1.0,6.0,11.0,7.0,27.00391387939453,31528.81640625,4236.88671875,0.0,20.396007537841797,14,12706,232.0,17.999998092651367,2.0,5.0,0.0,8.0,13.0,6.0,26.12689781188965,16561.875,10608.19140625,0.0,2.728245496749878,12,7156,36.0,4.0,0.0,0.0,2.0,14.0,38.0,7.0,73.14170837402344,3678.105712890625,1104.266357421875,0.0,25.90151023864746,5,17,13,43298,0,1,0,3,17,5,45,54535,2,3,1,8
104366947889790212,108166997301178190,PCS Summer 2022,pcs_summer_2022,2022-06-23,2022-09-10,ESPORTSTMNT03:2830022,108166997302488962,1,Regular Season,regular_season,Regular Season,2022-07-02,1427,12.11.449.7705,200,3,200,108517492697602721,99566406490127625,Dewish Team,J Team,200,DWT Lacunae,Gragas,DWT WSL,Viego,DWT xiaotu,Corki,DWT BangTwo,Ezreal,DWT EnHoa,Nautilus,JT Rock,Gangplank,JT Kongyue,LeeSin,JT Uniboy,Ahri,JT Lilv,Kalista,JT Enso,Renata,100,5,200,200,0,2,0,0,0,0,0,5,1517,29.0,97.0,0.0,27.999998092651367,0.0,0.0,0.0,0.0,0.0,2.0,0.0,0.0,2.0,8.0,0.0,0.0,1.5279487371444702,3.7536121606826782,1035.56396484375,3640.4029846191406,0.0,0.0,0.0,0.0,4.0792059898376465,16.021575212478638,4,1578,0.0,27.999998092651367,0.0,0.0,1.0,0.0,0.0,0.0,0.0,625.649658203125,0.0,0.0,3.2234418392181396,5,1592,34.0,0.0,0.0,0.0,0.0,0.0,2.0,0.0,1.52463960647583,497.3609313964844,0.0,0.0,0.0,4,1540,30.0,0.0,0.0,0.0,0.0,0.0,2.0,0.0,0.36769047379493713,931.2415161132812,0.0,0.0,0.0,3,1048,4.0,0.0,0.0,0.0,1.0,0.0,2.0,0.0,0.3333333432674408,550.5869140625,0.0,0.0,8.718927383422852,5,1639,38.0,100.0,0.0,36.00000762939453,0.0,0.0,0.0,2.0,0.0,0.0,0.0,2.0,2.0,8.0,0.0,1.0,1.4576401710510254,9.284761309623718,1606.2508544921875,5632.4381103515625,0.0,729.07421875,0.0,0.0,0.6865584850311279,8.501307725906372,4,1727,0.0,36.00000762939453,0.0,0.0,0.0,0.0,1.0,0.0,2.5479674339294434,0.0,0.0,0.0,0.0,5,1626,37.0,0.0,0.0,0.0,0.0,0.0,1.0,0.0,1.5102355480194092,439.1282958984375,0.0,0.0,0.0,3,2319,24.0,0.0,0.0,2.0,0.0,0.0,2.0,0.0,1.3689182996749878,2588.224365234375,558.4767456054688,0.0,2.964601516723633,3,1565,1.0,0.0,0.0,0.0,0.0,2.0,2.0,1.0,2.3999998569488525,998.8345947265625,170.59747314453125,0.0,4.850147724151611,0,2,0,7275,0,0,0,0,2,0,2,8876,0,0,0,0,8,3092,76.0,257.0,0.0,60.00000762939453,0.0,0.0,0.0,0.0,0.0,5.0,0.0,0.0,3.0,18.0,0.0,3.0,4.6587934494018555,24.16203498840332,2192.133544921875,7263.359802246094,0.0,0.0,0.0,0.0,6.748815536499023,24.96571636199951,7,2999,3.0,60.00000762939453,0.0,0.0,1.0,0.0,3.0,0.0,4.454843044281006,1060.66259765625,0.0,0.0,5.470573425292969,8,3382,93.0,0.0,0.0,0.0,0.0,0.0,5.0,0.0,4.5798020362854,1289.754150390625,0.0,0.0,0.0,6,3086,74.0,0.0,0.0,0.0,1.0,0.0,4.0,0.0,4.514288902282715,1747.6566162109375,0.0,0.0,0.0,5,1916,11.0,0.0,0.0,0.0,3.0,0.0,3.0,3.0,5.954307556152344,973.1528930664062,0.0,0.0,12.74632740020752,8,3486,86.0,262.0,0.0,72.00001525878906,0.0,8.0,0.0,5.0,0.0,0.0,2.0,7.0,3.0,20.0,0.0,4.0,4.502922058105469,30.450003147125244,3656.6923828125,11642.740356445312,0.0,2634.5691833496094,0.0,0.0,2.4636316299438477,16.499217748641968,7,3160,0.0,64.00001525878906,8.0,0.0,0.0,1.0,5.0,0.0,8.444457054138184,614.5534057617188,0.0,0.0,0.7715747356414795,8,3476,93.0,0.0,0.0,0.0,0.0,0.0,4.0,1.0,4.591318607330322,927.1422729492188,439.560791015625,0.0,0.0,7,5375,80.0,8.0,0.0,5.0,0.0,0.0,4.0,1.0,6.846365928649902,5035.65478515625,1748.9083251953125,0.0,5.185991287231445,6,2785,3.0,0.0,0.0,0.0,0.0,4.0,4.0,2.0,6.064939498901367,1408.697509765625,446.1000671386719,0.0,8.078020095825195,0,5,0,14475,0,1,0,0,5,0,7,18282,0,0,0,0,10,4437,103.0,392.0,0.0,77.75001525878906,0.0,0.0,0.0,1.0,0.0,9.0,1.0,1.0,6.0,28.0,0.0,9.0,6.3679728507995605,45.10870838165283,4256.6962890625,12719.376342773438,0.0,0.0,0.0,0.0,10.471720695495605,34.549604415893555,8,4358,12.0,72.00001525878906,0.0,1.0,2.0,0.0,3.0,1.0,8.720246315002441,2264.2138671875,0.0,0.0,7.998162269592285,11,5347,145.0,5.75,0.0,0.0,1.0,0.0,8.0,1.0,10.650181770324707,2195.76904296875,0.0,0.0,0.0,8,4507,111.0,0.0,0.0,0.0,2.0,0.0,6.0,0.0,5.012515544891357,2595.9326171875,0.0,0.0,0.0,6,2921,21.0,0.0,0.0,0.0,4.0,0.0,5.0,7.0,14.357791900634766,1406.7645263671875,0.0,0.0,16.079721450805664,10,5653,125.0,408.0,8.0,104.0000228881836,4.0,17.5,0.0,9.0,1.0,1.0,2.0,14.0,5.0,44.0,0.0,10.0,7.3061017990112305,73.65349006652832,4513.67626953125,20149.669677734375,1067.297607421875,12315.018493652344,0.0,0.0,2.9964447021484375,31.870610237121582,9,5324,2.0,81.5000228881836,9.5,1.0,0.0,3.0,10.0,1.0,12.920645713806152,2658.174560546875,579.7451782226562,0.0,3.2059216499328613,10,5699,141.0,4.0,4.0,1.0,0.0,0.0,4.0,1.0,8.883054733276367,3002.985107421875,439.560791015625,0.0,4.2777180671691895,10,9033,133.0,10.5,0.0,7.0,0.0,1.0,7.0,2.0,11.837850570678711,7528.986328125,8738.3681640625,0.0,10.40990161895752,8,4734,7.0,0.0,0.0,0.0,0.0,8.0,18.0,6.0,32.70583724975586,2445.847412109375,1490.0467529296875,0.0,10.980624198913574,1,9,1,21570,0,1,0,0,9,1,14,30443,0,1,0,4,13,6892,151.0,605.0,8.0,114.7500228881836,0.0,8.0,0.0,2.0,2.0,21.0,1.0,3.0,11.0,62.0,2.0,22.0,24.426040649414062,126.82462120056152,6351.302734375,29949.049072265625,0.0,3864.631103515625,0.0,0.0,13.694474220275879,46.25185477733612,11,6947,32.0,90.0000228881836,8.0,2.0,4.0,0.0,5.0,5.0,24.020782470703125,4228.6416015625,0.0,0.0,9.264310836791992,13,8859,213.0,13.75,0.0,0.0,5.0,1.0,10.0,3.0,17.942508697509766,8851.732421875,3864.631103515625,0.0,1.614709734916687,11,7781,176.0,3.0,0.0,0.0,3.0,0.0,9.0,2.0,17.046335220336914,8432.525390625,0.0,0.0,0.0,10,4770,33.0,0.0,0.0,0.0,7.0,1.0,27.0,10.0,43.388954162597656,2084.846923828125,0.0,0.0,21.678359985351562,14,10091,179.0,594.0,16.0,156.5000228881836,5.5,34.00000047683716,3.0,21.0,1.0,2.0,6.0,41.0,12.0,80.0,1.0,23.0,20.7541561126709,171.49665641784668,8458.6806640625,47906.19921875,4809.24560546875,25106.776916503906,0.0,0.0,5.783945560455322,57.5590386390686,12,8228,13.0,98.0000228881836,12.5,2.0,1.0,5.0,14.0,2.0,22.36163330078125,4703.931640625,863.5549926757812,0.0,5.120460510253906,14,10380,188.0,10.0,6.000000476837158,5.0,0.0,6.0,6.0,4.0,22.489730834960938,14074.568359375,1626.442138671875,0.0,14.64882755279541,14,14503,203.0,32.5,10.0,11.0,0.0,5.0,11.0,7.0,28.833877563476562,16241.3505859375,14987.4599609375,0.0,15.619637489318848,12,7466,11.0,0.0,0.0,0.0,0.0,19.0,37.0,9.0,77.05725860595703,4427.66796875,2820.07421875,0.0,16.386167526245117,2,21,3,35249,0,1,0,1,21,2,41,50668,2,2,1,10
104366947889790212,108166997301178190,PCS Summer 2022,pcs_summer_2022,2022-06-23,2022-09-10,ESPORTSTMNT03:2830004,108166997302488964,1,Regular Season,regular_season,Regular Season,2022-07-02,2197,12.11.449.7705,100,1,100,107760667929003738,106269859169658575,Frank Esports,Impunity Esports,100,FAK YSKM,Jax,FAK Holo,Graves,FAK Pretender,Corki,FAK MnM,TahmKench,FAK Keres,Senna,IMP ICU,Gwen,IMP Alex,Trundle,IMP Apex,Azir,IMP Lz,Kalista,IMP Winnie ,Nautilus,200,4,200,100,1,1,1,200,3,0,0,4,1727,24.0,93.0,0.0,28.94999885559082,0.0,1.5,1.0,1.0,0.0,0.0,0.0,1.0,1.0,7.0,0.0,1.0,1.4592061042785645,9.080745935440063,1517.23046875,4026.927734375,0.0,60.22370147705078,0.0,0.0,3.7645263671875,8.002232909202576,4,1813,0.0,27.19999885559082,1.5,0.0,0.0,1.0,1.0,0.0,2.036405563354492,339.85455322265625,60.22370147705078,0.0,0.5350799560546875,5,1758,42.0,0.0,0.0,0.0,0.0,0.0,2.0,0.0,1.4378440380096436,1203.0452880859375,0.0,0.0,0.0,3,1339,20.0,0.5,0.0,0.0,0.0,0.0,2.0,0.0,1.3900485038757324,195.3616943359375,0.0,0.0,1.267858624458313,3,1381,7.0,1.25,0.0,0.0,0.0,0.0,1.0,1.0,2.757241725921631,771.4357299804688,0.0,0.0,2.434767961502075,5,1286,22.0,98.0,0.0,26.799999237060547,0.0,2.8000001907348633,0.0,0.0,1.0,1.0,0.0,0.0,2.0,8.0,0.0,0.0,1.473806619644165,5.725233614444733,859.4220581054688,2830.741798400879,0.0,0.0,0.0,0.0,0.0,6.563223421573639,4,1509,1.0,26.799999237060547,2.8000001907348633,0.0,0.0,0.0,2.0,0.0,1.8344550132751465,92.6196517944336,0.0,0.0,1.985649824142456,5,1635,36.0,0.0,0.0,0.0,0.0,0.0,2.0,0.0,0.0,1057.140869140625,0.0,0.0,0.5939281582832336,4,1598,35.0,0.0,0.0,0.0,0.0,0.0,1.0,0.0,0.9789896607398987,758.0686645507812,0.0,0.0,1.8194890022277832,3,1083,4.0,0.0,0.0,0.0,0.0,0.0,1.0,0.0,1.4379823207855225,63.49055480957031,0.0,0.0,2.164156436920166,1,0,1,8018,0,0,0,0,0,1,0,7111,0,0,0,0,8,3772,81.0,263.0,0.0,68.95000457763672,0.0,1.5,2.0,2.0,0.0,0.0,0.0,1.0,4.0,21.0,0.0,7.0,4.627044677734375,40.33137512207031,4328.482421875,8476.76870727539,253.8152313232422,393.3129577636719,0.0,0.0,8.419403076171875,16.127232313156128,7,3496,5.0,67.20000457763672,1.5,0.0,0.0,1.0,7.0,4.0,15.764481544494629,741.295166015625,60.22370147705078,0.0,1.3166861534118652,8,3721,100.0,0.0,0.0,0.0,0.0,0.0,4.0,1.0,5.861930847167969,1857.7606201171875,79.2740249633789,0.0,0.0,6,2831,65.0,0.5,0.0,0.0,0.0,0.0,4.0,0.0,6.652373790740967,430.3060607910156,0.0,0.0,1.9174764156341553,6,2410,12.0,1.25,0.0,0.0,0.0,0.0,2.0,2.0,7.425544261932373,1118.9244384765625,0.0,0.0,4.473666667938232,8,2615,62.0,255.0,0.0,66.80000686645508,0.0,2.8000001907348633,0.0,0.0,2.0,2.0,0.0,0.0,3.0,15.0,0.0,6.0,3.648183584213257,25.396588563919067,2314.5654296875,5378.343681335449,0.0,402.7763977050781,0.0,0.0,0.5042209029197693,11.03044480085373,7,2988,4.0,62.80000686645508,2.8000001907348633,0.0,0.0,0.0,4.0,3.0,11.066006660461426,92.6196517944336,0.0,0.0,1.985649824142456,8,3419,88.0,4.0,0.0,0.0,0.0,0.0,3.0,1.0,3.7212326526641846,1514.2850341796875,0.0,0.0,1.2712059020996094,7,3389,89.0,0.0,0.0,0.0,0.0,0.0,2.0,2.0,3.5623230934143066,1303.2139892578125,402.7763977050781,0.0,2.881214141845703,5,2147,12.0,0.0,0.0,0.0,0.0,0.0,3.0,0.0,3.3988425731658936,153.65957641601562,0.0,0.0,4.388154029846191,2,0,1,16230,0,0,0,0,0,2,0,14558,0,1,0,0,11,6371,132.0,429.0,0.0,96.20001983642578,0.0,3.0,2.0,2.0,0.0,1.0,0.0,1.0,6.0,39.0,0.0,15.0,6.22179651260376,74.71813869476318,5917.37744140625,13482.544311523438,1770.239013671875,1909.7367401123047,0.0,0.0,9.363783836364746,22.319967031478882,9,5382,21.0,92.45001983642578,3.0,0.0,0.0,1.0,13.0,9.0,32.610923767089844,782.1776733398438,60.22370147705078,0.0,3.3728384971618652,10,5460,149.0,0.0,0.0,0.0,1.0,0.0,6.0,1.0,7.6090216636657715,3260.2490234375,79.2740249633789,0.0,0.0,9,4510,108.0,2.5,0.0,0.0,0.0,0.0,7.0,1.0,11.789267539978027,998.6740112304688,0.0,0.0,2.8485515117645264,7,3741,19.0,1.25,0.0,0.0,0.0,0.0,7.0,4.0,16.48712921142578,2524.066162109375,0.0,0.0,6.734793186187744,11,4134,102.0,430.0,0.75,103.55001068115234,0.0,2.8000001907348633,0.0,1.0,2.0,2.0,0.0,1.0,4.0,31.0,0.0,13.0,5.187387943267822,47.76820611953735,3989.09521484375,10629.523864746094,0.0,479.22784423828125,0.0,0.0,1.5236761569976807,17.996174335479736,9,4797,9.0,94.80001068115234,2.8000001907348633,1.0,0.0,0.0,5.0,7.0,16.63086700439453,410.4481201171875,0.0,0.0,2.8111660480499268,11,5652,147.0,8.0,0.0,0.0,0.0,1.0,5.0,3.0,9.468504905700684,3962.990234375,0.0,0.0,3.256704092025757,9,5417,152.0,0.0,0.0,0.0,0.0,0.0,5.0,2.0,7.460881233215332,1885.720458984375,479.22784423828125,0.0,3.6287105083465576,7,3197,20.0,0.0,0.0,0.0,0.0,0.0,12.0,1.0,9.020565032958984,381.26983642578125,0.0,0.0,6.7759175300598145,2,1,1,25464,0,0,0,1,1,2,1,23197,0,2,0,0,18,19086,324.0,1035.0,35.75,259.94991874694824,5.5,34.0,7.0,13.0,0.0,3.0,3.0,30.0,15.0,156.0,3.0,86.0,37.69194793701172,384.89550399780273,19888.962890625,75075.19873046875,12451.2265625,21464.077392578125,0.0,0.0,15.545649528503418,86.32896828651428,17,14202,92.0,191.19992065429688,20.5,2.0,0.0,7.0,50.0,38.0,130.05264282226562,9571.966796875,3661.54638671875,0.0,31.256860733032227,18,17443,368.0,27.999998092651367,8.0,4.0,1.0,4.0,20.0,2.0,41.58195114135742,31989.267578125,1972.640869140625,0.0,1.6572554111480713,14,10055,174.0,2.5,0.0,0.0,2.0,6.0,14.0,6.0,39.40430450439453,4859.54833984375,624.7646484375,0.0,13.170079231262207,14,10694,77.0,2.5,0.0,0.0,0.0,10.0,57.0,37.0,136.16465759277344,8765.453125,2753.89892578125,0.0,24.69912338256836,17,11532,273.0,995.0,0.75,227.54992294311523,0.0,14.800000190734863,0.0,3.0,5.0,13.0,2.0,8.0,14.0,116.0,7.0,73.0,28.35071563720703,230.6892318725586,13183.7470703125,52193.12646484375,0.0,6979.2042236328125,0.0,0.0,7.040946960449219,92.76923370361328,15,10277,32.0,162.7999267578125,10.800000190734863,1.0,1.0,2.0,15.0,23.0,53.879615783691406,5305.68359375,1604.3370361328125,0.0,29.04981803894043,18,14264,295.0,36.0,4.0,0.0,1.0,2.0,20.0,10.0,33.07617950439453,20178.02734375,4043.194091796875,0.0,9.089999198913574,16,15262,359.0,27.999996185302734,0.0,2.0,2.0,0.0,12.0,21.0,49.85956573486328,10162.8232421875,1331.673095703125,0.0,10.59183406829834,12,7492,36.0,0.0,0.0,0.0,4.0,2.0,55.0,12.0,65.52315521240234,3362.84521484375,0.0,0.0,36.99663543701172,13,3,30,71480,1,1,1,10,3,13,8,58827,0,4,1,3
104366947889790212,108166997301178190,PCS Summer 2022,pcs_summer_2022,2022-06-23,2022-09-10,ESPORTSTMNT03:2789974,108166997302488990,1,Regular Season,regular_season,Regular Season,2022-07-02,1583,12.11.449.7705,100,2,200,106269804045322803,107635420167535818,Beyond Gaming,SEM9,100,BYG Likai,Sejuani,BYG Husha,Viego,BYG Minji,Sylas,BYG Wako,Lucian,BYG Kino,Nami,S9 N0name,Gwen,S9 Arashi,MonkeyKing,S9 Lezar,Ahri,S9 XieDoDo,Draven,S9 Axin,Nautilus,200,3,100,100,2,0,0,0,0,0,0,5,1529,30.0,92.0,0.0,23.599998474121094,0.0,3.6000003814697266,0.0,1.0,0.0,1.0,1.0,3.0,2.0,7.0,0.0,1.0,1.5353477001190186,8.606737911701202,1232.338623046875,3836.4104919433594,0.0,0.0,0.0,0.0,2.0267462730407715,8.238980531692505,4,1793,0.0,23.599998474121094,3.6000003814697266,1.0,0.0,0.0,1.0,0.0,1.443337321281433,297.7408447265625,0.0,0.0,1.1432759761810303,5,1514,31.0,0.0,0.0,0.0,0.0,0.0,1.0,0.0,0.5031046271324158,645.8881225585938,0.0,0.0,2.1401703357696533,3,1417,24.0,0.0,0.0,0.0,0.0,1.0,2.0,0.0,1.5393173694610596,1237.9881591796875,0.0,0.0,0.12235331535339355,3,1164,7.0,0.0,0.0,0.0,1.0,1.0,1.0,1.0,3.5856308937072754,422.4547424316406,0.0,0.0,2.8064346313476562,5,1668,40.0,95.0,0.0,16.399999618530273,0.0,0.0,0.0,1.0,0.0,1.0,0.0,2.0,1.0,7.0,0.0,1.0,1.4498401880264282,7.5559095442295074,959.3090209960938,4068.6995544433594,0.0,0.0,0.0,0.0,0.0,9.926399230957031,3,1602,1.0,12.399999618530273,0.0,1.0,0.0,0.0,2.0,1.0,2.971306085586548,361.8205871582031,0.0,0.0,0.0,4,1381,23.0,0.0,0.0,0.0,0.0,0.0,2.0,0.0,1.849618673324585,1325.698974609375,0.0,0.0,2.7442474365234375,3,1634,26.0,4.0,0.0,0.0,1.0,1.0,2.0,0.0,0.4518112242221832,806.1106567382812,0.0,0.0,0.0,3,1161,5.0,0.0,0.0,0.0,0.0,1.0,0.0,0.0,0.8333333730697632,615.7603149414062,0.0,0.0,7.182151794433594,1,1,3,7417,0,0,0,0,1,1,2,7446,0,0,0,0,8,3583,82.0,267.0,0.0,59.600006103515625,0.0,7.600000858306885,0.0,4.0,0.0,1.0,3.0,7.0,4.0,23.0,0.0,8.0,4.5461344718933105,34.652613162994385,3669.924560546875,9731.822387695312,760.323974609375,760.323974609375,0.0,0.0,6.851242542266846,20.19912414252758,8,4320,5.0,55.600006103515625,7.600000858306885,4.0,0.0,0.0,5.0,1.0,8.447742462158203,1612.36669921875,0.0,0.0,4.063904285430908,8,3400,91.0,4.0,0.0,0.0,0.0,0.0,3.0,1.0,3.374997615814209,1224.065185546875,0.0,0.0,3.2304720878601074,6,3061,73.0,0.0,0.0,0.0,0.0,2.0,5.0,3.0,10.714215278625488,2519.1298828125,0.0,0.0,0.24404172599315643,6,2242,16.0,0.0,0.0,0.0,1.0,2.0,6.0,3.0,7.569523334503174,706.3360595703125,0.0,0.0,5.8094635009765625,8,3091,84.0,253.0,0.0,52.40000915527344,0.0,0.0,0.0,1.0,2.0,4.0,0.0,2.0,3.0,19.0,0.0,3.0,3.046795606613159,29.46870493888855,2505.314453125,7078.474395751953,0.0,0.0,0.0,0.0,0.4170212745666504,14.068151235580444,6,3010,2.0,44.40000915527344,0.0,1.0,0.0,0.0,4.0,2.0,8.941545486450195,361.8205871582031,0.0,0.0,0.0,8,2989,71.0,0.0,0.0,0.0,0.0,0.0,6.0,1.0,8.430952072143555,1907.7139892578125,0.0,0.0,2.7442474365234375,7,3374,82.0,8.0,0.0,0.0,1.0,1.0,3.0,0.0,4.757245063781738,1233.2994384765625,0.0,0.0,0.6790344715118408,5,2115,14.0,0.0,0.0,0.0,1.0,1.0,3.0,0.0,4.292166709899902,1070.325927734375,0.0,0.0,10.227848052978516,4,1,7,16606,0,0,0,0,1,4,2,14579,0,1,0,0,11,5044,125.0,409.0,0.0,106.60002136230469,0.0,7.600000858306885,0.0,4.0,1.0,3.0,3.0,7.0,6.0,39.0,0.0,15.0,10.138367652893066,81.72531318664551,6335.84130859375,15843.858154296875,760.323974609375,1316.318618774414,0.0,0.0,10.479619026184082,25.91851882636547,10,6143,8.0,95.60002136230469,7.600000858306885,4.0,0.0,0.0,8.0,2.0,19.96282196044922,1798.4249267578125,0.0,0.0,4.063904285430908,10,5212,132.0,8.0,0.0,0.0,1.0,0.0,4.0,2.0,5.474997520446777,3190.61083984375,0.0,0.0,4.669435501098633,8,4798,118.0,3.0,0.0,0.0,0.0,2.0,7.0,4.0,19.668479919433594,3651.208984375,217.3535614013672,0.0,0.24404172599315643,7,3311,26.0,0.0,0.0,0.0,1.0,2.0,14.0,7.0,26.48064613342285,867.7720947265625,338.6410827636719,0.0,6.461518287658691,11,5150,137.0,415.0,3.5,83.9000244140625,0.0,0.0,1.0,3.0,2.0,4.0,0.0,4.0,4.0,35.0,0.0,14.0,4.723649978637695,64.99300479888916,5076.404296875,13436.718505859375,0.0,443.04408264160156,0.0,0.0,0.8887797594070435,24.522403120994568,9,4842,5.0,72.4000244140625,0.0,2.0,0.0,0.0,6.0,5.0,18.504077911376953,1605.0223388671875,0.0,0.0,1.21099853515625,10,4765,122.0,0.0,0.0,0.0,0.0,1.0,10.0,3.0,14.846000671386719,3724.606689453125,183.45713806152344,0.0,6.9908294677734375,9,5069,128.0,8.0,0.0,0.0,1.0,1.0,4.0,1.0,8.071206092834473,1233.2994384765625,259.5869445800781,0.0,0.6790344715118408,7,3161,23.0,0.0,0.0,0.0,1.0,2.0,11.0,5.0,18.84807014465332,1797.3857421875,0.0,0.0,14.752760887145996,4,3,7,24508,0,1,0,0,3,4,4,22987,0,1,0,0,15,9777,192.0,688.0,3.5,174.09999084472656,0.0,15.600000381469727,1.0,17.0,2.0,7.0,12.0,41.0,13.0,82.0,2.0,37.0,23.303335189819336,193.7046604156494,13711.7919921875,51589.1689453125,4713.4990234375,14979.698974609375,0.0,0.0,21.582693099975586,67.91173088550568,14,11480,31.0,139.59999084472656,15.600000381469727,6.0,1.0,7.0,14.0,9.0,46.53977966308594,7897.20458984375,1921.4140625,0.0,8.856095314025879,15,12678,224.0,20.0,0.0,8.0,1.0,3.0,7.0,7.0,25.103504180908203,16630.544921875,4053.503662109375,0.0,17.802173614501953,14,10340,210.0,11.0,0.0,2.0,1.0,4.0,12.0,10.0,37.91954803466797,10433.1884765625,2728.660400390625,0.0,0.6306725740432739,12,6870,31.0,0.0,0.0,0.0,2.0,15.0,36.0,9.0,60.83849334716797,2916.43896484375,1562.621826171875,0.0,19.040096282958984,15,10081,240.0,699.0,3.5,151.40004539489746,0.0,0.0,3.0,7.0,5.0,17.0,0.0,11.0,5.0,73.0,5.0,33.0,20.731964111328125,185.30639266967773,11928.26171875,38830.714599609375,3351.620849609375,3794.6649322509766,0.0,0.0,3.7527661323547363,56.054574728012085,13,8770,16.0,135.0000457763672,0.0,2.0,2.0,4.0,10.0,11.0,42.78462219238281,7044.61083984375,0.0,0.0,7.691436767578125,14,8829,210.0,0.0,0.0,1.0,3.0,2.0,20.0,6.0,45.323699951171875,11677.443359375,183.45713806152344,0.0,15.076492309570312,12,8453,198.0,12.899999618530273,0.0,0.0,3.0,2.0,7.0,2.0,12.151363372802734,4314.86083984375,259.5869445800781,0.0,1.9629032611846924,10,6190,35.0,0.0,0.0,1.0,4.0,3.0,31.0,9.0,64.31474304199219,3865.537841796875,0.0,0.0,27.57097625732422,17,7,41,51145,1,2,1,8,7,17,11,42323,0,2,0,1
104366947889790212,108166997301178190,PCS Summer 2022,pcs_summer_2022,2022-06-23,2022-09-10,ESPORTSTMNT03:2820572,108166997302423384,1,Regular Season,regular_season,Regular Season,2022-07-03,1785,12.11.449.7705,100,1,200,107700199633958891,107760667929003738,CTBC Flying Oyster,Frank Esports,100,CFO Rest,Gnar,CFO Gemini,LeeSin,CFO Mission,Viktor,CFO Atlen,Senna,CFO Koala,TahmKench,FAK YSKM,Camille,FAK Holo,Viego,FAK Pretender,Corki,FAK MnM,Kalista,FAK Keres,Renata,100,3,100,100,2,0,1,100,6,0,0,5,1640,38.0,108.0,0.0,31.999998092651367,0.0,1.5,0.0,0.0,0.0,0.0,0.0,0.0,1.0,7.0,0.0,0.0,1.4464203119277954,3.938087046146393,1493.1392822265625,4135.532318115234,56.607810974121094,56.607810974121094,0.0,0.0,2.102490186691284,6.150731801986694,4,1650,0.0,31.999998092651367,1.5,0.0,0.0,0.0,2.0,0.0,1.4583333730697632,488.84332275390625,0.0,0.0,0.6997349858283997,5,1672,37.0,0.0,0.0,0.0,0.0,0.0,2.0,0.0,0.0,1531.902587890625,0.0,0.0,0.0,4,1235,1.0,0.0,0.0,0.0,0.0,0.0,2.0,0.0,0.5333333611488342,444.2904052734375,0.0,0.0,2.4083609580993652,4,1486,32.0,0.0,0.0,0.0,0.0,0.0,0.0,0.0,0.5,177.35671997070312,0.0,0.0,0.9401456713676453,5,1493,28.0,91.0,0.0,27.999998092651367,0.0,0.0,0.0,0.0,0.0,0.0,0.0,0.0,0.0,6.0,0.0,0.0,0.0,6.383138656616211,675.8177490234375,2937.774688720703,0.0,185.64302825927734,0.0,0.0,1.8816819190979004,9.082434117794037,4,1519,0.0,27.999998092651367,0.0,0.0,0.0,0.0,2.0,0.0,2.9613661766052246,556.3751831054688,0.0,0.0,0.473114013671875,5,1546,30.0,0.0,0.0,0.0,0.0,0.0,2.0,0.0,1.4599766731262207,475.8490295410156,0.0,0.0,0.0,4,1584,33.0,0.0,0.0,0.0,0.0,0.0,2.0,0.0,1.4617958068847656,318.025634765625,56.87755584716797,0.0,0.6953858733177185,3,1265,0.0,0.0,0.0,0.0,0.0,0.0,0.0,0.0,0.5,911.7070922851562,128.76547241210938,0.0,6.032252311706543,0,0,0,7683,0,0,0,0,0,0,0,7407,0,0,0,0,8,3115,83.0,262.0,0.0,70.00001525878906,0.0,5.500000476837158,0.0,0.0,0.0,0.0,0.0,0.0,3.0,14.0,0.0,3.0,4.652065277099609,24.11211621761322,3846.069580078125,8994.73095703125,56.607810974121094,56.607810974121094,0.0,0.0,5.253106594085693,14.114080607891083,7,3134,3.0,64.00001525878906,5.500000476837158,0.0,0.0,0.0,3.0,2.0,8.021491050720215,488.84332275390625,0.0,0.0,0.6997349858283997,8,3414,93.0,0.0,0.0,0.0,0.0,0.0,4.0,0.0,4.937679290771484,3228.4462890625,0.0,0.0,1.807735562324524,6,2374,7.0,0.5,0.0,0.0,0.0,0.0,3.0,1.0,4.84092378616333,1060.529052734375,0.0,0.0,5.077325344085693,6,3076,76.0,5.5,0.0,0.0,0.0,0.0,1.0,0.0,1.6599568128585815,370.84271240234375,0.0,0.0,1.2761781215667725,8,2884,67.0,233.0,0.0,59.75000762939453,0.0,0.0,0.0,0.0,0.0,0.0,0.0,0.0,3.0,17.0,0.0,3.0,4.0472941398620605,29.055562496185303,2109.60302734375,6905.231506347656,0.0,532.1141052246094,0.0,0.0,4.997352123260498,19.001511812210083,6,2869,4.0,55.75000762939453,0.0,0.0,0.0,0.0,5.0,1.0,8.153352737426758,1097.0477294921875,0.0,0.0,2.6723122596740723,7,2946,71.0,0.0,0.0,0.0,0.0,0.0,4.0,0.0,4.607169151306152,811.4982299804688,0.0,0.0,0.0,7,3355,88.0,4.0,0.0,0.0,0.0,0.0,3.0,0.0,5.291790008544922,1131.427001953125,247.77774047851562,0.0,1.31123948097229,6,2334,3.0,0.0,0.0,0.0,0.0,0.0,2.0,2.0,6.95595645904541,1755.655517578125,284.33636474609375,0.0,10.020607948303223,0,0,0,15113,0,1,0,0,0,0,0,14388,0,0,0,0,11,6291,131.0,406.0,4.0,110.00003051757812,0.0,18.999998092651367,1.0,3.0,0.0,2.0,0.0,9.0,5.0,33.0,1.0,11.0,7.839877605438232,57.9465856552124,5781.60986328125,21150.684936523438,1349.047607421875,2201.029022216797,0.0,0.0,6.7292094230651855,29.37446355819702,9,4768,3.0,88.00003051757812,14.999998092651367,0.0,1.0,3.0,8.0,2.0,15.17902660369873,1496.7696533203125,0.0,0.0,2.7750930786132812,11,6243,147.0,12.0,4.0,1.0,0.0,2.0,6.0,2.0,9.542593002319336,7252.66748046875,545.9651489257812,0.0,4.271672248840332,8,4269,13.0,0.5,0.0,1.0,0.0,2.0,11.0,6.0,20.741146087646484,3669.28369140625,306.0162658691406,0.0,10.181403160095215,8,4653,112.0,5.5,0.0,0.0,1.0,2.0,3.0,0.0,4.643942356109619,2950.354248046875,0.0,0.0,5.417085647583008,10,4328,100.0,367.0,0.0,79.75000762939453,0.0,0.0,0.0,2.0,1.0,3.0,1.0,6.0,5.0,33.0,1.0,8.0,8.799744606018066,67.30210590362549,3998.2568359375,16678.112548828125,0.0,2107.6639709472656,0.0,0.0,9.208645820617676,32.285415172576904,8,4091,6.0,75.75000762939453,0.0,0.0,1.0,1.0,7.0,2.0,19.3822078704834,3421.61376953125,237.66732788085938,0.0,5.525026798248291,10,5368,122.0,0.0,0.0,2.0,0.0,0.0,6.0,1.0,9.287240028381348,3279.30859375,0.0,0.0,0.0,9,5453,134.0,4.0,0.0,0.0,1.0,2.0,5.0,0.0,8.954794883728027,3164.530517578125,1284.8642578125,0.0,3.8419408798217773,6,3486,5.0,0.0,0.0,0.0,0.0,2.0,10.0,4.0,20.87811851501465,2814.40283203125,585.1323852539062,0.0,13.70980167388916,3,2,9,26224,0,1,0,1,2,3,6,22726,0,1,0,0,17,13593,275.0,813.0,33.25,237.25004196166992,8.0,47.999996185302734,1.0,7.0,0.0,3.0,0.0,13.0,16.0,84.0,5.0,59.0,30.009281158447266,245.89742469787598,13827.482421875,57956.22509765625,9013.8095703125,22562.142578125,0.0,0.0,20.51899528503418,81.91455793380737,14,9776,21.0,152.85003662109375,27.59999656677246,1.0,2.0,3.0,20.0,15.0,52.89628601074219,4177.91552734375,1243.68603515625,0.0,7.413062572479248,16,13950,254.0,36.40000534057617,8.399999618530273,4.0,0.0,3.0,7.0,2.0,28.810598373413086,23209.759765625,5037.7294921875,0.0,11.83127212524414,13,10118,64.0,9.25,4.0,1.0,0.0,4.0,34.0,36.0,114.06196594238281,9496.4306640625,5638.97802734375,0.0,24.628772735595703,14,10253,199.0,5.5,0.0,0.0,1.0,3.0,7.0,1.0,20.119293212890625,7244.63671875,1627.939453125,0.0,17.5224552154541,16,10069,241.0,798.0,10.0,159.5000286102295,0.0,4.0,0.0,3.0,1.0,7.0,2.0,8.0,16.0,100.0,4.0,35.0,34.09870910644531,214.2357234954834,8152.4912109375,41031.51904296875,0.0,4646.146392822266,0.0,0.0,14.223944664001465,54.74550545215607,12,7713,17.0,120.50003051757812,4.0,1.0,2.0,1.0,10.0,8.0,40.44212341308594,6200.939453125,237.66732788085938,0.0,9.836671829223633,15,11158,265.0,10.0,0.0,2.0,0.0,1.0,12.0,5.0,30.678964614868164,15646.943359375,0.0,0.0,1.530513882637024,13,10825,255.0,18.999998092651367,0.0,0.0,3.0,2.0,10.0,4.0,27.339473724365234,6417.2568359375,3823.3466796875,0.0,6.462196350097656,11,5994,20.0,0.0,0.0,0.0,1.0,2.0,52.0,14.0,81.67645263671875,4613.88818359375,585.1323852539062,0.0,22.69217872619629,7,3,13,57690,2,4,1,10,3,7,8,45759,0,1,0,1
104366947889790212,108166997301178190,PCS Summer 2022,pcs_summer_2022,2022-06-23,2022-09-10,ESPORTSTMNT03:2820457,108166997302488938,1,Regular Season,regular_season,Regular Season,2022-07-03,1788,12.11.449.7705,200,3,200,106269859169658575,107700204561086446,Impunity Esports,Deep Cross Gaming,200,IMP ICU,Sejuani,IMP Alex,Viego,IMP Apex,Vex,IMP Lz,Aphelios,IMP Natur3,Nautilus,DCG Leaky,Mordekaiser,DCG Hana,LeeSin,DCG Nestea,Corki,DCG Cryscata,Jinx,DCG Woody,Renata,100,2,200,100,2,0,1,200,3,0,0,5,1570,34.0,121.0,0.0,31.999998092651367,0.0,0.0,0.0,0.0,0.0,0.0,0.0,0.0,1.0,8.0,0.0,0.0,0.0,3.661298155784607,1070.8155517578125,2518.5320739746094,0.0,0.0,0.0,0.0,3.1022541522979736,6.217339277267456,4,1650,0.0,31.999998092651367,0.0,0.0,0.0,0.0,2.0,0.0,2.1077141761779785,0.0,0.0,0.0,0.0,5,1668,40.0,0.0,0.0,0.0,0.0,0.0,2.0,0.0,1.5535839796066284,1134.9775390625,0.0,0.0,3.1150851249694824,4,1689,41.0,0.0,0.0,0.0,0.0,0.0,1.0,0.0,0.0,312.7389831542969,0.0,0.0,0.0,4,1125,6.0,0.0,0.0,0.0,0.0,0.0,2.0,0.0,0.0,0.0,0.0,0.0,0.0,5,1713,43.0,125.0,0.0,31.999998092651367,0.0,0.0,0.0,0.0,0.0,0.0,0.0,0.0,1.0,6.0,1.0,1.0,2.4002718925476074,7.515157461166382,1200.763671875,1895.51123046875,0.0,0.0,0.0,0.0,0.5664825439453125,0.5664825439453125,4,1650,0.0,31.999998092651367,0.0,0.0,0.0,0.0,1.0,0.0,1.4583333730697632,0.0,0.0,0.0,0.0,5,1665,38.0,0.0,0.0,0.0,0.0,0.0,0.0,0.0,0.5,535.6348876953125,0.0,0.0,0.0,4,1631,37.0,0.0,0.0,0.0,0.0,0.0,2.0,0.0,1.4619853496551514,110.58979797363281,0.0,0.0,0.0,4,1153,7.0,0.0,0.0,0.0,0.0,0.0,2.0,0.0,1.6945668458938599,48.52287292480469,0.0,0.0,0.0,0,0,0,7702,0,0,0,0,0,0,0,7812,0,0,0,0,8,3047,82.0,287.0,0.0,72.00000762939453,0.0,0.0,0.0,0.0,0.0,0.0,0.0,0.0,4.0,16.0,1.0,5.0,6.25252628326416,28.756857872009277,1550.26220703125,3463.2442321777344,0.0,312.21392822265625,0.0,0.0,3.707059860229492,6.822144985198975,7,3182,4.0,68.00000762939453,0.0,0.0,0.0,0.0,2.0,3.0,9.462162971496582,79.54934692382812,0.0,0.0,0.0,9,3548,98.0,4.0,0.0,0.0,0.0,0.0,2.0,1.0,4.448586940765381,1134.9775390625,0.0,0.0,3.1150851249694824,6,3292,89.0,0.0,0.0,0.0,0.0,0.0,2.0,0.0,2.4613451957702637,698.4551391601562,312.21392822265625,0.0,0.0,6,2128,14.0,0.0,0.0,0.0,0.0,0.0,6.0,0.0,6.132236480712891,0.0,0.0,0.0,0.0,8,3605,98.0,298.0,0.0,67.75000762939453,0.0,4.0,0.0,0.0,0.0,0.0,0.0,0.0,4.0,16.0,1.0,2.0,4.520611763000488,25.37276601791382,2427.716552734375,3600.0875396728516,857.577392578125,1951.73193359375,0.0,0.0,1.3229097127914429,1.3229097127914429,7,2971,0.0,59.75000762939453,4.0,0.0,0.0,0.0,2.0,0.0,5.177130222320557,0.0,0.0,0.0,0.0,8,3559,96.0,4.0,0.0,0.0,0.0,0.0,1.0,0.0,4.060451507568359,861.1870727539062,0.0,0.0,0.0,7,3740,89.0,4.0,0.0,0.0,0.0,0.0,3.0,1.0,5.229842185974121,262.6610412597656,1094.154541015625,0.0,0.0,6,2108,15.0,0.0,0.0,0.0,0.0,0.0,6.0,0.0,6.384730339050293,48.52287292480469,0.0,0.0,0.0,0,0,0,15197,0,1,0,0,0,0,0,15983,0,0,0,0,10,4529,126.0,453.0,0.0,108.0000228881836,0.0,0.0,0.0,0.0,0.0,3.0,0.0,0.0,6.0,37.0,1.0,17.0,8.166712760925293,76.86259746551514,4135.67919921875,9443.146408081055,0.0,575.1640625,0.0,0.0,9.508997917175293,23.238274574279785,9,4763,9.0,100.0000228881836,0.0,0.0,0.0,0.0,4.0,8.0,25.314258575439453,199.4253387451172,0.0,0.0,0.0,11,5526,151.0,8.0,0.0,0.0,1.0,0.0,6.0,4.0,12.344169616699219,1902.365478515625,262.95013427734375,0.0,5.8483076095581055,9,5148,145.0,0.0,0.0,0.0,1.0,0.0,5.0,4.0,11.104297637939453,2534.37646484375,312.21392822265625,0.0,1.1933984756469727,7,3087,22.0,0.0,0.0,0.0,1.0,0.0,16.0,0.0,19.93315887451172,671.2999267578125,0.0,0.0,6.687570571899414,11,5511,147.0,474.0,1.75,105.7500228881836,0.0,8.0,0.0,3.0,0.0,0.0,0.0,8.0,6.0,41.0,1.0,12.0,9.602981567382812,64.919358253479,5241.0400390625,12154.497863769531,1132.684326171875,3804.536376953125,0.0,0.0,2.4651217460632324,7.131174206733704,9,5076,9.0,92.0000228881836,8.0,1.0,0.0,2.0,6.0,3.0,14.652650833129883,1183.9217529296875,0.0,0.0,1.5128506422042847,11,6216,155.0,8.0,0.0,2.0,0.0,0.0,5.0,3.0,13.81904125213623,3386.168701171875,0.0,0.0,1.0270421504974365,10,6552,140.0,4.0,0.0,0.0,0.0,3.0,7.0,3.0,9.799808502197266,1852.6077880859375,2671.85205078125,0.0,0.5242211818695068,7,3316,23.0,0.0,0.0,0.0,0.0,3.0,17.0,2.0,17.044876098632812,490.75958251953125,0.0,0.0,1.6019384860992432,0,3,0,23053,0,1,0,0,3,0,8,26671,0,1,0,1,15,9015,220.0,787.0,4.0,183.99996948242188,0.0,4.0,0.0,3.0,2.0,12.0,3.0,11.0,14.0,87.0,6.0,48.0,41.27463150024414,236.186279296875,9150.0107421875,35528.420166015625,808.4091796875,2331.5425415039062,0.0,0.0,20.991907119750977,68.81092500686646,13,8742,21.0,155.99996948242188,4.0,1.0,1.0,2.0,9.0,13.0,42.800270080566406,5182.83837890625,192.0328369140625,0.0,4.918943881988525,15,9338,221.0,16.0,0.0,0.0,3.0,3.0,11.0,7.0,37.984737396240234,8431.5625,618.2135009765625,0.0,19.2275390625,13,11450,290.0,8.0,0.0,2.0,3.0,0.0,11.0,15.0,37.030029296875,10077.095703125,712.8870239257812,0.0,2.5767765045166016,12,5739,35.0,0.0,0.0,0.0,3.0,3.0,42.0,7.0,77.09661102294922,2686.912841796875,0.0,0.0,21.09575843811035,17,13704,262.0,868.0,42.0,230.0000228881836,3.5,32.49999809265137,5.0,12.0,0.0,3.0,3.0,31.0,10.0,99.0,3.0,33.0,31.617036819458008,206.5395164489746,16668.11328125,49616.669189453125,3899.266357421875,20117.166442871094,0.0,0.0,4.878425121307373,22.092491388320923,14,9699,33.0,134.00003051757812,19.499998092651367,1.0,1.0,7.0,17.0,8.0,37.6190071105957,3612.108642578125,3236.838623046875,0.0,5.519808769226074,16,14474,279.0,30.399993896484375,5.900000095367432,4.0,0.0,6.0,13.0,6.0,29.29621696472168,18729.4140625,3600.90673828125,0.0,4.402956008911133,15,13184,262.0,23.599998474121094,3.5999999046325684,0.0,1.0,8.0,15.0,9.0,36.675323486328125,8005.1455078125,8592.818359375,0.0,1.839759111404419,12,7603,32.0,0.0,0.0,2.0,1.0,7.0,44.0,7.0,71.3319320678711,2601.8876953125,787.3363647460938,0.0,5.451542377471924,3,12,11,44284,0,1,0,1,12,3,31,58664,1,4,1,8
104366947889790212,108166997301178190,PCS Summer 2022,pcs_summer_2022,2022-06-23,2022-09-10,ESPORTSTMNT03:2820488,108166997302488956,1,Regular Season,regular_season,Regular Season,2022-07-03,1782,12.11.449.7705,200,1,100,108517492697602721,107700211633200412,Dewish Team,Meta Falcon Team,200,DWT Lacunae,Gwen,DWT WSL,LeeSin,DWT xiaotu,Azir,DWT BangTwo,Ashe,DWT EnHoa,Nautilus,MFT Taco,Jax,MFT 665,Volibear,MFT Wen,Sylas,MFT Whale,Kalista,MFT 1SSUE,Renata,200,6,200,200,1,1,1,200,5,0,0,4,1360,23.0,88.0,0.0,23.999998092651367,0.0,0.0,0.0,1.0,0.0,1.0,0.0,3.0,2.0,8.0,0.0,0.0,1.5151492357254028,2.2151492685079575,169.40875244140625,1817.7428131103516,0.0,0.0,0.0,0.0,0.0,3.0122324228286743,4,1908,0.0,23.999998092651367,0.0,1.0,0.0,0.0,1.0,0.0,0.0,266.93853759765625,0.0,0.0,0.0,5,1530,29.0,0.0,0.0,0.0,1.0,1.0,3.0,0.0,0.0,947.9192504882812,0.0,0.0,0.28812408447265625,3,1554,31.0,0.0,0.0,0.0,0.0,1.0,1.0,0.0,0.1666666716337204,235.8997802734375,0.0,0.0,1.0277163982391357,3,1144,5.0,0.0,0.0,0.0,0.0,1.0,1.0,0.0,0.5333333611488342,197.5764923095703,0.0,0.0,1.6963919401168823,5,1591,35.0,108.0,0.0,31.999998092651367,0.0,0.0,0.0,1.0,0.0,1.0,0.0,1.0,1.0,6.0,0.0,0.0,1.548187017440796,7.9883852899074554,584.089599609375,2094.4385528564453,0.0,0.0,0.0,0.0,1.0727691650390625,4.585859775543213,4,1667,0.0,27.999998092651367,0.0,0.0,0.0,1.0,1.0,0.0,4.164188385009766,384.14593505859375,0.0,0.0,1.2970012426376343,5,1919,37.0,0.0,0.0,1.0,1.0,0.0,3.0,0.0,0.0,517.1522827148438,0.0,0.0,0.7733615636825562,4,1668,36.0,4.0,0.0,0.0,0.0,0.0,1.0,0.0,1.9426765441894531,403.1321716308594,0.0,0.0,0.6995196342468262,4,1005,0.0,0.0,0.0,0.0,0.0,0.0,0.0,0.0,0.3333333432674408,205.91856384277344,0.0,0.0,0.7432081699371338,1,1,3,7496,0,0,0,0,1,1,1,7850,0,0,0,0,8,2845,72.0,248.0,0.0,52.00000762939453,0.0,0.0,0.0,1.0,0.0,3.0,0.0,3.0,4.0,22.0,1.0,4.0,7.2831926345825195,29.417904376983643,824.5205688476562,7016.408447265625,0.0,0.0,0.0,0.0,0.0,17.54329478740692,6,3122,1.0,48.00000762939453,0.0,1.0,0.0,0.0,4.0,0.0,4.71605920791626,762.0989379882812,0.0,0.0,0.597955584526062,8,3407,86.0,4.0,0.0,0.0,1.0,1.0,4.0,1.0,4.976924896240234,2592.621337890625,0.0,0.0,1.6733636856079102,7,3031,76.0,0.0,0.0,0.0,0.0,1.0,5.0,0.0,5.4461669921875,1817.1043701171875,0.0,0.0,6.172237396240234,5,1995,13.0,0.0,0.0,0.0,2.0,1.0,5.0,2.0,6.995560646057129,1020.063232421875,0.0,0.0,9.099738121032715,8,3441,84.0,258.0,0.0,60.00000762939453,0.0,0.0,0.0,3.0,0.0,1.0,0.0,6.0,3.0,14.0,0.0,8.0,3.1902050971984863,36.93374943733215,804.478515625,7267.550842285156,1000.099609375,1188.9607048034668,0.0,0.0,1.0727691650390625,14.835133790969849,6,3150,4.0,56.00000762939453,0.0,0.0,0.0,2.0,3.0,4.0,13.74238109588623,692.4846801757812,0.0,0.0,2.253514289855957,8,4003,83.0,0.0,0.0,3.0,1.0,0.0,3.0,0.0,3.9016997814178467,1437.222412109375,0.0,0.0,3.9033048152923584,7,3408,85.0,4.0,0.0,0.0,0.0,2.0,4.0,2.0,11.832797050476074,2852.914794921875,138.00013732910156,0.0,3.243770122528076,6,2076,2.0,0.0,0.0,0.0,0.0,2.0,1.0,2.0,4.266666412353516,1480.450439453125,50.860958099365234,0.0,4.3617753982543945,1,3,3,14400,0,0,0,0,3,1,6,16078,0,1,0,0,10,4413,115.0,396.0,4.0,88.0000228881836,0.0,0.0,0.0,1.0,1.0,4.0,0.0,3.0,6.0,37.0,1.0,9.0,7.691164970397949,63.78236770629883,2139.713134765625,11202.016479492188,0.0,588.6157150268555,0.0,0.0,1.4068459272384644,25.365042686462402,8,4585,4.0,80.0000228881836,0.0,1.0,0.0,0.0,6.0,1.0,10.795440673828125,1637.9168701171875,199.71376037597656,0.0,0.9285675287246704,11,5232,137.0,4.0,0.0,0.0,1.0,1.0,6.0,2.0,14.539468765258789,3436.825439453125,0.0,0.0,2.8571009635925293,8,4563,119.0,0.0,0.0,0.0,0.0,1.0,7.0,2.0,16.111541748046875,2592.017333984375,306.441650390625,0.0,8.646574020385742,6,3053,21.0,0.0,0.0,0.0,2.0,1.0,12.0,3.0,14.64475154876709,1395.543701171875,82.4603042602539,0.0,11.525954246520996,11,6343,128.0,400.0,14.599998474121094,98.60001373291016,4.0,4.0,1.0,4.0,0.0,1.0,0.0,6.0,7.0,31.0,0.0,16.0,11.052756309509277,78.42082691192627,2473.26806640625,10312.760864257812,2627.96630859375,6356.0091552734375,0.0,0.0,1.3859643936157227,22.01634979248047,8,4634,7.0,72.00001525878906,0.0,0.0,0.0,2.0,5.0,7.0,24.365751266479492,1115.8233642578125,119.35870361328125,0.0,4.080066680908203,10,5914,132.0,4.0,0.0,3.0,1.0,0.0,4.0,2.0,8.73503303527832,1974.7027587890625,0.0,0.0,7.2701263427734375,9,5524,128.0,8.0,0.0,0.0,0.0,2.0,7.0,3.0,17.534799575805664,2956.201171875,2925.55029296875,0.0,3.243770122528076,7,3395,5.0,0.0,0.0,0.0,0.0,2.0,8.0,4.0,16.732486724853516,1792.7655029296875,683.1338500976562,0.0,6.036422252655029,1,4,3,21846,0,1,0,0,4,1,6,25810,0,1,0,2,15,8907,220.0,770.0,4.0,149.00003480911255,0.0,1.0,0.0,6.0,4.0,16.0,3.0,18.0,11.0,96.0,3.0,30.0,22.15156364440918,187.5275173187256,9777.9013671875,46236.39599609375,0.0,3404.7051162719727,0.0,0.0,4.440540790557861,82.22273778915405,13,10329,27.0,124.60003662109375,1.0,5.0,1.0,1.0,13.0,5.0,29.054180145263672,6980.0341796875,454.48236083984375,0.0,10.978530883789062,16,11401,268.0,15.999998092651367,0.0,0.0,4.0,6.0,11.0,3.0,25.163360595703125,14008.0029296875,2561.32080078125,0.0,10.378291130065918,13,9711,218.0,4.400000095367432,0.0,1.0,2.0,4.0,16.0,9.0,42.0301399230957,11845.787109375,306.441650390625,0.0,28.242521286010742,11,5874,37.0,0.0,0.0,0.0,5.0,4.0,45.0,10.0,69.1282730102539,3624.67041015625,82.4603042602539,0.0,28.18285369873047,17,13672,223.0,787.0,71.0,228.00003623962402,23.0,36.49999976158142,3.0,16.0,2.0,6.0,6.0,38.0,13.0,74.0,3.0,54.0,34.01191711425781,244.41247749328613,18292.712890625,56383.6572265625,8467.30078125,23015.724609375,0.0,0.0,3.978997230529785,68.65846824645996,13,9084,26.0,98.80004119873047,3.6000001430511475,1.0,1.0,7.0,11.0,22.0,61.80552291870117,3977.270751953125,2199.056396484375,0.0,8.025909423828125,16,12891,247.0,25.399999618530273,9.899999618530273,4.0,3.0,8.0,5.0,5.0,23.36613655090332,16050.6845703125,3555.603271484375,0.0,32.75199890136719,15,14913,274.0,32.79999542236328,0.0,6.0,0.0,6.0,14.0,13.0,59.17587661743164,14209.166015625,7007.376953125,0.0,10.47380542755127,13,7986,17.0,0.0,0.0,2.0,0.0,11.0,31.0,11.0,66.05302429199219,3853.822998046875,1786.38720703125,0.0,13.427757263183594,6,16,18,46222,0,1,0,1,16,6,38,58546,2,4,1,9
104366947889790212,108166997301178190,PCS Summer 2022,pcs_summer_2022,2022-06-23,2022-09-10,ESPORTSTMNT03:2820555,108166997302488988,1,Regular Season,regular_season,Regular Season,2022-07-03,1655,12.11.449.7705,200,3,200,104367068120825486,106269804045322803,PSG Talon,Beyond Gaming,200,PSG Hanabi,Ornn,PSG Burry,Viego,PSG Gori,Sylas,PSG Unified,Zeri,PSG Kaiwing,Nautilus,BYG Likai,Gnar,BYG Husha,MonkeyKing,BYG Minji,Taliyah,BYG Wako,Jinx,BYG Kino,Leona,200,4,0,100,2,0,0,0,0,0,0,5,1514,31.0,117.0,0.0,31.999998092651367,0.0,0.0,0.0,0.0,0.0,0.0,0.0,0.0,1.0,7.0,0.0,0.0,0.0,6.485422253608704,312.78753662109375,1539.0956726074219,0.0,0.0,0.0,0.0,0.7341477274894714,2.5347339808940887,4,1673,0.0,31.999998092651367,0.0,0.0,0.0,0.0,1.0,0.0,1.9386723041534424,0.0,0.0,0.0,0.0,5,1661,39.0,0.0,0.0,0.0,0.0,0.0,1.0,0.0,1.5024867057800293,919.6557006835938,0.0,0.0,1.4324156045913696,4,1744,41.0,0.0,0.0,0.0,0.0,0.0,2.0,0.0,1.544147253036499,306.6524353027344,0.0,0.0,0.3681706488132477,4,1125,6.0,0.0,0.0,0.0,0.0,0.0,2.0,0.0,1.500115990638733,0.0,0.0,0.0,0.0,5,1591,34.0,114.0,0.0,31.999998092651367,0.0,0.0,0.0,0.0,0.0,0.0,0.0,0.0,1.0,7.0,0.0,0.0,0.0,6.8397296667099,729.158935546875,2092.770751953125,0.0,0.0,0.0,0.0,1.240747094154358,2.398099184036255,4,1610,1.0,31.999998092651367,0.0,0.0,0.0,0.0,1.0,0.0,3.794443130493164,0.0,0.0,0.0,0.0,5,1618,35.0,0.0,0.0,0.0,0.0,0.0,2.0,0.0,1.5181777477264404,1005.7510375976562,0.0,0.0,1.157352089881897,4,1669,37.0,0.0,0.0,0.0,0.0,0.0,1.0,0.0,0.0,357.86077880859375,0.0,0.0,0.0,4,1153,7.0,0.0,0.0,0.0,0.0,0.0,2.0,0.0,1.5271087884902954,0.0,0.0,0.0,0.0,0,0,0,7717,0,0,0,0,0,0,0,7641,0,0,0,0,8,3337,93.0,288.0,0.0,64.00000762939453,0.0,0.0,0.0,0.0,0.0,2.0,0.0,0.0,4.0,18.0,1.0,4.0,4.124673843383789,26.585957050323486,734.9880981445312,4285.063735961914,0.0,0.0,0.0,0.0,1.8640449047088623,10.818101286888123,7,3152,6.0,64.00000762939453,0.0,0.0,0.0,0.0,3.0,2.0,9.217506408691406,0.0,0.0,0.0,0.0,8,3024,77.0,0.0,0.0,0.0,1.0,0.0,3.0,0.0,2.7973837852478027,2336.510009765625,0.0,0.0,3.6179075241088867,6,3414,94.0,0.0,0.0,0.0,1.0,0.0,3.0,1.0,5.185778617858887,1160.0582275390625,0.0,0.0,0.881966233253479,6,2204,18.0,0.0,0.0,0.0,0.0,0.0,5.0,0.0,5.260614395141602,53.50740051269531,0.0,0.0,4.4541826248168945,8,3360,89.0,276.0,0.0,59.00000762939453,0.0,1.5,0.0,2.0,0.0,0.0,0.0,4.0,4.0,18.0,0.0,2.0,3.688380718231201,24.55109679698944,2267.77392578125,9155.725677490234,0.0,408.2784423828125,0.0,0.0,4.746261119842529,18.167676702141762,7,3155,3.0,59.00000762939453,1.5,0.0,0.0,2.0,3.0,1.0,10.261682510375977,1586.095458984375,0.0,0.0,1.437180519104004,8,3190,79.0,0.0,0.0,0.0,0.0,0.0,3.0,0.0,1.8515111207962036,3105.935302734375,0.0,0.0,8.889043807983398,7,4273,91.0,0.0,0.0,2.0,0.0,0.0,3.0,1.0,3.7095706462860107,1773.3133544921875,408.2784423828125,0.0,0.19095470011234283,6,2252,14.0,0.0,0.0,0.0,0.0,2.0,5.0,0.0,5.039951801300049,422.6076354980469,0.0,0.0,2.9042365550994873,0,2,0,15131,0,0,0,0,2,0,4,16230,0,0,0,0,11,5170,150.0,474.0,0.0,107.50001525878906,0.0,0.0,0.0,0.0,0.0,2.0,0.0,0.0,7.0,37.0,1.0,12.0,11.936973571777344,68.32460594177246,3038.4521484375,7091.546424865723,0.0,0.0,0.0,0.0,5.843127250671387,17.635891795158386,9,4870,6.0,96.00001525878906,0.0,0.0,0.0,0.0,3.0,2.0,11.397153854370117,62.90636444091797,0.0,0.0,0.0,10,5101,139.0,4.0,0.0,0.0,1.0,0.0,3.0,2.0,5.96405029296875,2336.510009765625,0.0,0.0,3.6179075241088867,10,5946,154.0,7.5,0.0,0.0,1.0,0.0,6.0,5.0,15.420846939086914,1435.3236083984375,0.0,0.0,1.2571076154708862,7,3081,25.0,0.0,0.0,0.0,0.0,0.0,18.0,2.0,23.605581283569336,218.3542938232422,0.0,0.0,6.917749404907227,11,5288,145.0,462.0,1.0,96.0000228881836,0.0,1.5,0.0,2.0,0.0,0.0,0.0,4.0,5.0,37.0,0.0,10.0,5.400391578674316,63.01942157745361,4116.1767578125,11591.964324951172,0.0,1045.42529296875,0.0,0.0,6.598016262054443,20.592674031853676,9,4528,5.0,91.0000228881836,1.5,0.0,0.0,2.0,5.0,3.0,17.749114990234375,1586.095458984375,0.0,0.0,1.437180519104004,11,5131,134.0,4.0,0.0,0.0,0.0,0.0,4.0,0.0,5.101185321807861,3400.29052734375,0.0,0.0,9.462285995483398,9,6494,154.0,0.0,0.0,2.0,0.0,0.0,6.0,3.0,7.551442623138428,2066.7939453125,1045.42529296875,0.0,0.19095470011234283,8,3383,24.0,0.0,0.0,0.0,0.0,2.0,17.0,4.0,27.217287063598633,422.6076354980469,0.0,0.0,2.9042365550994873,0,2,0,24168,0,0,0,0,2,0,4,24824,0,1,0,0,15,9697,225.0,732.0,2.0,173.50001525878906,0.0,0.0,1.0,9.0,2.0,13.0,7.0,27.0,10.0,78.0,6.0,39.0,36.371429443359375,186.26238441467285,8373.974609375,42623.194091796875,0.0,1930.9482421875,0.0,0.0,22.278636932373047,82.49110507965088,12,7862,13.0,124.00001525878906,0.0,1.0,3.0,3.0,8.0,6.0,27.02909278869629,3071.448486328125,0.0,0.0,4.3291015625,14,10692,216.0,12.0,0.0,4.0,3.0,5.0,5.0,7.0,16.73200225830078,12529.5322265625,1930.9482421875,0.0,20.053855895996094,14,11825,247.0,35.5,0.0,3.0,3.0,5.0,10.0,16.0,44.70429229736328,16309.84765625,0.0,0.0,8.41259479522705,11,5749,31.0,0.0,0.0,0.0,2.0,7.0,45.0,4.0,61.425567626953125,2338.39111328125,0.0,0.0,27.416915893554688,14,9875,206.0,723.0,1.7999999523162842,169.40002131462097,0.0,1.5,1.0,13.0,2.0,9.0,9.0,35.0,12.0,86.0,3.0,35.0,30.093856811523438,193.53782272338867,11923.716796875,55291.764404296875,2752.272705078125,16028.058959960938,0.0,0.0,25.979721069335938,80.43019962310791,13,10082,13.0,129.4000244140625,1.5,3.0,1.0,8.0,10.0,8.0,39.0679931640625,5716.1591796875,2607.656982421875,0.0,4.617722511291504,15,10530,226.0,20.999998092651367,0.0,1.0,2.0,7.0,8.0,3.0,16.85555648803711,14864.05859375,1518.35693359375,0.0,24.566085815429688,13,13535,242.0,17.19999885559082,0.0,8.0,2.0,4.0,13.0,10.0,35.036102294921875,20259.828125,8477.9873046875,0.0,11.521357536315918,12,6188,36.0,0.0,0.0,0.0,2.0,7.0,43.0,11.0,72.48431396484375,2528.001708984375,671.7850341796875,0.0,13.745312690734863,9,13,27,45825,0,0,0,2,13,9,35,50210,1,3,0,6
104366947889790212,108166997301178190,PCS Summer 2022,pcs_summer_2022,2022-06-23,2022-09-10,ESPORTSTMNT03:2820546,108166997302489004,1,Regular Season,regular_season,Regular Season,2022-07-03,1762,12.11.449.7705,100,3,100,99566406490127625,107635420167535818,J Team,SEM9,100,JT Rock,Gangplank,JT Kongyue,Viego,JT Uniboy,Corki,JT Lilv,Aphelios,JT Enso,Nautilus,S9 N0name,Tryndamere,S9 Arashi,Trundle,S9 Lezar,Orianna,S9 XieDoDo,Jinx,S9 Axin,Renata,100,4,100,200,1,1,1,100,2,0,0,4,1372,23.0,94.0,0.0,23.999998092651367,0.0,4.0,0.0,1.0,0.0,0.0,0.0,2.0,1.0,8.0,0.0,0.0,0.0,8.27696168422699,1659.5736083984375,3788.1057739257812,0.0,0.0,0.0,0.0,0.566374659538269,10.132837891578674,4,1650,1.0,23.999998092651367,4.0,0.0,0.0,1.0,1.0,0.0,3.8983616828918457,342.52459716796875,0.0,0.0,1.816662073135376,5,1513,30.0,0.0,0.0,0.0,0.0,0.0,2.0,0.0,1.5253623723983765,379.3487548828125,0.0,0.0,0.0,4,1970,34.0,0.0,0.0,1.0,0.0,0.0,1.0,0.0,1.5156176090240479,970.3110961914062,0.0,0.0,1.4426078796386719,3,1183,6.0,0.0,0.0,0.0,0.0,1.0,3.0,0.0,1.3376200199127197,436.34771728515625,0.0,0.0,6.307193279266357,5,1528,31.0,95.0,0.0,27.0,0.0,11.0,0.0,0.0,0.0,1.0,0.0,0.0,1.0,6.0,0.0,1.0,0.0,5.4912718534469604,701.516845703125,4068.3275146484375,0.0,0.0,0.0,0.0,0.0,13.623194932937622,4,1519,0.0,27.0,11.0,0.0,0.0,0.0,1.0,0.0,2.4398341178894043,355.2716064453125,0.0,0.0,2.5725765228271484,5,1591,35.0,0.0,0.0,0.0,0.0,0.0,1.0,0.0,0.0,1265.0633544921875,0.0,0.0,2.070268392562866,4,1395,27.0,0.0,0.0,0.0,0.0,0.0,1.0,0.0,1.501437783241272,1081.98486328125,0.0,0.0,4.724672317504883,3,1116,2.0,0.0,0.0,0.0,1.0,0.0,2.0,1.0,1.5499999523162842,664.4908447265625,0.0,0.0,4.255677700042725,1,0,2,7688,0,0,0,0,0,1,0,7149,0,0,0,0,8,3101,72.0,270.0,0.0,69.0,0.0,4.0,0.0,1.0,0.0,0.0,0.0,2.0,4.0,18.0,0.0,2.0,4.0438055992126465,25.586875438690186,6517.3603515625,10868.860046386719,0.0,2224.31787109375,0.0,0.0,1.7690439224243164,12.613888502120972,7,3169,1.0,65.0,4.0,0.0,0.0,1.0,2.0,0.0,6.856695175170898,399.0587158203125,0.0,0.0,3.095043420791626,8,3436,88.0,4.0,0.0,0.0,0.0,0.0,4.0,0.0,3.970287799835205,1500.860107421875,0.0,0.0,0.0,7,4252,94.0,0.0,0.0,1.0,0.0,0.0,3.0,1.0,1.7822842597961426,2015.233154296875,2224.31787109375,0.0,1.4426078796386719,5,2162,15.0,0.0,0.0,0.0,0.0,1.0,5.0,1.0,8.933802604675293,436.34771728515625,0.0,0.0,6.307193279266357,8,3110,81.0,237.0,0.0,51.00000762939453,0.0,11.0,0.0,0.0,0.0,1.0,0.0,0.0,3.0,19.0,0.0,4.0,3.236384868621826,26.998011112213135,1538.252685546875,7282.711181640625,0.0,0.0,0.0,0.0,1.9339393377304077,19.199854731559753,6,2806,3.0,51.00000762939453,11.0,0.0,0.0,0.0,5.0,2.0,10.534016609191895,1060.2196044921875,0.0,0.0,4.687749862670898,8,3208,85.0,0.0,0.0,0.0,0.0,0.0,4.0,0.0,2.2213077545166016,1923.19287109375,0.0,0.0,2.8866920471191406,6,2705,63.0,0.0,0.0,0.0,0.0,0.0,3.0,0.0,2.830211639404297,1703.308837890625,0.0,0.0,4.724672317504883,5,1993,5.0,0.0,0.0,0.0,1.0,0.0,4.0,2.0,8.176090240478516,1057.7371826171875,0.0,0.0,4.966801166534424,1,0,2,16120,0,1,0,0,0,1,0,13822,0,0,0,0,10,4726,111.0,456.0,4.0,102.20000791549683,0.0,5.200000047683716,0.0,1.0,1.0,1.0,0.0,2.0,5.0,34.0,0.0,12.0,8.726945877075195,70.77983045578003,10251.4375,17438.58233642578,0.0,5134.8505859375,0.0,0.0,3.749614953994751,16.14376473426819,9,4610,17.0,89.00000762939453,4.0,0.0,0.0,1.0,4.0,2.0,16.280990600585938,2018.078369140625,0.0,0.0,4.644348621368408,10,5381,144.0,5.200000286102295,1.2000000476837158,0.0,0.0,0.0,6.0,3.0,11.76566219329834,2506.01806640625,0.0,0.0,0.0,10,7379,159.0,4.0,0.0,1.0,0.0,0.0,5.0,1.0,7.723068714141846,2226.70068359375,5134.8505859375,0.0,1.4426078796386719,7,3174,25.0,0.0,0.0,0.0,0.0,1.0,14.0,6.0,26.28316307067871,436.34771728515625,0.0,0.0,6.307193279266357,11,5720,132.0,406.0,8.0,80.80001068115234,0.0,11.0,0.0,1.0,0.0,1.0,1.0,2.0,4.0,37.0,0.0,11.0,6.60684871673584,63.846656799316406,2884.149658203125,10859.564575195312,1239.833251953125,2418.573440551758,0.0,0.0,3.3105010986328125,27.190168380737305,8,4490,6.0,65.80001068115234,11.0,0.0,0.0,1.0,8.0,2.0,15.68619441986084,1391.37841796875,1155.658203125,0.0,8.09129524230957,11,5367,138.0,4.0,0.0,1.0,0.0,0.0,6.0,0.0,7.228212833404541,3384.201416015625,23.081985473632812,0.0,4.3729567527771,9,4513,113.0,3.0,0.0,0.0,0.0,0.0,5.0,1.0,6.646695613861084,2007.71142578125,0.0,0.0,5.0988616943359375,7,3095,17.0,0.0,0.0,0.0,1.0,0.0,14.0,8.0,27.6787052154541,1192.1236572265625,0.0,0.0,6.316553592681885,1,1,2,25270,0,2,0,1,1,1,2,23185,0,0,0,1,16,11928,218.0,864.0,8.5,226.69997787475586,0.0,38.19999814033508,2.0,12.0,4.0,8.0,8.0,26.0,12.0,89.0,0.0,46.0,16.659847259521484,204.65289306640625,26387.955078125,72916.18188476562,3862.959228515625,23746.90412902832,0.0,0.0,10.689215660095215,58.55778527259827,15,11061,44.0,167.5999755859375,19.999998092651367,3.0,1.0,4.0,8.0,15.0,55.43824768066406,5667.19775390625,182.0948028564453,0.0,7.418137073516846,16,13852,273.0,13.200000762939453,1.2000000476837158,4.0,0.0,4.0,13.0,9.0,34.917667388916016,18758.42578125,3091.94775390625,0.0,2.063432455062866,17,16157,294.0,37.400001525878906,17.0,3.0,1.0,3.0,11.0,13.0,30.646713256835938,19232.96875,16609.90234375,0.0,11.12513256072998,11,6949,35.0,0.0,0.0,0.0,2.0,7.0,45.0,9.0,66.99041748046875,2869.634521484375,0.0,0.0,27.26186752319336,17,13307,276.0,798.0,24.0,149.80003356933594,1.5,12.5,3.0,7.0,3.0,12.0,1.0,12.0,4.0,102.0,5.0,44.0,18.190181732177734,200.4238224029541,18344.265625,36096.517578125,6470.8037109375,7887.491165161133,0.0,0.0,10.651948928833008,60.54199457168579,13,7712,22.0,97.80003356933594,11.0,0.0,2.0,5.0,17.0,14.0,45.15348815917969,3019.6328125,1393.60546875,0.0,21.843454360961914,15,10671,231.0,18.0,0.0,2.0,2.0,2.0,11.0,4.0,20.70306396484375,6217.8251953125,23.081985473632812,0.0,7.3870463371276855,14,9845,242.0,9.5,0.0,0.0,2.0,3.0,10.0,5.0,22.76387596130371,6421.68115234375,0.0,0.0,10.662102699279785,11,6312,27.0,0.5,0.0,2.0,3.0,1.0,60.0,16.0,93.61321258544922,2093.11279296875,0.0,0.0,9.997442245483398,12,8,26,59947,3,4,1,11,7,12,12,47847,0,1,0,3
104366947889790212,108166997301178190,PCS Summer 2022,pcs_summer_2022,2022-06-23,2022-09-10,ESPORTSTMNT03:2830472,108166997302423386,1,Regular Season,regular_season,Regular Season,2022-07-08,1768,12.11.449.7705,100,2,100,107700199633958891,106269859169658575,CTBC Flying Oyster,Impunity Esports,100,CFO Rest,Sejuani,CFO Gemini,LeeSin,CFO Mission,Corki,CFO Atlen,Zeri,CFO Koala,Braum,IMP ICU,Gnar,IMP Alex,Taliyah,IMP Husky,Yone,IMP Anex,Jinx,IMP Winnie ,Nautilus,200,2,100,100,2,0,0,0,0,0,0,5,1714,31.0,109.0,0.0,27.999998092651367,0.0,4.0,0.0,1.0,0.0,0.0,1.0,1.0,1.0,6.0,0.0,0.0,0.0,4.361834406852722,1339.6224365234375,4102.495941162109,32.63478088378906,32.63478088378906,0.0,0.0,3.193053722381592,6.554304838180542,4,1939,0.0,27.999998092651367,4.0,1.0,0.0,0.0,1.0,0.0,1.484255313873291,648.563232421875,0.0,0.0,0.5033977031707764,5,1761,40.0,0.0,0.0,0.0,0.0,0.0,1.0,0.0,1.4644031524658203,1241.1796875,0.0,0.0,0.0,3,1552,31.0,0.0,0.0,0.0,0.0,0.0,1.0,0.0,0.0,680.60205078125,0.0,0.0,0.0,3,1146,7.0,0.0,0.0,0.0,0.0,0.0,2.0,0.0,1.4131759405136108,192.52853393554688,0.0,0.0,2.857853412628174,5,1318,22.0,98.0,0.0,25.999998092651367,0.0,1.5,0.0,0.0,1.0,1.0,0.0,0.0,2.0,7.0,0.0,2.0,1.499062180519104,9.860824227333069,1221.9644775390625,3033.864303588867,0.0,0.0,0.0,0.0,1.8257176876068115,11.216817378997803,4,1503,0.0,25.999998092651367,1.5,0.0,0.0,0.0,2.0,0.0,2.5270581245422363,335.5572509765625,0.0,0.0,1.616227388381958,5,1598,34.0,0.0,0.0,0.0,0.0,0.0,1.0,0.0,0.0,156.90614318847656,0.0,0.0,0.0,3,1583,36.0,0.0,0.0,0.0,0.0,0.0,1.0,2.0,3.3337159156799316,939.7056884765625,0.0,0.0,2.971917152404785,3,1152,6.0,0.0,0.0,0.0,0.0,0.0,1.0,0.0,2.500988006591797,379.7307434082031,0.0,0.0,4.802955150604248,1,0,1,8112,0,0,0,0,0,1,0,7154,0,0,0,0,8,3952,82.0,281.0,0.0,72.00001525878906,0.0,8.0,0.0,3.0,0.0,0.0,3.0,3.0,3.0,22.0,0.0,2.0,4.770088195800781,25.429885387420654,3041.147705078125,9690.994689941406,1097.2237548828125,1097.2237548828125,0.0,0.0,7.97207498550415,17.16100764274597,7,4247,0.0,72.00001525878906,8.0,3.0,0.0,0.0,4.0,0.0,6.21901798248291,2210.94970703125,0.0,0.0,2.669276714324951,8,3583,98.0,0.0,0.0,0.0,0.0,0.0,4.0,1.0,4.926441192626953,2295.95751953125,0.0,0.0,0.0,6,3366,87.0,0.0,0.0,0.0,0.0,0.0,4.0,1.0,4.71614408493042,1137.9652099609375,0.0,0.0,1.3732893466949463,6,2121,14.0,0.0,0.0,0.0,0.0,0.0,7.0,0.0,4.79819393157959,1004.9745483398438,0.0,0.0,5.146366596221924,8,2706,64.0,252.0,0.0,62.000003814697266,0.0,1.5,0.0,0.0,2.0,3.0,0.0,0.0,4.0,19.0,0.0,5.0,4.933711528778076,34.3210334777832,2476.8681640625,6363.990081787109,0.0,0.0,0.0,0.0,2.194582462310791,13.605192065238953,6,2962,1.0,62.000003814697266,1.5,0.0,1.0,0.0,3.0,1.0,8.848336219787598,585.5459594726562,0.0,0.0,1.8506375551223755,8,3334,90.0,0.0,0.0,0.0,0.0,0.0,4.0,0.0,3.0481324195861816,1116.445068359375,0.0,0.0,1.4151611328125,6,3190,84.0,0.0,0.0,0.0,0.0,0.0,4.0,4.0,13.42757797241211,1805.400146484375,0.0,0.0,3.341855764389038,6,2181,13.0,0.0,0.0,0.0,0.0,0.0,4.0,0.0,4.063275337219238,379.7307434082031,0.0,0.0,4.802955150604248,3,0,3,17269,0,0,0,0,0,3,0,14373,0,1,0,0,11,5772,134.0,458.0,4.0,104.4000244140625,0.0,15.999998092651367,0.0,4.0,0.0,0.0,3.0,3.0,4.0,35.0,0.0,9.0,7.895088195800781,62.38441753387451,5613.30224609375,19515.947509765625,1926.028564453125,3769.9441452026367,0.0,0.0,11.692575454711914,27.990911960601807,9,5967,2.0,96.4000244140625,15.999998092651367,4.0,0.0,0.0,8.0,2.0,15.911231994628906,3984.61328125,127.3843002319336,0.0,5.792263031005859,11,6824,159.0,4.0,0.0,0.0,0.0,0.0,6.0,2.0,12.912049293518066,5002.89990234375,1393.73291015625,0.0,0.4038853645324707,9,5507,138.0,0.0,0.0,0.0,0.0,0.0,5.0,2.0,8.721715927124023,2853.760498046875,322.7983703613281,0.0,2.167412281036377,7,3334,25.0,0.0,0.0,0.0,0.0,0.0,12.0,3.0,16.944332122802734,2061.37158203125,0.0,0.0,7.9347758293151855,11,4287,110.0,417.0,0.0,85.00000762939453,0.0,1.5,0.0,0.0,2.0,4.0,0.0,0.0,6.0,30.0,0.0,16.0,6.509924411773682,76.24859952926636,4631.66357421875,14823.74169921875,0.0,0.0,0.0,0.0,3.268101215362549,37.36232852935791,9,4469,13.0,85.00000762939453,1.5,0.0,2.0,0.0,4.0,4.0,23.096725463867188,1806.596923828125,0.0,0.0,6.741246223449707,11,4972,137.0,0.0,0.0,0.0,0.0,0.0,5.0,4.0,15.959699630737305,2523.262451171875,0.0,0.0,4.48974609375,8,4791,134.0,0.0,0.0,0.0,0.0,0.0,6.0,7.0,18.32535171508789,3924.363037109375,0.0,0.0,6.438506603240967,7,3309,23.0,0.0,0.0,0.0,0.0,0.0,9.0,1.0,12.356898307800293,1937.855712890625,0.0,0.0,16.424728393554688,4,0,3,27404,0,1,0,1,0,4,0,21828,0,1,0,0,16,12388,230.0,799.0,16.0,236.8000087738037,4.0,45.7999963760376,3.0,16.0,2.0,9.0,7.0,35.0,6.0,90.0,2.0,28.0,24.368087768554688,196.3048210144043,11320.0341796875,67614.87451171875,5254.6259765625,21569.744140625,0.0,0.0,23.04279327392578,74.672616481781,14,11309,31.0,144.00001525878906,27.499996185302734,5.0,1.0,8.0,17.0,5.0,36.04570388793945,8890.8115234375,2692.03466796875,0.0,14.37625789642334,17,16504,271.0,54.79999542236328,8.300000190734863,3.0,1.0,7.0,9.0,7.0,32.001197814941406,27357.033203125,5525.6015625,0.0,4.104680061340332,14,12520,233.0,21.999998092651367,6.0,4.0,3.0,4.0,11.0,7.0,34.91529083251953,14162.5859375,7738.8857421875,0.0,6.282355785369873,13,7428,34.0,0.0,0.0,1.0,2.0,9.0,47.0,7.0,68.97454071044922,5884.40966796875,358.59619140625,0.0,26.86652946472168,15,9489,207.0,722.0,0.0,158.1999969482422,0.0,1.5,2.0,9.0,3.0,16.0,2.0,28.0,12.0,81.0,7.0,40.0,34.401344299316406,210.36602783203125,12475.033203125,49665.07763671875,1255.062744140625,1791.1627197265625,0.0,0.0,16.344776153564453,134.61865711212158,14,10213,31.0,148.1999969482422,1.5,2.0,5.0,7.0,7.0,10.0,41.53544235229492,11683.7109375,0.0,0.0,27.874738693237305,15,11066,226.0,10.0,0.0,3.0,2.0,5.0,6.0,5.0,22.28363037109375,9110.5380859375,536.0999755859375,0.0,17.039670944213867,13,10096,234.0,0.0,0.0,2.0,3.0,5.0,15.0,16.0,50.767520904541016,10938.4794921875,0.0,0.0,15.988064765930176,11,6103,24.0,0.0,0.0,0.0,3.0,9.0,41.0,2.0,61.378089904785156,5457.31591796875,0.0,0.0,57.37140655517578,16,9,35,60149,1,3,1,10,9,16,28,46967,0,2,0,0
104366947889790212,108166997301178190,PCS Summer 2022,pcs_summer_2022,2022-06-23,2022-09-10,ESPORTSTMNT03:2830504,108166997302488942,1,Regular Season,regular_season,Regular Season,2022-07-08,1693,12.11.449.7705,100,3,100,107700211633200412,107700204561086446,Meta Falcon Team,Deep Cross Gaming,200,MFT Taco,Gnar,MFT 665,Trundle,MFT Wen,Sylas,MFT Whale,Kalista,MFT 1SSUE,Thresh,DCG Leaky,Sejuani,DCG Hana,Viego,DCG Nestea,Galio,DCG Cryscata,Aphelios,DCG Woody,Rakan,200,2,200,100,2,0,1,200,5,0,0,5,1556,33.0,109.0,0.0,27.999998092651367,0.0,0.0,0.0,0.0,0.0,0.0,0.0,0.0,2.0,8.0,0.0,1.0,1.545591950416565,7.192509889602661,1724.474853515625,3019.1652069091797,0.0,99.31997299194336,0.0,0.0,4.836342811584473,9.679877400398254,4,1565,0.0,27.999998092651367,0.0,0.0,0.0,0.0,2.0,0.0,2.380063533782959,105.32374572753906,0.0,0.0,0.8821169137954712,5,1654,36.0,0.0,0.0,0.0,0.0,0.0,2.0,0.0,1.5501877069473267,542.6874389648438,0.0,0.0,1.846083641052246,4,1570,33.0,0.0,0.0,0.0,0.0,0.0,2.0,0.0,0.25,425.131591796875,55.16108322143555,0.0,1.0349150896072388,4,1135,7.0,0.0,0.0,0.0,0.0,0.0,0.0,1.0,1.4666666984558105,221.54757690429688,44.15888977050781,0.0,1.0804189443588257,5,1535,31.0,109.0,0.0,27.999998092651367,0.0,0.0,0.0,0.0,0.0,0.0,0.0,0.0,0.0,6.0,0.0,0.0,0.0,4.853700518608093,1087.7255859375,2619.330841064453,0.0,0.0,0.0,0.0,2.8295137882232666,7.107940912246704,4,1534,1.0,27.999998092651367,0.0,0.0,0.0,0.0,2.0,0.0,2.5652964115142822,0.0,0.0,0.0,0.0,5,1612,37.0,0.0,0.0,0.0,0.0,0.0,2.0,0.0,1.7568613290786743,559.6851806640625,0.0,0.0,3.236358642578125,4,1591,34.0,0.0,0.0,0.0,0.0,0.0,1.0,0.0,0.0,851.1043701171875,0.0,0.0,0.0,4,1132,6.0,0.0,0.0,0.0,0.0,0.0,1.0,0.0,0.5315427780151367,120.81570434570312,0.0,0.0,1.0420684814453125,0,0,0,7480,0,0,0,0,0,0,0,7404,0,0,0,0,8,3107,79.0,278.0,0.0,51.75000762939453,0.0,0.0,0.0,1.0,0.0,0.0,0.0,3.0,4.0,17.0,1.0,8.0,4.586623668670654,35.945926666259766,3415.430419921875,6559.434997558594,0.0,99.31997299194336,0.0,0.0,6.0954508781433105,18.45439624786377,6,2879,2.0,50.75000762939453,0.0,0.0,0.0,1.0,4.0,2.0,12.047451972961426,599.7437744140625,0.0,0.0,1.5086301565170288,8,3497,94.0,0.0,0.0,0.0,0.0,1.0,4.0,0.0,5.127992630004883,971.376953125,0.0,0.0,3.549220561981201,6,3609,86.0,1.0,0.0,1.0,0.0,0.0,3.0,2.0,7.485418796539307,991.365234375,55.16108322143555,0.0,1.7002068758010864,6,2156,17.0,0.0,0.0,0.0,0.0,1.0,2.0,3.0,6.698439598083496,581.5186157226562,44.15888977050781,0.0,5.600887775421143,8,2987,79.0,283.0,0.0,64.00001525878906,0.0,0.0,0.0,0.0,0.0,1.0,0.0,0.0,2.0,17.0,0.0,6.0,1.510309100151062,28.42146933078766,3006.040283203125,5642.272171020508,0.0,1836.7408447265625,0.0,0.0,5.498973846435547,14.075912952423096,7,3013,5.0,64.00001525878906,0.0,0.0,0.0,0.0,4.0,2.0,9.531717300415039,0.0,0.0,0.0,0.0,8,3434,97.0,0.0,0.0,0.0,0.0,0.0,3.0,1.0,6.506493091583252,1166.253662109375,0.0,0.0,5.0343017578125,7,3524,87.0,0.0,0.0,0.0,1.0,0.0,3.0,1.0,3.0455448627471924,1290.6624755859375,1836.7408447265625,0.0,2.5005688667297363,5,2115,15.0,0.0,0.0,0.0,0.0,0.0,5.0,2.0,7.827404975891113,179.3157501220703,0.0,0.0,1.0420684814453125,1,0,3,15248,0,0,0,0,0,1,0,15073,0,1,0,0,11,5532,141.0,430.0,4.0,67.75000762939453,0.0,0.0,0.0,2.0,0.0,2.0,0.0,5.0,6.0,34.0,1.0,10.0,9.18492603302002,64.40167903900146,4362.46142578125,11836.239990234375,1016.2879638671875,2521.768508911133,0.0,0.0,9.023972511291504,30.769695043563843,8,4314,6.0,58.75000762939453,0.0,0.0,1.0,2.0,6.0,3.0,17.277751922607422,1219.87109375,0.0,0.0,2.392875909805298,10,5157,133.0,4.0,0.0,0.0,1.0,1.0,5.0,0.0,8.557235717773438,1955.924560546875,0.0,0.0,7.065317153930664,8,5686,126.0,1.0,0.0,2.0,0.0,0.0,5.0,3.0,12.291059494018555,2853.983154296875,1461.3216552734375,0.0,2.741729259490967,7,3434,24.0,0.0,0.0,0.0,0.0,2.0,12.0,3.0,17.09070587158203,1443.999755859375,44.15888977050781,0.0,9.54580020904541,10,5007,123.0,439.0,0.0,95.2500228881836,0.0,5.5,0.0,2.0,1.0,2.0,0.0,5.0,4.0,31.0,3.0,18.0,8.923008918762207,69.52732944488525,5786.90771484375,14003.14697265625,1594.28466796875,5482.099853515625,0.0,0.0,10.465826034545898,30.53387153148651,9,4828,11.0,91.2500228881836,5.5,1.0,0.0,1.0,6.0,7.0,24.34661865234375,798.5221557617188,0.0,0.0,1.582584261894226,11,5771,141.0,0.0,0.0,1.0,0.0,1.0,4.0,1.0,9.27315902709961,3712.7705078125,1054.16748046875,0.0,9.87353515625,10,5667,137.0,4.0,0.0,0.0,1.0,1.0,4.0,2.0,6.220222473144531,2776.5712890625,2833.647705078125,0.0,4.358859062194824,7,3248,27.0,0.0,0.0,0.0,0.0,2.0,13.0,5.0,20.764320373535156,928.3753051757812,0.0,0.0,4.2530670166015625,2,2,5,24123,0,0,0,1,2,2,5,24521,0,2,0,1,14,10225,218.0,743.0,18.200000762939453,130.75001668930054,0.0,0.0,1.0,4.0,3.0,15.0,0.0,12.0,8.0,72.0,5.0,36.0,19.26111602783203,174.13346099853516,15695.349609375,43515.623291015625,1016.2879638671875,2521.768508911133,0.0,0.0,32.092201232910156,120.45526313781738,12,7149,18.0,88.75001525878906,0.0,0.0,4.0,4.0,8.0,12.0,38.06850814819336,4406.5302734375,0.0,0.0,26.782747268676758,15,10212,240.0,16.0,0.0,0.0,4.0,3.0,8.0,2.0,16.081600189208984,9849.8759765625,0.0,0.0,20.267963409423828,13,10636,234.0,7.8000006675720215,0.0,3.0,2.0,1.0,11.0,12.0,40.0250358581543,10530.232421875,1461.3216552734375,0.0,12.39042854309082,11,5715,33.0,0.0,0.0,0.0,2.0,4.0,37.0,5.0,60.697200775146484,3033.635009765625,44.15888977050781,0.0,28.92192268371582,15,11100,216.0,753.0,12.999998092651367,170.5000228881836,4.0,21.5,3.0,15.0,1.0,4.0,6.0,43.0,7.0,75.0,5.0,37.0,18.21080207824707,193.88397216796875,16499.771484375,64006.68408203125,2759.651123046875,25588.448364257812,0.0,0.0,26.817716598510742,93.71646976470947,14,11125,32.0,131.9000244140625,5.5,5.0,0.0,8.0,10.0,12.0,45.466739654541016,12556.29296875,2007.6480712890625,0.0,14.885957717895508,15,11078,227.0,10.600000381469727,5.0,1.0,1.0,10.0,8.0,2.0,19.982358932495117,9733.70703125,5085.57763671875,0.0,20.03501319885254,15,13041,241.0,15.0,7.0,5.0,1.0,6.0,11.0,7.0,37.1752815246582,19521.62890625,15084.0908203125,0.0,10.692366600036621,12,7770,37.0,0.0,0.0,1.0,1.0,13.0,39.0,11.0,73.04878997802734,5695.28369140625,651.480712890625,0.0,21.285415649414062,4,15,12,43937,0,0,0,1,15,4,43,54114,3,4,1,11
104366947889790212,108166997301178190,PCS Summer 2022,pcs_summer_2022,2022-06-23,2022-09-10,ESPORTSTMNT03:2830485,108166997302488954,1,Regular Season,regular_season,Regular Season,2022-07-08,1564,12.11.449.7705,100,3,100,106269804045322803,108517492697602721,Beyond Gaming,Dewish Team,100,BYG Likai,Gragas,BYG Husha,MonkeyKing,BYG Minji,Zoe,BYG Wako,Ezreal,BYG Kino,Nautilus,DWT Lacunae,Gangplank,DWT WSL,Nidalee,DWT xiaotu,Jayce,DWT BangTwo,Xayah,DWT EnHoa,Leona,200,4,100,100,2,0,0,0,0,0,0,5,1537,30.0,112.0,0.0,25.999998092651367,0.0,6.0,0.0,1.0,0.0,0.0,0.0,1.0,1.0,7.0,1.0,1.0,1.2999999523162842,6.955708026885986,287.2727966308594,1956.8035583496094,0.0,0.0,0.0,0.0,0.6517379283905029,2.459669828414917,4,1543,0.0,25.999998092651367,6.0,0.0,0.0,0.0,2.0,0.0,2.80087947845459,548.474365234375,0.0,0.0,0.0,5,1762,37.0,0.0,0.0,0.0,0.0,1.0,2.0,0.0,1.4713404178619385,399.2877197265625,0.0,0.0,0.0,4,1703,39.0,0.0,0.0,0.0,0.0,0.0,0.0,0.0,0.0,554.5496826171875,0.0,0.0,0.0,4,1532,6.0,0.0,0.0,1.0,0.0,0.0,2.0,0.0,1.3834881782531738,167.218994140625,0.0,0.0,1.807931900024414,5,1673,39.0,124.0,0.0,25.999998092651367,0.0,4.0,0.0,0.0,0.0,1.0,0.0,0.0,2.0,8.0,0.0,0.0,0.5333333611488342,8.178813517093658,2002.6053466796875,2963.289237976074,0.0,0.0,0.0,0.0,1.0478572845458984,1.405288189649582,3,1466,0.0,25.999998092651367,4.0,0.0,1.0,0.0,1.0,0.0,4.636667251586914,59.761131286621094,0.0,0.0,0.0,5,1687,39.0,0.0,0.0,0.0,0.0,0.0,2.0,0.0,1.4708997011184692,705.0733642578125,0.0,0.0,0.35743090510368347,4,1654,38.0,0.0,0.0,0.0,0.0,0.0,1.0,0.0,1.537913203239441,195.84939575195312,0.0,0.0,0.0,4,1174,8.0,0.0,0.0,0.0,0.0,0.0,2.0,0.0,0.0,0.0,0.0,0.0,0.0,1,0,1,8077,0,0,0,0,0,1,0,7654,0,0,0,0,8,3233,80.0,273.0,0.0,59.00000762939453,0.0,10.0,0.0,1.0,0.0,1.0,0.0,1.0,4.0,20.0,1.0,3.0,6.077486515045166,29.958420872688293,1820.7333984375,8130.794860839844,0.0,970.8792114257812,0.0,0.0,4.957014083862305,16.849276542663574,6,2848,1.0,55.00000762939453,10.0,0.0,0.0,0.0,2.0,0.0,7.082533836364746,1116.5777587890625,0.0,0.0,0.8025224208831787,8,3558,90.0,4.0,0.0,0.0,0.0,1.0,5.0,1.0,7.707860469818115,1176.4095458984375,0.0,0.0,2.3239452838897705,6,3650,87.0,0.0,0.0,0.0,0.0,0.0,2.0,0.0,1.6100331544876099,3148.495361328125,970.8792114257812,0.0,0.0,6,2535,15.0,0.0,0.0,1.0,1.0,0.0,7.0,1.0,7.480506896972656,868.5787963867188,0.0,0.0,8.76579475402832,8,3259,82.0,264.0,0.0,57.00000762939453,0.0,11.0,0.0,1.0,0.0,1.0,0.0,2.0,4.0,19.0,0.0,5.0,3.954341411590576,34.12799334526062,3381.09423828125,7356.6177978515625,0.0,0.0,0.0,0.0,2.404449462890625,7.315552681684494,6,2970,0.0,57.00000762939453,11.0,0.0,1.0,1.0,2.0,0.0,9.73222541809082,890.6121826171875,0.0,0.0,0.0,8,3524,96.0,0.0,0.0,0.0,0.0,0.0,3.0,3.0,8.124008178710938,1668.19580078125,0.0,0.0,0.35743090510368347,6,3229,71.0,0.0,0.0,1.0,0.0,0.0,3.0,0.0,3.1449291706085205,988.0711669921875,0.0,0.0,0.0,5,2161,15.0,0.0,0.0,0.0,0.0,1.0,7.0,2.0,9.172489166259766,428.6444091796875,0.0,0.0,4.5536723136901855,1,1,1,15824,0,0,0,0,1,1,2,15143,0,0,0,0,10,5188,123.0,425.0,0.0,96.20002293586731,0.0,19.200000047683716,0.0,5.0,1.0,2.0,0.0,7.0,6.0,40.0,1.0,11.0,12.231412887573242,73.38756847381592,5193.498046875,18939.3671875,722.5565185546875,3574.4903259277344,0.0,0.0,11.358426094055176,38.96537709236145,9,5477,3.0,91.0000228881836,18.0,1.0,0.0,1.0,3.0,2.0,12.474200248718262,3514.033935546875,719.1668701171875,0.0,3.8498857021331787,10,5384,129.0,4.0,0.0,0.0,0.0,4.0,9.0,1.0,10.60020923614502,3406.68212890625,0.0,0.0,4.552980899810791,10,7330,151.0,1.2000000476837158,1.2000000476837158,3.0,0.0,0.0,5.0,4.0,12.827727317810059,5217.46240234375,1972.14404296875,0.0,0.0,7,3808,19.0,0.0,0.0,1.0,1.0,2.0,17.0,3.0,25.254018783569336,1607.690673828125,160.62289428710938,0.0,19.204084396362305,11,5391,131.0,413.0,0.0,81.00001525878906,0.0,11.0,0.0,2.0,0.0,5.0,1.0,3.0,6.0,37.0,1.0,10.0,7.140266418457031,65.0500841140747,6356.1103515625,15300.2431640625,1045.970947265625,2183.3212890625,0.0,0.0,5.231565475463867,21.321914315223694,9,4295,6.0,81.00001525878906,11.0,0.0,2.0,1.0,4.0,1.0,14.182662963867188,2466.07177734375,0.0,0.0,2.034806966781616,11,5787,141.0,0.0,0.0,1.0,1.0,0.0,5.0,4.0,11.97404670715332,2926.562255859375,1137.350341796875,0.0,0.49751365184783936,8,4714,111.0,0.0,0.0,1.0,0.0,0.0,7.0,0.0,7.571389198303223,2325.121337890625,0.0,0.0,2.32647705078125,7,3243,24.0,0.0,0.0,0.0,2.0,1.0,15.0,4.0,24.181718826293945,1226.37744140625,0.0,0.0,11.231551170349121,5,2,7,27187,0,0,0,2,2,5,3,23430,0,1,0,0,15,10634,202.0,749.0,9.19999885559082,168.20001983642578,0.0,28.700000762939453,1.0,15.0,1.0,3.0,4.0,31.0,13.0,77.0,3.0,29.0,24.250804901123047,178.77344512939453,9437.439453125,57708.71142578125,4191.70166015625,20185.98793029785,0.0,0.0,17.4934024810791,79.6875867843628,14,10485,32.0,127.0000228881836,19.5,4.0,0.0,6.0,8.0,8.0,33.949588775634766,9788.72265625,4827.1611328125,0.0,8.787818908691406,15,10485,211.0,8.0,0.0,2.0,0.0,10.0,14.0,4.0,28.604740142822266,12742.7939453125,2980.048828125,0.0,17.905216217041016,15,14615,274.0,17.999998092651367,9.200000762939453,7.0,0.0,3.0,10.0,8.0,32.62876892089844,22614.98828125,7964.4013671875,0.0,3.0649003982543945,12,6900,30.0,6.0,0.0,1.0,2.0,8.0,32.0,6.0,59.339542388916016,3124.76708984375,222.67494201660156,0.0,32.436248779296875,14,10950,221.0,723.0,8.0,145.80001831054688,0.0,15.0,0.0,3.0,1.0,15.0,2.0,4.0,12.0,80.0,2.0,30.0,29.439973831176758,187.50321578979492,12288.1875,35250.87683105469,4413.82080078125,11050.559265136719,0.0,0.0,10.340483665466309,40.950501441955566,12,7710,18.0,119.80001831054688,11.0,1.0,5.0,1.0,7.0,7.0,33.432640075683594,5253.99072265625,513.3786010742188,0.0,2.034806966781616,14,10666,233.0,8.0,4.0,1.0,3.0,0.0,8.0,9.0,33.039512634277344,9962.00390625,6123.35986328125,0.0,1.829437494277954,12,9199,219.0,10.0,0.0,1.0,1.0,0.0,12.0,2.0,21.211618423461914,5987.4921875,0.0,0.0,8.21612548828125,11,5373,32.0,0.0,0.0,0.0,5.0,1.0,41.0,10.0,70.37947082519531,1759.2025146484375,0.0,0.0,18.529647827148438,15,3,31,53119,3,2,1,10,3,15,4,43898,0,1,0,3
104366947889790212,108166997301178190,PCS Summer 2022,pcs_summer_2022,2022-06-23,2022-09-10,ESPORTSTMNT03:2830499,108166997302488974,1,Regular Season,regular_season,Regular Season,2022-07-08,1929,12.11.449.7705,200,3,100,107760667929003738,99566406490127625,Frank Esports,J Team,200,FAK YSKM,Jax,FAK Holo,Poppy,FAK Pretender,Viktor,FAK MnM,Kalista,FAK Rebirth,Amumu,JT Driver,Gwen,JT Kongyue,Viego,JT Uniboy,Sylas,JT Lilv,Aphelios,JT Enso,Renata,100,3,100,100,1,0,0,0,0,0,0,5,1675,40.0,122.0,0.0,26.999998092651367,0.0,0.0,0.0,0.0,0.0,0.0,0.0,0.0,1.0,6.0,0.0,0.0,0.0,6.569364070892334,1195.896484375,3146.612163543701,0.0,0.0,0.0,0.0,1.80462646484375,4.940195202827454,4,1513,0.0,26.999998092651367,0.0,0.0,0.0,0.0,1.0,0.0,2.5631840229034424,0.0,0.0,0.0,0.0,5,1673,36.0,0.0,0.0,0.0,0.0,0.0,2.0,0.0,1.480445146560669,1364.8115234375,0.0,0.0,0.0,4,1682,40.0,0.0,0.0,0.0,0.0,0.0,2.0,0.0,1.5257349014282227,526.9150390625,0.0,0.0,0.9810618162155151,3,1132,6.0,0.0,0.0,0.0,0.0,0.0,0.0,0.0,1.0,58.98911666870117,0.0,0.0,2.1545069217681885,5,1412,27.0,102.0,0.0,27.999998092651367,0.0,0.0,0.0,0.0,0.0,0.0,0.0,0.0,2.0,8.0,0.0,0.0,1.5003259181976318,8.379605054855347,596.59033203125,1398.562759399414,0.0,0.0,0.0,0.0,0.0,0.0,4,1619,0.0,27.999998092651367,0.0,0.0,0.0,0.0,1.0,0.0,2.408102035522461,0.0,0.0,0.0,0.0,5,1542,35.0,0.0,0.0,0.0,0.0,0.0,1.0,0.0,1.4692802429199219,0.0,0.0,0.0,0.0,4,1598,35.0,0.0,0.0,0.0,0.0,0.0,2.0,0.0,1.502946138381958,667.2714233398438,0.0,0.0,0.0,4,1104,5.0,0.0,0.0,0.0,0.0,0.0,2.0,0.0,1.498950719833374,134.7010040283203,0.0,0.0,0.0,0,0,0,7675,0,0,0,0,0,0,0,7275,0,0,0,0,8,3208,84.0,282.0,0.0,53.75000762939453,0.0,0.0,0.0,2.0,0.0,1.0,0.0,4.0,3.0,16.0,0.0,2.0,3.136235237121582,26.29676342010498,1540.8115234375,11148.81396484375,0.0,0.0,0.0,0.0,1.80462646484375,17.815797448158264,6,3138,1.0,53.75000762939453,0.0,1.0,0.0,0.0,2.0,1.0,7.805201530456543,1420.140869140625,0.0,0.0,5.116336345672607,8,3661,88.0,0.0,0.0,1.0,0.0,0.0,5.0,0.0,7.637456893920898,3699.4453125,0.0,0.0,1.190881371498108,7,3585,93.0,0.0,0.0,0.0,0.0,2.0,4.0,0.0,4.217869758605957,3771.379150390625,0.0,0.0,2.798738479614258,6,2346,16.0,0.0,0.0,0.0,1.0,2.0,2.0,1.0,3.5,717.037109375,0.0,0.0,6.905214786529541,8,3099,81.0,269.0,0.0,55.999996185302734,0.0,0.0,0.0,1.0,0.0,2.0,0.0,2.0,4.0,18.0,0.0,4.0,2.995776653289795,28.478148937225342,1498.11669921875,9227.294494628906,0.0,0.0,0.0,0.0,0.0,15.943553805351257,7,3324,4.0,55.999996185302734,0.0,1.0,0.0,0.0,3.0,1.0,10.092516899108887,1609.45947265625,0.0,0.0,3.54339599609375,8,3306,91.0,0.0,0.0,0.0,0.0,0.0,4.0,2.0,5.5922698974609375,595.6629028320312,0.0,0.0,0.709776759147644,6,3151,79.0,0.0,0.0,0.0,0.0,1.0,3.0,0.0,2.9987940788269043,3199.146240234375,0.0,0.0,7.231344223022461,5,2117,14.0,0.0,0.0,0.0,2.0,1.0,4.0,1.0,6.798791408538818,2324.9091796875,0.0,0.0,4.459036827087402,2,1,4,15938,0,0,0,0,1,2,2,14997,0,0,0,0,11,5189,138.0,436.0,8.0,89.7500228881836,0.0,0.0,0.0,3.0,1.0,5.0,1.0,8.0,5.0,32.0,1.0,8.0,7.988297939300537,69.9753909111023,3303.14599609375,20777.498779296875,205.72666931152344,205.72666931152344,0.0,0.0,2.858259677886963,33.70278215408325,9,4419,2.0,81.7500228881836,0.0,1.0,0.0,1.0,2.0,2.0,10.4552001953125,2069.924072265625,0.0,0.0,9.200559616088867,10,5554,137.0,0.0,0.0,2.0,0.0,0.0,8.0,0.0,9.186071395874023,7453.77880859375,0.0,0.0,5.1798095703125,9,5221,133.0,0.0,0.0,0.0,2.0,3.0,7.0,1.0,13.935510635375977,6472.36767578125,0.0,0.0,3.5846853256225586,7,3442,26.0,0.0,0.0,0.0,2.0,3.0,10.0,4.0,28.410310745239258,1478.2822265625,0.0,0.0,12.879467964172363,10,4846,115.0,411.0,4.0,96.00000762939453,0.0,0.0,0.0,5.0,1.0,3.0,3.0,13.0,5.0,35.0,0.0,9.0,5.356790542602539,65.86960363388062,3528.291015625,17751.193115234375,692.2608032226562,2262.0327758789062,0.0,0.0,1.3679699897766113,25.240411281585693,9,5276,14.0,80.00000762939453,0.0,2.0,0.0,2.0,5.0,5.0,22.72791290283203,3543.785400390625,0.0,0.0,6.15557861328125,11,5461,141.0,4.0,0.0,0.0,0.0,1.0,6.0,2.0,12.034006118774414,1035.7587890625,1569.77197265625,0.0,2.0170278549194336,9,5583,117.0,8.0,0.0,2.0,0.0,3.0,5.0,0.0,5.753188610076904,5337.306640625,0.0,0.0,8.431356430053711,7,3703,24.0,0.0,0.0,1.0,2.0,4.0,14.0,2.0,19.997705459594727,4306.05126953125,0.0,0.0,7.2684783935546875,3,5,8,23825,0,1,0,0,5,3,13,24869,0,0,0,0,17,14723,277.0,865.0,32.0,182.75003623962402,0.0,5.0,3.0,8.0,4.0,17.0,1.0,20.0,13.0,101.0,6.0,46.0,34.9736442565918,257.8970756530762,17627.357421875,58298.88818359375,9688.9794921875,10642.747192382812,0.0,0.0,11.828189849853516,83.3138017654419,14,8983,16.0,120.75003814697266,5.0,1.0,2.0,6.0,10.0,14.0,47.07365036010742,4744.01318359375,325.69097900390625,0.0,22.48040771484375,16,12747,285.0,16.0,0.0,2.0,1.0,3.0,16.0,9.0,40.64332962036133,20727.69921875,313.4821472167969,0.0,14.362428665161133,15,12619,251.0,13.999998092651367,0.0,2.0,4.0,5.0,14.0,4.0,35.289512634277344,11142.79296875,314.5945739746094,0.0,7.74190616607666,12,7025,36.0,0.0,0.0,0.0,6.0,5.0,48.0,13.0,99.91693878173828,4057.025390625,0.0,0.0,26.900869369506836,16,11746,225.0,850.0,12.0,205.1500358581543,0.0,8.399999618530273,2.0,17.0,3.0,8.0,9.0,45.0,12.0,99.0,1.0,47.0,24.426210403442383,244.9922332763672,15673.2744140625,59728.41943359375,3318.5,21577.256469726562,0.0,0.0,5.545477390289307,55.47465372085571,14,11337,39.0,125.1500244140625,8.399999618530273,4.0,1.0,11.0,16.0,18.0,64.45244598388672,11836.462890625,1820.96044921875,0.0,15.641216278076172,16,12316,259.0,12.75,0.0,3.0,1.0,6.0,16.0,5.0,35.743988037109375,11118.19140625,5128.2080078125,0.0,13.643060684204102,16,16281,292.0,55.2500114440918,0.0,7.0,0.0,5.0,10.0,10.0,27.359296798706055,15196.828125,10750.8505859375,0.0,10.246271133422852,13,7441,35.0,0.0,0.0,1.0,3.0,14.0,45.0,13.0,93.01029205322266,5903.66259765625,558.7374267578125,0.0,10.398628234863281,8,17,20,56097,0,3,1,5,17,8,45,59121,1,1,0,7
104366947889790212,108166997301178190,PCS Summer 2022,pcs_summer_2022,2022-06-23,2022-09-10,ESPORTSTMNT03:2830491,108166997302489000,1,Regular Season,regular_season,Regular Season,2022-07-08,1900,12.11.449.7705,100,3,100,104367068120825486,107635420167535818,PSG Talon,SEM9,100,PSG Hanabi,Gnar,PSG Burry,Viego,PSG Gori,Sylas,PSG Unified,Zeri,PSG Kaiwing,Lulu,S9 N0name,Gangplank,S9 Arashi,MonkeyKing,S9 Lezar,Leblanc,S9 XieDoDo,Ezreal,S9 Axin,Yuumi,100,2,200,100,2,0,1,100,3,0,0,5,1495,30.0,104.0,0.0,31.999998092651367,0.0,0.0,0.0,0.0,0.0,0.0,0.0,0.0,1.0,5.0,0.0,0.0,1.5484493970870972,5.386861681938171,1278.3529052734375,2918.8734283447266,0.0,0.0,0.0,0.0,2.803212881088257,5.984853625297546,4,1650,0.0,31.999998092651367,0.0,0.0,0.0,0.0,1.0,0.0,2.337068796157837,0.0,0.0,0.0,0.0,5,1556,34.0,0.0,0.0,0.0,0.0,0.0,1.0,0.0,1.5013434886932373,481.6042785644531,0.0,0.0,1.053855299949646,4,1700,39.0,0.0,0.0,0.0,0.0,0.0,1.0,0.0,0.0,229.55479431152344,0.0,0.0,0.3342897891998291,4,1199,1.0,0.0,0.0,0.0,0.0,0.0,1.0,0.0,0.0,929.3614501953125,0.0,0.0,1.7934956550598145,5,1645,38.0,106.0,0.0,31.999998092651367,0.0,0.0,0.0,0.0,0.0,0.0,0.0,0.0,2.0,5.0,0.0,0.0,1.535044550895691,5.616549372673035,1641.963134765625,3773.9190063476562,0.0,0.0,0.0,0.0,0.0,0.5447710752487183,4,1655,0.0,31.999998092651367,0.0,0.0,0.0,0.0,1.0,0.0,1.125,0.0,0.0,0.0,0.0,5,1556,32.0,0.0,0.0,0.0,0.0,0.0,1.0,0.0,1.5160692930221558,1103.3509521484375,0.0,0.0,0.0,4,1598,35.0,0.0,0.0,0.0,0.0,0.0,0.0,0.0,0.0,515.9903564453125,0.0,0.0,0.0,4,1139,1.0,0.0,0.0,0.0,0.0,0.0,1.0,0.0,1.440435528755188,512.6145629882812,0.0,0.0,0.5447710752487183,0,0,0,7600,0,0,0,0,0,0,0,7593,0,0,0,0,9,3516,93.0,267.0,0.0,72.00000762939453,0.0,0.0,0.0,0.0,0.0,0.0,0.0,0.0,3.0,21.0,0.0,4.0,4.705502510070801,25.57457661628723,2824.620849609375,7913.6090087890625,737.232666015625,1162.2801818847656,0.0,0.0,5.735732078552246,17.740193724632263,7,3203,1.0,72.00000762939453,0.0,0.0,0.0,0.0,3.0,1.0,6.725955009460449,0.0,0.0,0.0,0.0,8,3159,86.0,0.0,0.0,0.0,0.0,0.0,3.0,1.0,4.869302749633789,1596.4881591796875,0.0,0.0,2.8970324993133545,6,3237,85.0,0.0,0.0,0.0,0.0,0.0,6.0,1.0,3.5519115924835205,1689.2032470703125,309.9332580566406,0.0,1.3082681894302368,6,2189,2.0,0.0,0.0,0.0,0.0,0.0,6.0,1.0,5.721904754638672,1803.2967529296875,115.1142578125,0.0,7.799160957336426,8,3265,85.0,250.0,0.0,72.00001525878906,0.0,0.0,0.0,0.0,0.0,0.0,0.0,0.0,3.0,15.0,0.0,4.0,4.6601152420043945,25.439414501190186,3789.177734375,10132.861083984375,0.0,0.0,0.0,0.0,0.6892383694648743,4.1955161690711975,7,3175,2.0,68.00001525878906,0.0,0.0,0.0,0.0,3.0,1.0,8.713977813720703,0.0,0.0,0.0,0.0,8,3317,83.0,4.0,0.0,0.0,0.0,0.0,4.0,1.0,4.361098766326904,3251.426513671875,0.0,0.0,2.41680908203125,6,3031,77.0,0.0,0.0,0.0,0.0,0.0,3.0,0.0,1.9471206665039062,1871.596435546875,0.0,0.0,0.0,5,2011,3.0,0.0,0.0,0.0,0.0,0.0,2.0,2.0,5.757102012634277,1220.660400390625,0.0,0.0,1.0894687175750732,0,0,0,15304,0,1,0,0,0,0,0,14799,0,0,0,0,11,6227,152.0,438.0,0.0,103.75001525878906,0.0,0.0,0.0,2.0,0.0,1.0,0.0,0.0,6.0,39.0,0.0,11.0,9.128047943115234,68.27247047424316,6300.40966796875,17422.211547851562,2689.620849609375,6696.891448974609,0.0,0.0,11.08270263671875,31.342686414718628,9,4945,5.0,103.75001525878906,0.0,0.0,0.0,0.0,4.0,2.0,14.464140892028809,0.0,292.8229064941406,0.0,0.0,11,5773,134.0,0.0,0.0,2.0,1.0,0.0,3.0,1.0,8.609382629394531,5647.98876953125,550.7200317382812,0.0,8.149738311767578,8,6284,144.0,0.0,0.0,0.0,0.0,0.0,14.0,6.0,21.185089111328125,3590.924560546875,2478.71533203125,0.0,2.684201955795288,7,3361,3.0,0.0,0.0,0.0,0.0,0.0,12.0,2.0,14.885809898376465,1882.8885498046875,685.0123291015625,0.0,9.426043510437012,11,4881,121.0,385.0,0.0,88.0000228881836,0.0,0.0,0.0,1.0,0.0,2.0,1.0,3.0,4.0,28.0,0.0,12.0,6.337082386016846,61.09282207489014,6586.40283203125,18561.439208984375,0.0,0.0,0.0,0.0,1.456512212753296,16.636695623397827,9,4685,15.0,83.7500228881836,0.0,1.0,0.0,0.0,5.0,3.0,15.350839614868164,1137.5350341796875,0.0,0.0,0.90374755859375,10,4864,117.0,4.0,0.0,0.0,2.0,1.0,5.0,1.0,13.254949569702148,5420.921875,0.0,0.0,10.4669189453125,9,4524,124.0,0.25,0.0,0.0,0.0,0.0,4.0,4.0,6.1222710609436035,3368.775390625,0.0,0.0,0.0,7,3080,8.0,0.0,0.0,0.0,0.0,1.0,10.0,4.0,20.027679443359375,2047.8040771484375,0.0,0.0,3.8095169067382812,2,1,0,26590,0,2,0,2,1,2,3,22034,0,0,0,0,17,14118,268.0,856.0,14.0,238.04994583129883,8.0,44.29999828338623,4.0,14.0,0.0,6.0,5.0,35.0,14.0,124.0,5.0,49.0,34.250789642333984,272.70557594299316,20831.248046875,72169.986328125,6626.17431640625,22235.891723632812,0.0,0.0,32.77595520019531,82.76403045654297,15,10309,14.0,164.949951171875,14.699997901916504,1.0,1.0,6.0,13.0,4.0,39.212127685546875,5481.3408203125,2236.877197265625,0.0,4.964555740356445,17,14625,283.0,29.09999656677246,16.0,6.0,3.0,3.0,6.0,4.0,23.63861656188965,20964.9375,1620.1693115234375,0.0,21.121301651000977,15,15241,285.0,29.999998092651367,5.600000381469727,3.0,1.0,9.0,47.0,32.0,110.88346862792969,21695.4296875,9976.6337890625,0.0,10.762970924377441,13,7635,6.0,0.0,0.0,0.0,1.0,12.0,44.0,4.0,64.72057342529297,3197.0302734375,1776.037109375,0.0,13.139246940612793,16,12216,250.0,774.0,0.0,142.2000184059143,0.0,0.0,2.0,6.0,2.0,14.0,2.0,16.0,13.0,80.0,1.0,43.0,24.53229522705078,178.1801929473877,15562.162109375,64563.224609375,3754.5107421875,3977.4335327148438,0.0,0.0,8.385428428649902,48.135924339294434,13,9698,36.0,132.55001831054688,0.0,3.0,3.0,2.0,12.0,19.0,43.04403305053711,10335.36328125,0.0,0.0,8.704891204833984,15,9873,207.0,4.0,0.0,0.0,4.0,4.0,8.0,7.0,29.52571678161621,14161.705078125,222.92279052734375,0.0,13.44189453125,14,11644,271.0,5.650000095367432,0.0,1.0,2.0,3.0,10.0,11.0,20.67226791381836,15971.8720703125,0.0,0.0,0.0,11,6476,10.0,0.0,0.0,0.0,3.0,5.0,37.0,5.0,60.405879974365234,8532.1220703125,0.0,0.0,17.603710174560547,14,6,35,61928,1,4,1,9,6,14,16,49907,0,0,1,1
104366947889790212,108166997301178190,PCS Summer 2022,pcs_summer_2022,2022-06-23,2022-09-10,ESPORTSTMNT03:2830562,108166997302423380,1,Regular Season,regular_season,Regular Season,2022-07-09,2246,12.11.449.7705,100,2,100,107700204561086446,107700199633958891,Deep Cross Gaming,CTBC Flying Oyster,100,DCG Leaky,Gnar,DCG Hana,MonkeyKing,DCG Nestea,Swain,DCG Cryscata,Seraphine,DCG Woody,Ashe,CFO Rest,Kayle,CFO Gemini,Viego,CFO Mission,Galio,CFO Atlen,Senna,CFO Koala,TahmKench,200,5,100,200,1,1,1,100,2,1,100,5,1570,34.0,109.0,0.0,23.999998092651367,0.0,1.5,0.0,0.0,0.0,0.0,0.0,0.0,1.0,6.0,0.0,0.0,0.0,6.387151479721069,1077.1787109375,4427.861785888672,0.0,106.4796142578125,0.0,0.0,2.4632985591888428,14.487721264362335,3,1506,0.0,23.999998092651367,1.5,0.0,0.0,0.0,1.0,0.0,3.12842059135437,293.7040100097656,0.0,0.0,0.6218186020851135,5,1717,42.0,0.0,0.0,0.0,0.0,0.0,2.0,0.0,1.4590847492218018,948.4248046875,0.0,0.0,5.249931335449219,4,1535,32.0,0.0,0.0,0.0,0.0,0.0,1.0,0.0,0.0,925.7304077148438,0.0,0.0,0.369844913482666,3,1319,1.0,0.0,0.0,0.0,0.0,0.0,1.0,0.0,1.7996461391448975,1182.8238525390625,106.4796142578125,0.0,5.782827854156494,5,1500,29.0,100.0,0.0,36.00000762939453,0.0,8.0,0.0,0.0,0.0,0.0,0.0,0.0,1.0,5.0,0.0,0.0,1.4799376726150513,7.829708456993103,1096.659423828125,1869.6916427612305,0.0,0.0,0.0,0.0,1.3703231811523438,3.501782774925232,4,1709,0.0,36.00000762939453,8.0,0.0,0.0,0.0,1.0,0.0,2.96598219871521,0.0,0.0,0.0,0.0,5,1675,40.0,0.0,0.0,0.0,0.0,0.0,2.0,0.0,1.4376767873764038,109.95499420166016,0.0,0.0,0.0,4,1209,0.0,0.0,0.0,0.0,0.0,0.0,1.0,0.0,1.446111798286438,477.29168701171875,0.0,0.0,1.4213420152664185,4,1507,31.0,0.0,0.0,0.0,0.0,0.0,0.0,0.0,0.5,185.78553771972656,0.0,0.0,0.7101175785064697,0,0,0,7647,0,0,0,0,0,0,0,7600,0,0,0,0,8,3611,95.0,286.0,0.0,48.80000305175781,0.0,2.5,0.0,1.0,0.0,0.0,0.0,1.0,3.0,17.0,0.0,2.0,3.2129459381103516,24.983575344085693,3784.412109375,13934.735595703125,578.7085571289062,939.4490814208984,0.0,0.0,6.346623420715332,34.93205976486206,6,2901,1.0,47.80000305175781,2.5,0.0,0.0,1.0,2.0,1.0,5.945087432861328,1021.9853515625,0.0,0.0,2.009652614593506,8,3846,98.0,0.0,0.0,1.0,0.0,0.0,3.0,0.0,4.689596652984619,2807.87548828125,0.0,0.0,7.752774238586426,7,3266,87.0,0.0,0.0,0.0,0.0,0.0,3.0,1.0,3.9881887435913086,3338.556884765625,73.36479187011719,0.0,5.775153160095215,5,2393,5.0,1.0,0.0,0.0,0.0,0.0,6.0,0.0,7.147756576538086,2981.90576171875,287.375732421875,0.0,13.047856330871582,8,2874,62.0,240.0,3.0,67.60001373291016,0.0,14.19999885559082,0.0,0.0,0.0,1.0,0.0,0.0,4.0,16.0,0.0,2.0,3.0621838569641113,23.941356658935547,3397.69775390625,6837.287414550781,48.726417541503906,48.726417541503906,0.0,0.0,3.1846513748168945,13.381896734237671,6,2861,0.0,60.600013732910156,14.19999885559082,0.0,0.0,0.0,5.0,0.0,8.952207565307617,243.71917724609375,0.0,0.0,2.029749631881714,8,3278,89.0,0.0,0.0,0.0,1.0,0.0,3.0,0.0,4.533965110778809,630.5589599609375,0.0,0.0,2.258148193359375,6,2300,4.0,0.0,0.0,0.0,0.0,0.0,4.0,2.0,5.89300012588501,1710.5064697265625,0.0,0.0,3.7897956371307373,7,3325,85.0,4.0,0.0,0.0,0.0,0.0,0.0,0.0,1.5,854.8050537109375,0.0,0.0,2.11955189704895,1,0,1,16017,0,0,0,0,0,1,0,14638,0,1,0,0,11,5643,147.0,442.0,0.0,80.80001068115234,0.0,2.5,0.0,1.0,0.0,0.0,0.0,1.0,4.0,34.0,1.0,6.0,6.3202714920043945,65.53173971176147,6141.6015625,19854.7236328125,578.7085571289062,1562.6589965820312,0.0,0.0,9.851385116577148,48.8817343711853,8,4138,1.0,75.80001068115234,2.5,0.0,0.0,1.0,4.0,1.0,14.536673545837402,1021.9853515625,0.0,0.0,2.009652614593506,11,5558,145.0,4.0,0.0,1.0,0.0,0.0,5.0,0.0,8.663734436035156,3752.1240234375,0.0,0.0,13.85371208190918,9,4894,138.0,0.0,0.0,0.0,0.0,0.0,5.0,1.0,7.4773993492126465,4877.13671875,505.9234924316406,0.0,6.92121696472168,7,3487,11.0,1.0,0.0,0.0,0.0,0.0,16.0,3.0,28.533660888671875,4061.8759765625,478.0269470214844,0.0,16.24576759338379,10,4585,112.0,396.0,3.0,101.20002746582031,0.0,14.19999885559082,0.0,0.0,0.0,1.0,0.0,0.0,7.0,30.0,0.0,11.0,13.020535469055176,59.3575325012207,4470.3115234375,9195.544189453125,48.726417541503906,48.726417541503906,0.0,0.0,4.170529842376709,19.13703155517578,9,4402,2.0,90.20002746582031,14.19999885559082,0.0,0.0,0.0,9.0,2.0,19.9884090423584,243.71917724609375,0.0,0.0,2.029749631881714,11,5033,133.0,4.0,0.0,0.0,1.0,0.0,5.0,0.0,6.239109992980957,1012.5700073242188,0.0,0.0,3.770233154296875,8,3308,9.0,0.0,0.0,0.0,0.0,0.0,9.0,5.0,12.609477996826172,2614.138427734375,0.0,0.0,7.046967029571533,9,5154,140.0,4.0,0.0,0.0,0.0,0.0,0.0,4.0,7.5,854.8050537109375,0.0,0.0,2.11955189704895,1,0,1,23720,0,1,0,0,0,1,0,22482,0,1,0,0,18,16729,314.0,1007.0,21.75,212.94998741149902,0.0,5.700000286102295,3.0,13.0,2.0,3.0,8.0,41.0,13.0,143.0,7.0,46.0,38.894134521484375,322.83979415893555,24130.990234375,101722.23828125,4865.72998046875,14845.759643554688,0.0,0.0,26.390426635742188,178.6863250732422,16,11378,18.0,159.79998779296875,5.700000286102295,1.0,0.0,9.0,14.0,13.0,57.166717529296875,10754.306640625,1520.1185302734375,0.0,10.311103820800781,18,15984,298.0,16.0,0.0,4.0,1.0,8.0,18.0,5.0,52.0113639831543,20211.021484375,4549.513671875,0.0,52.35657501220703,17,15823,341.0,14.399999618530273,0.0,4.0,0.0,7.0,16.0,6.0,35.152008056640625,26714.859375,2383.6162109375,0.0,37.256290435791016,15,9514,36.0,1.0,0.0,1.0,0.0,9.0,82.0,15.0,139.61557006835938,19911.060546875,1526.78125,0.0,52.37192916870117,18,15081,305.0,968.0,71.5,274.2999701499939,5.5,24.499998092651367,1.0,3.0,3.0,13.0,1.0,6.0,14.0,92.0,6.0,66.0,41.19000244140625,232.39623260498047,12778.818359375,43776.44775390625,3184.868408203125,4313.317596435547,0.0,0.0,6.047958850860596,77.56920003890991,15,11223,44.0,162.99996948242188,18.999998092651367,2.0,2.0,0.0,16.0,20.0,56.1656494140625,4132.8125,0.0,0.0,9.507769584655762,17,12005,279.0,16.0,0.0,0.0,3.0,3.0,15.0,3.0,25.404245376586914,10709.794921875,0.0,0.0,23.334075927734375,14,9363,69.0,16.0,0.0,0.0,2.0,1.0,37.0,29.0,89.00619506835938,10182.15625,434.6092224121094,0.0,24.8725643157959,15,11397,271.0,7.8000006675720215,0.0,0.0,3.0,1.0,10.0,8.0,20.63014030456543,5972.86572265625,693.8399658203125,0.0,13.806831359863281,13,3,41,69428,1,5,2,7,3,13,6,59069,0,1,0,2
104366947889790212,108166997301178190,PCS Summer 2022,pcs_summer_2022,2022-06-23,2022-09-10,ESPORTSTMNT03:2830555,108166997302488958,1,Regular Season,regular_season,Regular Season,2022-07-09,2018,12.11.449.7705,100,2,100,104367068120825486,108517492697602721,PSG Talon,Dewish Team,100,PSG Hanabi,Gnar,PSG Burry,XinZhao,PSG Gori,Corki,PSG Unified,Aphelios,PSG Kaiwing,Rakan,DWT Lacunae,Shyvana,DWT WSL,Viego,DWT xiaotu,Zoe,DWT BangTwo,Ezreal,DWT EnHoa,Braum,100,2,100,100,2,0,1,100,5,0,0,5,1598,35.0,109.0,0.0,30.89999809861183,0.0,7.600000381469727,0.0,0.0,0.0,0.0,0.0,0.0,1.0,5.0,0.0,2.0,0.0,6.2298102378845215,1421.17529296875,2899.64054107666,24.115108489990234,24.115108489990234,0.0,0.0,2.8946046829223633,4.57921576499939,4,1581,1.0,30.499998092651367,7.600000381469727,0.0,0.0,0.0,0.0,1.0,1.649999976158142,32.28571319580078,0.0,0.0,0.2735658884048462,5,1654,39.0,0.0,0.0,0.0,0.0,0.0,1.0,0.0,0.0,379.15826416015625,0.0,0.0,0.0,4,1419,26.0,0.0,0.0,0.0,0.0,0.0,2.0,1.0,2.8238844871520996,856.924072265625,0.0,0.0,1.4110451936721802,3,1178,8.0,0.4000000059604645,0.0,0.0,0.0,0.0,1.0,0.0,1.7559257745742798,210.09719848632812,0.0,0.0,0.0,5,1388,23.0,101.0,0.0,21.200000762939453,0.0,6.699999809265137,0.0,0.0,0.0,0.0,0.0,0.0,1.0,6.0,0.0,1.0,1.5000920295715332,5.421928644180298,690.4300537109375,2108.9981842041016,0.0,171.24163818359375,0.0,0.0,0.0,2.395513415336609,3,1409,0.0,21.200000762939453,6.699999809265137,0.0,0.0,0.0,2.0,0.0,2.1718366146087646,195.6169891357422,0.0,0.0,0.8609189987182617,5,1661,39.0,0.0,0.0,0.0,0.0,0.0,1.0,0.0,0.0,670.2111206054688,0.0,0.0,0.0,3,1568,33.0,0.0,0.0,0.0,0.0,0.0,2.0,1.0,0.75,256.4523010253906,171.24163818359375,0.0,0.0,3,1142,6.0,0.0,0.0,0.0,0.0,0.0,0.0,0.0,1.0,296.2877197265625,0.0,0.0,1.5345944166183472,0,0,0,7430,0,0,0,0,0,0,0,7168,0,0,0,0,9,3655,100.0,300.0,0.0,74.40001526474953,0.0,7.600000381469727,0.0,1.0,0.0,0.0,0.0,1.0,3.0,16.0,0.0,7.0,3.099472761154175,25.672415137290955,3060.215087890625,6658.292907714844,664.5499267578125,664.5499267578125,0.0,0.0,4.8189592361450195,9.553719282150269,7,3518,2.0,70.00001525878906,7.600000381469727,1.0,0.0,0.0,1.0,2.0,5.050000190734863,593.703857421875,0.0,0.0,1.0842976570129395,8,3455,94.0,4.0,0.0,0.0,0.0,0.0,4.0,0.0,1.7394195795059204,889.5947265625,0.0,0.0,0.0,7,3192,86.0,0.0,0.0,0.0,0.0,0.0,5.0,3.0,9.14426326751709,1552.5108642578125,0.0,0.0,2.5702011585235596,6,2373,18.0,0.4000000059604645,0.0,0.0,0.0,1.0,3.0,2.0,6.639259338378906,562.2683715820312,0.0,0.0,1.08026123046875,8,3054,75.0,272.0,0.0,53.600006103515625,0.0,6.699999809265137,0.0,0.0,0.0,1.0,0.0,0.0,3.0,16.0,0.0,5.0,4.937395095825195,26.398258209228516,1094.818115234375,3241.641860961914,0.0,171.24163818359375,0.0,0.0,0.0,7.604067802429199,6,2755,2.0,49.600006103515625,6.699999809265137,0.0,1.0,0.0,3.0,2.0,7.580169677734375,195.6169891357422,0.0,0.0,0.8609189987182617,8,3455,93.0,4.0,0.0,0.0,0.0,0.0,3.0,0.0,4.425584316253662,1285.7303466796875,0.0,0.0,4.586880207061768,7,3257,89.0,0.0,0.0,0.0,0.0,0.0,5.0,1.0,4.103088855743408,256.4523010253906,171.24163818359375,0.0,0.0,5,2037,13.0,0.0,0.0,0.0,0.0,0.0,2.0,2.0,5.352020263671875,409.02410888671875,0.0,0.0,2.15626859664917,1,0,1,16193,0,1,0,0,0,1,0,14558,0,0,0,0,11,5761,160.0,482.0,0.0,107.90002289414406,0.0,11.600000381469727,0.0,1.0,0.0,1.0,0.0,1.0,6.0,35.0,0.0,14.0,6.243342876434326,71.12660932540894,6170.1171875,12029.770690917969,1239.940673828125,4012.0083770751953,0.0,0.0,7.506323337554932,13.55030882358551,9,5334,4.0,101.5000228881836,11.600000381469727,1.0,0.0,0.0,2.0,4.0,16.602649688720703,668.2937622070312,223.06057739257812,0.0,1.3255974054336548,11,5969,161.0,4.0,0.0,0.0,0.0,0.0,7.0,2.0,10.622961044311523,2354.50439453125,1631.753173828125,0.0,0.0,9,4980,133.0,2.0,0.0,0.0,0.0,0.0,9.0,4.0,16.841360092163086,2217.995849609375,142.7727508544922,0.0,3.638126850128174,7,3630,24.0,0.4000000059604645,0.0,0.0,1.0,1.0,11.0,4.0,20.816295623779297,618.8594970703125,774.481201171875,0.0,1.08026123046875,11,4801,128.0,447.0,1.75,79.35001373291016,0.0,6.699999809265137,0.0,1.0,0.0,1.0,0.0,0.0,5.0,34.0,1.0,17.0,8.157597541809082,65.8104362487793,3143.919189453125,9281.803405761719,0.0,646.8644409179688,0.0,0.0,0.33685302734375,12.665225744247437,9,3962,6.0,69.60001373291016,6.699999809265137,0.0,1.0,0.0,4.0,5.0,16.031822204589844,276.1015625,0.0,0.0,0.8609189987182617,11,5517,145.0,4.0,0.0,1.0,0.0,0.0,5.0,3.0,10.319007873535156,3639.25048828125,0.0,0.0,8.669708251953125,9,5397,147.0,4.0,0.0,0.0,0.0,0.0,8.0,4.0,12.132990837097168,1741.3316650390625,646.8644409179688,0.0,0.0,6,3059,21.0,0.0,0.0,0.0,0.0,0.0,12.0,4.0,19.169017791748047,481.20050048828125,0.0,0.0,2.7977454662323,1,1,1,25674,0,1,0,1,1,1,0,22736,0,1,0,0,17,13875,278.0,912.0,16.0,219.89996948838234,8.0,23.600000381469727,2.0,9.0,0.0,3.0,3.0,24.0,12.0,101.0,12.0,59.0,45.03059387207031,269.78157806396484,18635.818359375,76133.98461914062,9539.826171875,19503.398803710938,0.0,0.0,23.447786331176758,58.184330463409424,15,10983,20.0,165.49996948242188,11.600000381469727,2.0,0.0,6.0,9.0,14.0,48.82771682739258,8569.8447265625,964.1953125,0.0,10.077043533325195,17,13353,302.0,16.0,4.0,2.0,0.0,5.0,17.0,11.0,50.84373092651367,28895.01171875,3743.1044921875,0.0,1.49784517288208,15,13174,279.0,22.0,0.0,2.0,1.0,2.0,15.0,13.0,44.162132263183594,16346.7197265625,3800.706787109375,0.0,8.989498138427734,13,8059,33.0,0.4000000059604645,0.0,1.0,2.0,8.0,48.0,9.0,80.91740417480469,3686.590087890625,1455.5660400390625,0.0,14.172157287597656,16,10034,236.0,835.0,15.749998092651367,173.35003280639648,0.0,14.699999809265137,0.0,3.0,2.0,9.0,1.0,5.0,7.0,108.0,10.0,54.0,36.06376647949219,247.5779323577881,10939.328125,54672.992431640625,71.0521469116211,8236.219749450684,0.0,0.0,3.2868432998657227,69.9402642250061,14,8491,29.0,122.00003814697266,14.699999809265137,0.0,3.0,1.0,8.0,17.0,55.54108428955078,2258.32177734375,1088.86328125,0.0,6.577399730682373,15,10931,233.0,14.0,0.0,2.0,2.0,1.0,12.0,9.0,30.906415939331055,13186.9951171875,1526.7027587890625,0.0,35.540218353271484,14,13168,301.0,21.59999656677246,0.0,0.0,1.0,2.0,18.0,8.0,37.29401397705078,25933.78515625,5549.6015625,0.0,11.322124481201172,12,6706,36.0,0.0,0.0,1.0,1.0,0.0,63.0,10.0,87.77265167236328,2354.562255859375,0.0,0.0,13.213678359985352,9,3,24,59444,2,4,1,9,3,9,5,49330,0,1,0,2
104366947889790212,108166997301178190,PCS Summer 2022,pcs_summer_2022,2022-06-23,2022-09-10,ESPORTSTMNT03:2830575,108166997302488966,1,Regular Season,regular_season,Regular Season,2022-07-09,2027,12.11.449.7705,100,2,100,106269804045322803,107760667929003738,Beyond Gaming,Frank Esports,200,BYG Likai,Gnar,BYG Husha,XinZhao,BYG Minji,Taliyah,BYG Wako,Lucian,BYG Kino,Nami,FAK YSKM,Irelia,FAK Holo,Viego,FAK Pretender,Ahri,FAK MnM,Senna,FAK Keres,TahmKench,200,2,200,100,2,0,0,0,0,0,0,5,1598,35.0,109.0,0.0,27.5,0.0,0.0,0.0,1.0,0.0,0.0,0.0,1.0,2.0,8.0,0.0,1.0,1.5492886304855347,10.551539421081543,629.7239379882812,3527.4332580566406,0.0,486.01063537597656,0.0,0.0,1.1815012693405151,5.380293995141983,4,1959,0.0,27.5,0.0,1.0,0.0,0.0,2.0,0.0,1.880866289138794,219.46115112304688,0.0,0.0,0.17905738949775696,5,1728,32.0,0.0,0.0,0.0,0.0,1.0,1.0,0.0,1.51028573513031,868.511962890625,0.0,0.0,2.790231943130493,4,1713,42.0,0.0,0.0,0.0,0.0,0.0,2.0,1.0,2.8597965240478516,1449.153076171875,228.21876525878906,0.0,0.0,4,1155,0.0,0.0,0.0,0.0,0.0,0.0,1.0,0.0,2.7513022422790527,360.5831298828125,257.7918701171875,0.0,1.2295033931732178,5,1577,34.0,90.0,0.0,36.0,0.0,0.0,0.0,0.0,0.0,1.0,0.0,0.0,1.0,7.0,0.0,0.0,0.0,4.472431510686874,611.9598388671875,2223.5740966796875,0.0,0.0,0.0,0.0,0.6435394287109375,3.3712387681007385,4,1750,0.0,36.0,0.0,0.0,0.0,0.0,1.0,0.0,2.3349857330322266,0.0,0.0,0.0,0.0,5,1570,34.0,0.0,0.0,0.0,1.0,0.0,2.0,0.0,1.804112434387207,713.7788696289062,0.0,0.0,0.4240543246269226,3,1299,4.0,0.0,0.0,0.0,0.0,0.0,1.0,0.0,0.0,679.7757568359375,0.0,0.0,1.2470263242721558,3,1269,18.0,0.0,0.0,0.0,0.0,0.0,2.0,0.0,0.3333333432674408,218.05963134765625,0.0,0.0,1.0566186904907227,1,0,1,8153,0,0,0,0,0,1,0,7465,0,0,0,0,8,2956,69.0,238.0,0.0,64.00000762939453,0.0,0.0,0.0,1.0,0.0,1.0,0.0,1.0,4.0,23.0,0.0,6.0,4.783380031585693,40.04522514343262,1454.5145263671875,7257.773101806641,0.0,486.01063537597656,0.0,0.0,2.5132853984832764,14.62843656539917,7,3555,4.0,64.00000762939453,0.0,1.0,0.0,0.0,5.0,4.0,14.79670238494873,404.9151916503906,0.0,0.0,0.720867395401001,8,3238,78.0,0.0,0.0,0.0,0.0,1.0,4.0,0.0,4.436803817749023,1554.272705078125,0.0,0.0,5.1383748054504395,6,3173,85.0,0.0,0.0,0.0,1.0,0.0,4.0,1.0,6.5124945640563965,3027.988037109375,228.21876525878906,0.0,0.0,6,2023,2.0,0.0,0.0,0.0,0.0,0.0,6.0,1.0,9.515844345092773,816.0826416015625,257.7918701171875,0.0,6.255908966064453,8,3376,94.0,259.0,0.0,64.00001525878906,0.0,4.0,0.0,1.0,0.0,1.0,0.0,1.0,4.0,21.0,0.0,9.0,2.807324171066284,28.936046361923218,1227.7799072265625,5628.061115264893,0.0,0.0,0.0,0.0,1.2171173095703125,9.151742219924927,7,3114,4.0,64.00001525878906,4.0,0.0,0.0,0.0,3.0,4.0,9.674739837646484,55.44063186645508,0.0,0.0,0.203125,8,3124,83.0,0.0,0.0,0.0,1.0,0.0,4.0,1.0,4.950915336608887,1779.1885986328125,0.0,0.0,1.7720158100128174,6,2767,13.0,0.0,0.0,1.0,0.0,0.0,6.0,3.0,6.436727046966553,1792.298095703125,0.0,0.0,4.062708377838135,7,3003,65.0,0.0,0.0,0.0,0.0,1.0,4.0,1.0,5.06633996963501,773.3538818359375,0.0,0.0,1.896775722503662,1,1,1,14945,0,0,0,0,1,1,1,15384,0,0,0,0,10,4543,119.0,397.0,0.0,80.00000762939453,0.0,0.0,0.0,1.0,1.0,3.0,0.0,1.0,7.0,46.0,1.0,14.0,13.892899513244629,73.7924394607544,2721.509765625,16072.515747070312,0.0,577.2497711181641,0.0,0.0,4.447210311889648,26.721207857131958,8,4869,8.0,80.00000762939453,0.0,1.0,1.0,0.0,8.0,6.0,22.055761337280273,1515.2930908203125,0.0,0.0,2.15008282661438,10,5022,128.0,0.0,0.0,0.0,0.0,1.0,6.0,1.0,5.434871673583984,4009.069580078125,0.0,0.0,9.42628002166748,9,4917,137.0,0.0,0.0,0.0,1.0,0.0,7.0,3.0,13.315362930297852,6097.31982421875,228.21876525878906,0.0,0.0,8,2941,5.0,0.0,0.0,0.0,0.0,0.0,18.0,3.0,19.093544006347656,1729.323486328125,349.031005859375,0.0,10.69763469696045,11,5687,158.0,439.0,0.0,107.60003510117531,0.0,15.599998861551285,1.0,3.0,0.0,1.0,0.0,2.0,5.0,38.0,2.0,22.0,8.696715354919434,82.87658023834229,3177.407958984375,12787.459228515625,0.0,130.65870666503906,0.0,0.0,2.7582008838653564,18.80035400390625,9,5129,7.0,107.20003509521484,15.19999885559082,1.0,0.0,0.0,4.0,6.0,17.36067771911621,1792.664794921875,0.0,0.0,3.050238609313965,10,4829,141.0,0.4000000059604645,0.4000000059604645,0.0,1.0,0.0,9.0,4.0,16.978900909423828,3515.942626953125,0.0,0.0,3.5605289936065674,8,4074,20.0,0.0,0.0,1.0,0.0,1.0,13.0,6.0,25.160842895507812,2866.345947265625,130.65870666503906,0.0,5.936783790588379,9,4543,113.0,0.0,0.0,0.0,0.0,1.0,7.0,4.0,14.679443359375,1435.097900390625,0.0,0.0,3.4946017265319824,1,3,1,22292,0,0,0,0,3,1,2,24262,0,1,0,0,17,10835,241.0,781.0,5.199999809265137,181.2000093460083,0.0,5.099999964237213,1.0,6.0,4.0,20.0,2.0,11.0,19.0,139.0,7.0,53.0,40.16840744018555,237.6344108581543,10161.2587890625,68440.5009765625,0.0,2928.467300415039,0.0,0.0,17.367984771728516,111.52776408195496,14,10246,20.0,141.20001220703125,3.799999952316284,2.0,5.0,1.0,14.0,11.0,45.729942321777344,7181.13232421875,0.0,0.0,11.023189544677734,15,10595,212.0,10.0,0.5,2.0,4.0,2.0,9.0,6.0,16.66253662109375,22844.29296875,2351.217529296875,0.0,43.18638610839844,15,12038,289.0,24.799997329711914,0.800000011920929,0.0,4.0,3.0,15.0,12.0,33.54217529296875,21364.533203125,228.21876525878906,0.0,3.1054885387420654,12,7493,19.0,0.0,0.0,1.0,3.0,3.0,82.0,17.0,101.5313491821289,6889.28369140625,349.031005859375,0.0,36.8447151184082,18,15578,302.0,884.0,26.349998474121094,225.79999327659607,5.599999904632568,36.899998009204865,5.0,20.0,3.0,6.0,5.0,43.0,15.0,140.0,4.0,84.0,38.2967414855957,350.3190689086914,18539.009765625,65370.9560546875,5967.53955078125,21242.27392578125,0.0,0.0,7.9863786697387695,60.368979930877686,17,13230,32.0,186.64999389648438,30.499998092651367,5.0,0.0,6.0,12.0,16.0,49.93971633911133,10146.8232421875,3332.8701171875,0.0,7.601778507232666,17,14367,295.0,4.800000190734863,0.800000011920929,6.0,2.0,6.0,23.0,14.0,53.68548583984375,18307.5390625,3187.31298828125,0.0,18.342491149902344,15,12349,82.0,1.2000000476837158,0.0,3.0,0.0,14.0,55.0,38.0,143.60980224609375,13112.5,7393.6142578125,0.0,17.741291046142578,16,11369,173.0,6.8000006675720215,0.0,1.0,1.0,12.0,35.0,12.0,64.78732299804688,5265.083984375,1360.93701171875,0.0,8.697040557861328,6,20,11,51207,0,1,0,2,20,6,43,66893,1,3,2,9
104366947889790212,108166997301178190,PCS Summer 2022,pcs_summer_2022,2022-06-23,2022-09-10,ESPORTSTMNT03:2830574,108166997302488982,1,Regular Season,regular_season,Regular Season,2022-07-09,1427,12.11.449.7705,100,1,100,106269859169658575,107635420167535818,Impunity Esports,SEM9,100,IMP ICU,Sejuani,IMP Alex,Trundle,IMP Husky,Sylas,IMP Lz,Zeri,IMP Winnie ,Nautilus,S9 N0name,Nasus,S9 Arashi,Volibear,S9 Lezar,Orianna,S9 XieDoDo,Ezreal,S9 Axin,Yuumi,100,6,100,100,2,0,0,0,0,0,0,5,1468,30.0,106.0,0.0,23.999998092651367,0.0,0.0,0.0,0.0,0.0,0.0,0.0,0.0,2.0,9.0,0.0,1.0,1.5306724309921265,7.036800026893616,922.6255493164062,1731.0480880737305,0.0,0.0,0.0,0.0,0.32066118717193604,4.293227732181549,4,1475,1.0,23.999998092651367,0.0,0.0,0.0,0.0,2.0,1.0,2.046107769012451,91.23072052001953,0.0,0.0,0.6489065885543823,4,1479,29.0,0.0,0.0,0.0,0.0,0.0,2.0,0.0,0.0,309.07061767578125,0.0,0.0,1.0812408924102783,4,1722,40.0,0.0,0.0,0.0,0.0,0.0,2.0,0.0,1.4614856243133545,234.71380615234375,0.0,0.0,0.36673444509506226,3,1125,6.0,0.0,0.0,0.0,0.0,0.0,1.0,0.0,1.9985342025756836,173.4073944091797,0.0,0.0,1.8756846189498901,5,1556,32.0,103.0,0.0,31.999998092651367,0.0,0.0,0.0,0.0,0.0,0.0,0.0,0.0,1.0,5.0,0.0,0.0,1.5040186643600464,7.6394723653793335,329.0369567871094,3075.0620040893555,0.0,0.0,0.0,0.0,0.0,3.7758092880249023,4,1696,0.0,31.999998092651367,0.0,0.0,0.0,0.0,1.0,0.0,3.4313273429870605,117.7727279663086,0.0,0.0,0.3562147617340088,5,1493,32.0,0.0,0.0,0.0,0.0,0.0,2.0,0.0,1.266003966331482,1324.675537109375,0.0,0.0,2.40472149848938,4,1661,39.0,0.0,0.0,0.0,0.0,0.0,0.0,0.0,0.0,765.4549560546875,0.0,0.0,0.0,4,1165,0.0,0.0,0.0,0.0,0.0,0.0,1.0,0.0,1.4381223917007446,538.121826171875,0.0,0.0,1.0148730278015137,0,0,0,7269,0,0,0,0,0,0,0,7571,0,0,0,0,8,3500,60.0,241.0,0.0,51.999996185302734,0.0,0.0,2.0,7.0,1.0,3.0,3.0,14.0,4.0,13.0,1.0,5.0,5.082675457000732,22.49692928791046,5426.4697265625,11956.300109863281,588.4391479492188,1758.8147735595703,0.0,0.0,8.937102317810059,27.194441497325897,7,4494,8.0,47.999996185302734,0.0,3.0,0.0,3.0,2.0,2.0,6.369556903839111,2897.0634765625,528.7691040039062,0.0,4.668245792388916,8,3496,77.0,0.0,0.0,1.0,1.0,3.0,2.0,0.0,1.5801721811294556,1800.052001953125,117.60664367675781,0.0,3.7017621994018555,7,4022,85.0,4.0,0.0,1.0,0.0,1.0,3.0,0.0,4.5826568603515625,975.93408203125,523.9998779296875,0.0,0.7109939455986023,5,2245,11.0,0.0,0.0,0.0,1.0,4.0,2.0,2.0,4.8818678855896,856.7808227539062,0.0,0.0,9.176337242126465,8,3238,83.0,226.0,0.0,60.00001525878906,0.0,0.0,0.0,3.0,1.0,7.0,2.0,11.0,4.0,13.0,0.0,1.0,4.7082366943359375,17.87647247314453,1526.07373046875,10996.75146484375,0.0,0.0,0.0,0.0,0.0,14.34175980091095,7,3245,7.0,60.00001525878906,0.0,0.0,1.0,3.0,2.0,1.0,6.672994136810303,1620.3306884765625,0.0,0.0,4.0935821533203125,7,2913,55.0,0.0,0.0,1.0,3.0,2.0,2.0,0.0,2.8623769283294678,3438.746826171875,0.0,0.0,8.650242805480957,7,3496,81.0,0.0,0.0,1.0,1.0,2.0,3.0,0.0,1.6947423219680786,3245.988037109375,0.0,0.0,0.0,5,2312,0.0,0.0,0.0,1.0,1.0,2.0,2.0,0.0,1.9381223917007446,1165.6121826171875,0.0,0.0,1.5979348421096802,7,3,14,17757,0,0,0,0,3,7,11,15204,0,0,0,0,10,5701,110.0,421.0,0.0,84.00000762939453,0.0,8.0,2.0,12.0,1.0,3.0,6.0,26.0,7.0,31.0,1.0,12.0,8.347854614257812,54.90613412857056,9081.4365234375,23115.75634765625,949.175048828125,6476.419494628906,0.0,0.0,15.602588653564453,52.1805317401886,9,6937,10.0,80.00000762939453,8.0,4.0,0.0,7.0,3.0,4.0,13.752889633178711,5860.55322265625,865.9116821289062,0.0,8.690052032470703,10,6030,129.0,0.0,0.0,2.0,1.0,4.0,5.0,1.0,6.348795413970947,2533.0380859375,987.134521484375,0.0,6.630432605743408,10,7835,154.0,4.0,0.0,3.0,0.0,1.0,6.0,1.0,8.103097915649414,3525.766845703125,3674.1982421875,0.0,1.595219373703003,7,3851,18.0,0.0,0.0,1.0,1.0,8.0,10.0,5.0,18.353496551513672,2114.961669921875,0.0,0.0,19.66223907470703,10,4924,129.0,382.0,3.0,87.00001525878906,0.0,0.0,0.0,3.0,2.0,12.0,2.0,11.0,6.0,29.0,0.0,8.0,6.406457424163818,52.41914415359497,3822.49462890625,18634.895385742188,0.0,0.0,0.0,0.0,1.4474543333053589,22.646520018577576,9,4668,18.0,80.00001525878906,0.0,0.0,2.0,3.0,6.0,4.0,19.044647216796875,3920.15185546875,0.0,0.0,7.593202114105225,10,4618,107.0,0.0,0.0,1.0,3.0,2.0,5.0,1.0,7.364391803741455,4317.86181640625,0.0,0.0,11.118242263793945,9,5064,123.0,4.0,0.0,1.0,2.0,2.0,5.0,0.0,3.8031468391418457,4735.404296875,0.0,0.0,0.0,6,3346,5.0,0.0,0.0,1.0,3.0,2.0,7.0,3.0,15.800500869750977,1838.9827880859375,0.0,0.0,2.487621307373047,12,3,26,30354,0,1,0,2,3,12,11,22620,0,0,0,0,14,8846,159.0,625.0,8.0,172.00000762939453,8.0,36.0,2.0,18.0,1.0,4.0,10.0,44.0,12.0,63.0,2.0,30.0,22.871837615966797,159.5022792816162,14871.640625,54019.304931640625,2994.5986328125,18857.039993286133,0.0,0.0,26.825292587280273,99.85437750816345,13,10442,23.0,121.80001068115234,13.799999237060547,4.0,0.0,11.0,5.0,10.0,34.344764709472656,8811.98828125,4267.0517578125,0.0,18.552709579467773,14,9611,166.0,16.0,4.0,2.0,1.0,10.0,7.0,5.0,27.564350128173828,9875.2119140625,3332.84716796875,0.0,11.604143142700195,15,14313,252.0,26.199996948242188,10.200000762939453,9.0,0.0,1.0,14.0,5.0,26.115808486938477,16525.416015625,8065.0537109375,0.0,3.896493673324585,10,6607,25.0,0.0,0.0,1.0,2.0,12.0,25.0,8.0,48.60551834106445,3935.048095703125,197.4887237548828,0.0,38.975738525390625,13,8102,200.0,603.0,4.0,115.00001525878906,0.0,0.0,0.0,4.0,4.0,18.0,2.0,14.0,10.0,58.0,0.0,24.0,16.74627113342285,122.68783855438232,8517.369140625,43534.28076171875,3902.27685546875,6320.345550537109,0.0,0.0,4.059725284576416,55.10707139968872,11,6902,28.0,99.00001525878906,0.0,1.0,4.0,3.0,10.0,10.0,32.787471771240234,6743.89892578125,509.9356689453125,0.0,14.491530418395996,12,7139,167.0,4.0,0.0,1.0,4.0,3.0,6.0,3.0,11.388421058654785,10451.5751953125,399.9914245605469,0.0,23.2291202545166,12,8194,199.0,8.0,0.0,1.0,3.0,3.0,8.0,5.0,17.09654998779297,12989.9296875,1508.1416015625,0.0,0.0,9,5098,9.0,0.0,0.0,1.0,3.0,3.0,24.0,6.0,44.669124603271484,4831.5078125,0.0,0.0,13.326695442199707,18,4,44,49819,1,3,1,8,4,18,14,35435,0,0,0,1
104366947889790212,108166997301178190,PCS Summer 2022,pcs_summer_2022,2022-06-23,2022-09-10,ESPORTSTMNT03:2830545,108166997302488998,1,Regular Season,regular_season,Regular Season,2022-07-09,1501,12.11.449.7705,100,3,100,99566406490127625,107700211633200412,J Team,Meta Falcon Team,100,JT Rock,Sejuani,JT Kongyue,MonkeyKing,JT Uniboy,Lissandra,JT Lilv,Lucian,JT Enso,Nami,MFT Taco,Gwen,MFT Renhao,Viego,MFT Wen,Swain,MFT Whale,Xayah,MFT 1SSUE,Renata,100,6,100,200,1,1,0,0,0,0,0,5,1500,31.0,111.0,0.0,36.0,0.0,0.0,0.0,0.0,0.0,0.0,0.0,0.0,1.0,8.0,0.0,1.0,0.0,7.118721604347229,1340.95458984375,3599.3935546875,0.0,0.0,0.0,0.0,2.2242281436920166,2.805119201540947,4,1742,0.0,36.0,0.0,0.0,0.0,0.0,2.0,0.0,2.125,0.0,0.0,0.0,0.0,5,1661,39.0,0.0,0.0,0.0,0.0,0.0,2.0,0.0,1.847967267036438,1320.0301513671875,0.0,0.0,0.24570207297801971,4,1668,40.0,0.0,0.0,0.0,0.0,0.0,1.0,0.0,0.0,602.3917236328125,0.0,0.0,0.0,4,1075,1.0,0.0,0.0,0.0,0.0,0.0,2.0,1.0,3.145754337310791,336.01708984375,0.0,0.0,0.33518898487091064,5,1577,34.0,93.0,0.0,22.999998092651367,0.0,0.0,0.0,0.0,0.0,0.0,0.0,0.0,2.0,8.0,0.0,2.0,1.4593188762664795,10.116994768381119,1348.43603515625,2461.9373779296875,0.0,0.0,0.0,0.0,0.0,3.280734062194824,4,1456,2.0,22.999998092651367,0.0,0.0,0.0,0.0,1.0,2.0,5.27392578125,0.0,0.0,0.0,0.0,5,1531,34.0,0.0,0.0,0.0,0.0,0.0,2.0,0.0,1.501863718032837,616.6880493164062,0.0,0.0,2.0658369064331055,3,1339,23.0,0.0,0.0,0.0,0.0,0.0,2.0,0.0,0.3820327818393707,242.09178161621094,0.0,0.0,0.0,3,1005,0.0,0.0,0.0,0.0,0.0,0.0,1.0,0.0,1.4998536109924316,254.7215118408203,0.0,0.0,1.2148971557617188,0,0,0,7646,0,0,0,0,0,0,0,6908,0,0,0,0,8,3114,83.0,281.0,0.0,68.00001525878906,0.0,0.0,0.0,0.0,0.0,0.0,0.0,0.0,3.0,20.0,0.0,6.0,3.143662452697754,30.394304394721985,3163.240966796875,7415.151123046875,0.0,885.09375,0.0,0.0,6.507546901702881,9.49823696911335,7,3135,3.0,68.00001525878906,0.0,0.0,0.0,0.0,3.0,3.0,10.28786849975586,294.45068359375,0.0,0.0,0.45916464924812317,8,3543,95.0,0.0,0.0,0.0,0.0,0.0,3.0,0.0,1.847967267036438,1740.74609375,0.0,0.0,0.24570207297801971,7,3775,98.0,0.0,0.0,0.0,0.0,0.0,4.0,1.0,4.903380393981934,1654.1600341796875,885.09375,0.0,0.0,5,1857,2.0,0.0,0.0,0.0,0.0,0.0,7.0,2.0,10.21142578125,562.5533447265625,0.0,0.0,2.285823345184326,9,3397,95.0,262.0,0.0,60.000003814697266,0.0,0.0,0.0,0.0,0.0,0.0,0.0,0.0,3.0,18.0,0.0,4.0,3.9585580825805664,32.378479957580566,2743.595703125,4852.162536621094,0.0,0.0,0.0,0.0,0.0,7.7848029136657715,7,3014,5.0,60.000003814697266,0.0,0.0,0.0,0.0,2.0,2.0,7.39892578125,0.0,0.0,0.0,0.0,8,3163,87.0,0.0,0.0,0.0,0.0,0.0,5.0,0.0,4.918700218200684,1102.145751953125,0.0,0.0,6.213417053222656,6,2891,71.0,0.0,0.0,0.0,0.0,0.0,4.0,0.0,7.96915340423584,539.593994140625,0.0,0.0,0.0,5,1812,4.0,0.0,0.0,0.0,0.0,0.0,4.0,2.0,8.133142471313477,466.82708740234375,0.0,0.0,1.5713858604431152,0,0,0,15424,0,1,0,0,0,0,0,14277,0,0,0,0,11,5724,134.0,448.0,0.0,94.0000228881836,0.0,0.0,1.0,6.0,0.0,0.0,2.0,10.0,6.0,30.0,1.0,8.0,8.488248825073242,58.69740581512451,7254.74658203125,20080.395141601562,2142.701904296875,5919.886421203613,0.0,0.0,13.001120567321777,25.647168517112732,10,4834,9.0,94.0000228881836,0.0,0.0,0.0,3.0,4.0,3.0,18.55454444885254,2114.823974609375,0.0,0.0,1.8750611543655396,11,6650,152.0,0.0,0.0,4.0,0.0,0.0,4.0,0.0,5.168752670288086,3172.5654296875,603.9168090820312,0.0,2.558973550796509,9,6277,150.0,0.0,0.0,0.0,0.0,3.0,7.0,1.0,8.409831047058105,5583.0361328125,3088.5224609375,0.0,0.0,7,3533,3.0,0.0,0.0,1.0,0.0,2.0,9.0,3.0,18.07602882385254,1955.2230224609375,84.74524688720703,0.0,8.212013244628906,10,5227,123.0,404.0,0.0,80.80001068115234,0.0,0.0,0.0,0.0,3.0,6.0,0.0,0.0,6.0,27.0,0.0,11.0,9.225688934326172,57.17143630981445,6279.8740234375,13608.86328125,1013.1875,1486.0608825683594,0.0,0.0,2.7266592979431152,20.86374807357788,8,4268,7.0,76.80001068115234,0.0,0.0,1.0,0.0,4.0,4.0,16.588546752929688,868.3624267578125,0.0,0.0,1.8721604347229004,11,5205,149.0,4.0,0.0,0.0,0.0,0.0,7.0,2.0,9.497543334960938,1658.0074462890625,472.8733825683594,0.0,8.367609977722168,8,4512,119.0,0.0,0.0,0.0,1.0,0.0,5.0,2.0,12.72651481628418,3323.8154296875,0.0,0.0,1.25537109375,7,2696,6.0,0.0,0.0,0.0,1.0,0.0,5.0,3.0,9.133142471313477,1478.803955078125,0.0,0.0,6.641947269439697,6,0,10,27018,0,2,0,1,0,6,0,21908,0,0,0,0,15,10806,169.0,645.0,4.0,164.85000038146973,4.0,19.600000381469727,6.0,25.0,0.0,7.0,14.0,59.0,8.0,62.0,1.0,24.0,18.115455627441406,172.09042167663574,19224.455078125,75357.7822265625,4639.86279296875,21515.60546875,0.0,0.0,28.429901123046875,93.05305051803589,14,10685,26.0,136.0,8.0,5.0,1.0,10.0,8.0,10.0,47.493309020996094,15143.396484375,2749.63916015625,0.0,15.547223091125488,15,12650,229.0,1.0,0.0,7.0,2.0,10.0,6.0,4.0,24.175945281982422,17189.125,5840.185546875,0.0,25.579317092895508,14,12982,216.0,23.850000381469727,7.600000381469727,6.0,2.0,9.0,11.0,4.0,19.828195571899414,17599.216796875,7181.560546875,0.0,1.0998311042785645,11,7051,5.0,0.0,0.0,1.0,2.0,16.0,29.0,5.0,62.477516174316406,6201.5888671875,1104.357421875,0.0,22.396778106689453,12,8453,161.0,597.0,8.0,117.1500153541565,0.0,0.0,1.0,7.0,7.0,25.0,1.0,11.0,7.0,53.0,0.0,18.0,12.28579330444336,109.25199508666992,15042.068359375,53840.066162109375,1013.1875,1486.0608825683594,0.0,0.0,6.579503059387207,68.62383651733398,12,8770,13.0,95.25001525878906,0.0,4.0,5.0,2.0,9.0,6.0,24.8978328704834,13750.0380859375,0.0,0.0,10.65781307220459,14,9372,209.0,9.5,0.0,2.0,2.0,3.0,11.0,3.0,16.73783302307129,11746.486328125,472.8733825683594,0.0,35.39897918701172,12,8129,203.0,4.400000095367432,0.0,0.0,5.0,2.0,9.0,5.0,22.13037109375,9395.7314453125,0.0,0.0,5.07440185546875,10,4759,11.0,0.0,0.0,0.0,6.0,3.0,17.0,4.0,33.200164794921875,3905.741943359375,0.0,0.0,10.913139343261719,25,7,59,54174,3,3,1,11,7,25,11,39483,0,0,0,0
104366947889790212,108166997301178190,PCS Summer 2022,pcs_summer_2022,2022-06-23,2022-09-10,ESPORTSTMNT03:2820816,108166997302423382,1,Regular Season,regular_season,Regular Season,2022-07-10,1533,12.11.449.7705,100,2,100,107700199633958891,108517492697602721,CTBC Flying Oyster,Dewish Team,100,CFO Rest,Gnar,CFO Gemini,Poppy,CFO Mission,Corki,CFO Shunn,Kalista,CFO Koala,Alistar,DWT Lacunae,Gwen,DWT WSL,LeeSin,DWT xiaotu,Zoe,DWT BangTwo,Tristana,DWT EnHoa,Nautilus,100,2,100,100,1,1,1,100,3,0,0,5,1626,37.0,121.0,0.0,24.0,0.0,0.0,0.0,0.0,0.0,0.0,0.0,0.0,1.0,6.0,0.0,0.0,1.4786584377288818,8.168529272079468,1150.602294921875,2650.3074645996094,0.0,48.345924377441406,0.0,0.0,1.35994553565979,9.009233236312866,3,1452,0.0,24.0,0.0,0.0,0.0,0.0,2.0,0.0,2.1709043979644775,126.95997619628906,0.0,0.0,1.5591634511947632,5,1698,40.0,0.0,0.0,0.0,0.0,0.0,1.0,0.0,1.5627456903457642,196.85850524902344,0.0,0.0,0.0,4,1633,37.0,0.0,0.0,0.0,0.0,0.0,1.0,0.0,1.4544215202331543,861.7872924804688,48.345924377441406,0.0,1.6419373750686646,4,1153,7.0,0.0,0.0,0.0,0.0,0.0,1.0,0.0,1.50179922580719,314.0993957519531,0.0,0.0,4.448186874389648,5,1493,32.0,103.0,0.0,23.999998092651367,0.0,0.0,0.0,0.0,0.0,0.0,0.0,0.0,0.0,6.0,0.0,0.0,0.0,4.971864819526672,575.26123046875,2286.448013305664,0.0,0.0,0.0,0.0,0.0,7.323637008666992,4,1488,0.0,23.999998092651367,0.0,0.0,0.0,0.0,1.0,0.0,1.5103708505630493,38.5716552734375,0.0,0.0,0.0,5,1640,38.0,0.0,0.0,0.0,0.0,0.0,2.0,0.0,1.5210927724838257,757.1788330078125,0.0,0.0,2.6416893005371094,4,1437,26.0,0.0,0.0,0.0,0.0,0.0,2.0,0.0,0.0,685.5286254882812,0.0,0.0,0.0,3,1146,7.0,0.0,0.0,0.0,0.0,0.0,1.0,0.0,1.9404011964797974,229.9076690673828,0.0,0.0,4.681947708129883,0,0,0,7562,0,0,0,0,0,0,0,7204,0,0,0,0,8,3499,91.0,284.0,4.0,58.80000305175781,0.0,2.799999952316284,0.0,2.0,0.0,0.0,0.0,4.0,4.0,22.0,2.0,3.0,6.561636447906494,33.89214754104614,2737.03955078125,7851.4678955078125,339.49493408203125,1338.3767700195312,0.0,0.0,5.336024761199951,21.40354561805725,6,3052,2.0,50.80000305175781,2.799999952316284,1.0,0.0,1.0,4.0,1.0,8.677553176879883,548.5884399414062,0.0,0.0,3.173203706741333,8,3809,100.0,4.0,0.0,0.0,0.0,0.0,4.0,0.0,4.717410564422607,1282.6138916015625,450.50054931640625,0.0,0.0,6,3653,77.0,0.0,0.0,1.0,0.0,1.0,5.0,0.0,7.8317952156066895,2515.34716796875,548.3812866210938,0.0,2.806946277618408,5,2246,14.0,0.0,0.0,0.0,0.0,2.0,5.0,0.0,6.103752136230469,767.8788452148438,0.0,0.0,10.087370872497559,8,2776,68.0,225.0,0.0,57.20000457763672,0.0,0.0,0.0,0.0,0.0,2.0,0.0,0.0,5.0,16.0,1.0,4.0,7.04271125793457,27.044783353805542,982.36865234375,6701.403839111328,0.0,22.69922637939453,0.0,0.0,0.0,17.28646945953369,6,2854,0.0,53.20000457763672,0.0,0.0,0.0,0.0,3.0,0.0,5.571062088012695,120.90658569335938,0.0,0.0,0.0,8,3273,88.0,0.0,0.0,0.0,0.0,0.0,2.0,1.0,4.6096086502075195,2673.075439453125,22.69922637939453,0.0,7.954096794128418,6,2794,57.0,4.0,0.0,0.0,0.0,0.0,4.0,1.0,6.181000232696533,2212.27099609375,0.0,0.0,0.0,5,2005,12.0,0.0,0.0,0.0,2.0,0.0,2.0,1.0,3.6404011249542236,712.7821655273438,0.0,0.0,9.332372665405273,2,0,4,16259,0,1,0,0,0,2,0,13702,0,0,0,0,11,5803,153.0,484.0,4.0,94.80000305175781,0.0,8.300000190734863,0.0,2.0,0.0,0.0,0.0,4.0,7.0,38.0,3.0,12.0,13.17578125,81.21771335601807,5687.0361328125,12545.450439453125,1226.26513671875,5009.036865234375,0.0,0.0,8.255941390991211,27.536640882492065,8,4571,3.0,78.80000305175781,8.300000190734863,1.0,0.0,1.0,6.0,2.0,12.498584747314453,548.5884399414062,0.0,0.0,3.173203706741333,11,6759,163.0,12.0,0.0,0.0,0.0,0.0,7.0,0.0,14.215310096740723,2001.6722412109375,1629.921875,0.0,0.0,9,5627,136.0,0.0,0.0,1.0,0.0,1.0,7.0,1.0,14.444778442382812,3329.287353515625,2152.849853515625,0.0,3.1641745567321777,7,3518,29.0,0.0,0.0,0.0,0.0,2.0,11.0,6.0,26.883258819580078,978.8662719726562,0.0,0.0,12.943321228027344,10,4680,129.0,393.0,0.0,77.20001983642578,0.0,0.0,0.0,0.0,0.0,2.0,0.0,0.0,8.0,34.0,2.0,12.0,10.598636627197266,59.429012298583984,1728.5264892578125,10465.405151367188,0.0,121.17208862304688,0.0,0.0,0.0,22.655479431152344,8,3856,5.0,69.20001983642578,0.0,0.0,0.0,0.0,5.0,0.0,8.454055786132812,167.5992431640625,0.0,0.0,0.0,11,5035,142.0,4.0,0.0,0.0,0.0,0.0,3.0,3.0,9.471330642700195,4488.9521484375,121.17208862304688,0.0,7.954096794128418,8,4250,98.0,4.0,0.0,0.0,0.0,0.0,6.0,4.0,12.780000686645508,2650.102783203125,0.0,0.0,0.0,6,2897,19.0,0.0,0.0,0.0,2.0,0.0,12.0,3.0,18.124988555908203,1430.2244873046875,0.0,0.0,14.701382637023926,2,0,4,26278,0,2,0,1,0,2,0,20718,0,0,0,0,16,12963,238.0,757.0,26.999998092651367,215.80002403259277,16.0,47.29999923706055,3.0,14.0,0.0,2.0,4.0,24.0,10.0,70.0,4.0,29.0,24.26708221435547,181.93150329589844,16755.0625,60555.904296875,5940.85205078125,19871.317932128906,0.0,0.0,18.90753746032715,85.91170680522919,13,8805,20.0,125.80001831054688,24.299999237060547,3.0,1.0,3.0,8.0,8.0,32.94561004638672,3189.8876953125,364.72100830078125,0.0,15.450838088989258,16,14057,254.0,47.00000762939453,7.0,5.0,0.0,5.0,10.0,4.0,30.53372573852539,27657.314453125,5010.84228515625,0.0,1.499841570854187,13,10663,210.0,16.0,0.0,2.0,1.0,4.0,13.0,2.0,27.647357940673828,8938.8251953125,8002.904296875,0.0,8.506336212158203,12,6831,35.0,0.0,0.0,1.0,0.0,8.0,29.0,11.0,66.53772735595703,4014.814453125,551.998291015625,0.0,41.54715347290039,14,8095,208.0,629.0,0.0,105.20001983642578,0.0,0.0,0.0,2.0,1.0,14.0,1.0,7.0,10.0,67.0,3.0,28.0,20.589027404785156,137.6058349609375,5224.08251953125,37862.35986328125,0.0,2532.6866455078125,0.0,0.0,1.8982195854187012,89.66756463050842,11,6534,21.0,89.20001983642578,0.0,0.0,3.0,2.0,8.0,3.0,17.781360626220703,2041.006591796875,816.690185546875,0.0,3.407848358154297,13,8062,196.0,4.0,0.0,0.0,3.0,2.0,6.0,6.0,20.555143356323242,15458.1572265625,1715.9964599609375,0.0,35.341793060302734,11,7908,170.0,12.0,0.0,0.0,3.0,2.0,10.0,9.0,24.086503982543945,11407.3427734375,0.0,0.0,3.9212119579315186,10,6172,34.0,0.0,0.0,2.0,4.0,0.0,33.0,7.0,54.59379959106445,3731.770751953125,0.0,0.0,45.09849166870117,14,2,24,53319,2,4,1,9,2,14,7,36771,0,0,0,1
104366947889790212,108166997301178190,PCS Summer 2022,pcs_summer_2022,2022-06-23,2022-09-10,ESPORTSTMNT03:2820811,108166997302488936,1,Regular Season,regular_season,Regular Season,2022-07-10,1861,12.11.449.7705,200,1,200,107760667929003738,107700204561086446,Frank Esports,Deep Cross Gaming,200,FAK YSKM,Jax,FAK Holo,XinZhao,FAK Pretender,Ahri,FAK MnM,Seraphine,FAK Keres,Amumu,DCG Leaky,Gnar,DCG Hana,Viego,DCG Nestea,Taliyah,DCG Cryscata,Kalista,DCG Woody,Rell,200,6,200,100,1,1,1,200,4,0,0,4,1395,24.0,95.0,0.0,31.999998092651367,0.0,0.0,0.0,0.0,0.0,0.0,0.0,0.0,0.0,8.0,0.0,0.0,0.0,8.401233434677124,1505.3858642578125,3169.8818969726562,0.0,0.0,0.0,0.0,1.924957275390625,3.5156582295894623,4,1650,0.0,31.999998092651367,0.0,0.0,0.0,0.0,1.0,0.0,3.9893300533294678,0.0,0.0,0.0,0.0,5,1619,36.0,0.0,0.0,0.0,0.0,0.0,2.0,0.0,1.5005156993865967,1342.325927734375,0.0,0.0,1.3830413818359375,4,1500,30.0,0.0,0.0,0.0,0.0,0.0,2.0,0.0,1.471582055091858,322.17010498046875,0.0,0.0,0.20765957236289978,3,1104,5.0,0.0,0.0,0.0,0.0,0.0,3.0,0.0,1.4398056268692017,0.0,0.0,0.0,0.0,5,1493,30.0,104.0,0.0,24.0,0.0,0.0,0.0,0.0,0.0,0.0,0.0,0.0,1.0,5.0,0.0,0.0,1.4706038236618042,7.455532670021057,1384.497802734375,2603.805206298828,0.0,0.0,0.0,0.0,2.0476112365722656,6.270080327987671,4,1434,0.0,24.0,0.0,0.0,0.0,0.0,1.0,0.0,2.0031464099884033,254.83563232421875,0.0,0.0,0.80389404296875,5,1640,37.0,0.0,0.0,0.0,0.0,0.0,1.0,0.0,1.4817595481872559,340.8667907714844,0.0,0.0,1.787225365638733,4,1535,32.0,0.0,0.0,0.0,0.0,0.0,1.0,0.0,0.0,623.60498046875,0.0,0.0,1.6313496828079224,3,1111,5.0,0.0,0.0,0.0,0.0,0.0,1.0,0.0,2.5000228881835938,0.0,0.0,0.0,0.0,0,0,0,7268,0,0,0,0,0,0,0,7213,0,0,0,0,8,2974,74.0,242.0,0.0,61.5,0.0,1.5,0.0,0.0,0.0,0.0,0.0,0.0,3.0,18.0,0.0,4.0,3.8096656799316406,34.669774532318115,2651.426513671875,4839.860809326172,0.0,171.59349060058594,0.0,0.0,3.574859619140625,6.0901345908641815,6,2972,2.0,57.5,1.5,0.0,0.0,0.0,2.0,2.0,8.489330291748047,0.0,0.0,0.0,0.0,8,3339,87.0,4.0,0.0,0.0,0.0,0.0,4.0,1.0,6.3362908363342285,1470.92236328125,171.59349060058594,0.0,1.3830413818359375,6,2857,66.0,0.0,0.0,0.0,0.0,0.0,4.0,1.0,7.020810127258301,581.7507934570312,0.0,0.0,0.3811064660549164,6,2100,13.0,0.0,0.0,0.0,0.0,0.0,5.0,0.0,9.013677597045898,135.76113891601562,0.0,0.0,0.7511271238327026,8,3097,75.0,268.0,0.0,64.00000762939453,0.0,0.0,0.0,0.0,0.0,0.0,0.0,0.0,3.0,19.0,1.0,1.0,6.389777183532715,28.07256293296814,2380.2900390625,4617.249183654785,0.0,2028.822509765625,0.0,0.0,2.656022787094116,9.3151376247406,6,2748,0.0,56.00000762939453,0.0,0.0,0.0,0.0,4.0,0.0,8.522610664367676,254.83563232421875,0.0,0.0,0.80389404296875,8,3525,90.0,8.0,0.0,0.0,0.0,0.0,3.0,0.0,3.086909532546997,955.8030395507812,0.0,0.0,3.8649203777313232,7,3800,91.0,0.0,0.0,0.0,0.0,0.0,2.0,0.0,4.117192268371582,921.5020751953125,2028.822509765625,0.0,1.9903004169464111,5,2033,12.0,0.0,0.0,0.0,0.0,0.0,7.0,0.0,5.95607328414917,104.81839752197266,0.0,0.0,0.0,0,0,0,14242,0,0,0,0,0,0,0,15203,0,1,0,0,11,5178,112.0,404.0,8.0,85.50001525878906,0.0,1.5,1.0,2.0,1.0,3.0,0.0,2.0,6.0,36.0,0.0,11.0,8.60427188873291,69.16769313812256,4868.74951171875,14062.578247070312,1184.9937744140625,3192.4741821289062,0.0,0.0,4.314666748046875,22.69581389427185,8,4788,5.0,73.50001525878906,1.5,1.0,1.0,0.0,3.0,4.0,12.862671852111816,1472.58349609375,986.1732177734375,0.0,2.636817693710327,10,5442,145.0,4.0,0.0,0.0,0.0,0.0,6.0,2.0,10.934771537780762,3746.420654296875,223.6646728515625,0.0,5.3799285888671875,9,4796,118.0,0.0,0.0,0.0,0.0,1.0,6.0,2.0,10.088996887207031,2939.901123046875,797.6425170898438,0.0,4.037012577056885,7,3331,24.0,0.0,0.0,0.0,1.0,1.0,15.0,3.0,26.67698097229004,1034.9234619140625,0.0,0.0,6.327388286590576,11,5023,116.0,426.0,4.0,101.0000057220459,0.0,0.0,0.0,3.0,1.0,2.0,2.0,7.0,5.0,36.0,1.0,7.0,6.389777183532715,59.67075443267822,5084.185546875,11133.431213378906,1537.7950439453125,4679.8353271484375,0.0,0.0,7.776950836181641,30.16928267478943,9,4789,10.0,76.00000762939453,0.0,1.0,0.0,1.0,4.0,2.0,14.657081604003906,1107.2977294921875,821.058349609375,0.0,4.381412982940674,11,5897,146.0,16.999998092651367,0.0,1.0,0.0,0.0,5.0,2.0,9.26955795288086,1995.2890625,0.0,0.0,9.233626365661621,10,5802,136.0,4.0,0.0,0.0,1.0,2.0,6.0,0.0,8.404825210571289,2020.06689453125,2320.98193359375,0.0,3.753387212753296,7,3405,18.0,0.0,0.0,1.0,0.0,2.0,16.0,2.0,20.949512481689453,926.5919799804688,0.0,0.0,5.023905277252197,2,3,2,23535,0,0,0,0,3,2,7,24916,0,2,0,0,15,10983,223.0,811.0,17.5,144.00003814697266,0.0,1.5,2.0,3.0,4.0,14.0,0.0,4.0,13.0,130.0,3.0,51.0,22.18780517578125,253.05299377441406,8241.90234375,41156.457275390625,2284.0341796875,4291.514587402344,0.0,0.0,7.413787841796875,66.33420944213867,14,8666,34.0,118.50003814697266,1.5,1.0,4.0,0.0,10.0,15.0,46.45863342285156,5078.95263671875,986.1732177734375,0.0,6.203269958496094,15,11406,291.0,8.0,0.0,0.0,1.0,0.0,26.0,16.0,57.07236862182617,10842.99609375,223.6646728515625,0.0,9.836349487304688,13,9791,232.0,0.0,0.0,0.0,2.0,2.0,16.0,7.0,39.55436325073242,14552.208984375,797.6425170898438,0.0,22.10112953186035,11,6186,31.0,0.0,0.0,0.0,3.0,2.0,65.0,10.0,87.77982330322266,2440.397216796875,0.0,0.0,20.779672622680664,17,14736,269.0,858.0,24.0,226.49995613098145,0.0,12.0,3.0,14.0,1.0,3.0,10.0,44.0,7.0,100.0,16.0,59.0,39.86495590209961,263.781005859375,12914.8037109375,49356.5068359375,9681.5927734375,23985.80194091797,0.0,0.0,22.913049697875977,92.84437274932861,15,11490,26.0,147.09996032714844,8.0,4.0,0.0,8.0,13.0,10.0,43.95302200317383,10302.220703125,2493.6708984375,0.0,10.604471206665039,17,13365,267.0,34.999996185302734,0.0,4.0,0.0,7.0,9.0,3.0,30.789691925048828,15911.7705078125,4838.17041015625,0.0,24.005935668945312,15,13911,258.0,20.399999618530273,4.0,2.0,2.0,7.0,13.0,12.0,52.99551010131836,6426.873046875,6800.31787109375,0.0,12.586506843566895,12,7819,38.0,0.0,0.0,1.0,0.0,12.0,58.0,18.0,96.17782592773438,3800.8388671875,172.04998779296875,0.0,22.73440933227539,3,14,4,47032,0,0,0,1,14,3,44,61321,1,4,1,10
104366947889790212,108166997301178190,PCS Summer 2022,pcs_summer_2022,2022-06-23,2022-09-10,ESPORTSTMNT03:2820807,108166997302488976,1,Regular Season,regular_season,Regular Season,2022-07-10,1955,12.11.449.7705,200,3,200,106269859169658575,106269804045322803,Impunity Esports,Beyond Gaming,100,IMP ICU,Gnar,IMP Alex,MonkeyKing,IMP Apex,Zilean,IMP Anex,Jinx,IMP Winnie ,Nautilus,BYG Liang,Sejuani,BYG Husha,Viego,BYG Minji,Yone,BYG Wako,Zeri,BYG Kino,Alistar,200,3,100,200,0,1,0,0,0,0,0,5,1496,32.0,107.0,0.0,31.749998092651367,0.0,0.0,0.0,0.0,0.0,0.0,0.0,0.0,1.0,8.0,0.0,1.0,0.0,6.821984052658081,609.5513916015625,2325.891777038574,0.0,0.0,0.0,0.0,1.041174054145813,2.808083415031433,4,1642,0.0,31.749998092651367,0.0,0.0,0.0,0.0,3.0,0.0,1.8361525535583496,0.0,0.0,0.0,0.0,5,1500,33.0,0.0,0.0,0.0,0.0,0.0,1.0,0.0,0.0,1246.0589599609375,0.0,0.0,0.0,4,1665,37.0,0.0,0.0,0.0,0.0,0.0,2.0,1.0,3.046616315841675,417.067138671875,0.0,0.0,0.0,4,1062,5.0,0.0,0.0,0.0,0.0,0.0,1.0,0.0,1.9392151832580566,53.21428680419922,0.0,0.0,1.7669093608856201,5,1661,39.0,111.0,0.0,27.999998092651367,0.0,0.0,0.0,0.0,0.0,0.0,0.0,0.0,0.0,7.0,0.0,0.0,0.0,6.046216130256653,926.3169555664062,1541.4424934387207,0.0,0.0,0.0,0.0,1.7521145343780518,2.964677095413208,4,1565,0.0,27.999998092651367,0.0,0.0,0.0,0.0,1.0,0.0,2.3353922367095947,0.0,0.0,0.0,0.0,5,1556,33.0,0.0,0.0,0.0,0.0,0.0,2.0,0.0,1.4593534469604492,251.30738830566406,0.0,0.0,0.0,4,1618,34.0,0.0,0.0,0.0,0.0,0.0,2.0,0.0,0.7333333492279053,316.46966552734375,0.0,0.0,0.0,4,1069,5.0,0.0,0.0,0.0,0.0,0.0,2.0,0.0,1.5181370973587036,47.34848403930664,0.0,0.0,1.2125625610351562,0,0,0,7365,0,0,0,0,0,0,0,7469,0,0,0,0,8,2810,70.0,259.0,0.0,64.55001449584961,0.0,0.800000011920929,0.0,1.0,1.0,4.0,0.0,3.0,4.0,17.0,1.0,6.0,6.857757091522217,34.41526508331299,3291.64208984375,10791.530578613281,0.0,0.0,0.0,0.0,6.9968767166137695,24.062066078186035,7,3054,2.0,60.55001449584961,0.800000011920929,0.0,1.0,1.0,4.0,2.0,9.529268264770508,571.2401123046875,0.0,0.0,1.208251953125,9,3646,91.0,4.0,0.0,1.0,0.0,0.0,4.0,1.0,6.979597091674805,3681.250244140625,0.0,0.0,4.385711669921875,6,3297,86.0,0.0,0.0,0.0,1.0,1.0,3.0,2.0,7.859427452087402,2492.839599609375,0.0,0.0,2.9673757553100586,5,1947,10.0,0.0,0.0,0.0,1.0,1.0,2.0,0.0,3.1892151832580566,754.5585327148438,0.0,0.0,8.503849983215332,8,3327,84.0,248.0,0.0,74.70001220703125,0.0,0.0,0.0,4.0,0.0,1.0,2.0,12.0,3.0,18.0,2.0,5.0,4.979020595550537,26.45255947113037,3220.498046875,10458.849365234375,704.9327392578125,704.9327392578125,0.0,0.0,5.106603622436523,24.569067239761353,7,3486,2.0,74.70001220703125,0.0,0.0,0.0,3.0,2.0,2.0,8.187820434570312,1350.318603515625,0.0,0.0,2.9463560581207275,8,3342,70.0,0.0,0.0,1.0,1.0,2.0,5.0,0.0,4.429089546203613,2327.244140625,0.0,0.0,5.76025390625,6,4308,81.0,0.0,0.0,3.0,0.0,1.0,4.0,1.0,4.081246852874756,2398.951416015625,0.0,0.0,0.6618824005126953,6,2252,11.0,0.0,0.0,0.0,0.0,4.0,4.0,0.0,4.775382041931152,1161.837158203125,0.0,0.0,10.093971252441406,1,4,3,14754,0,0,0,0,4,1,12,16715,0,1,0,0,10,4295,106.0,442.0,0.0,88.5500259399414,0.0,0.800000011920929,0.0,2.0,2.0,5.0,1.0,6.0,7.0,37.0,2.0,20.0,7.774423599243164,72.3844747543335,6287.60693359375,16974.733276367188,517.6571655273438,2713.2999877929688,0.0,0.0,10.214434623718262,30.560894012451172,9,4728,16.0,76.5500259399414,0.800000011920929,1.0,1.0,1.0,5.0,7.0,21.462404251098633,2012.9781494140625,1475.9677734375,0.0,1.8131103515625,12,5745,159.0,8.0,0.0,1.0,0.0,1.0,7.0,4.0,13.82341480255127,4946.38525390625,719.675048828125,0.0,4.385711669921875,9,5646,143.0,4.0,0.0,0.0,1.0,1.0,7.0,4.0,15.36649227142334,2766.547607421875,0.0,0.0,2.9673757553100586,7,3116,18.0,0.0,0.0,0.0,1.0,2.0,11.0,3.0,13.95773983001709,961.21533203125,0.0,0.0,11.180261611938477,11,5385,144.0,436.0,0.0,112.20001983642578,0.0,0.0,0.0,5.0,0.0,2.0,3.0,13.0,5.0,35.0,3.0,12.0,12.076004981994629,61.735445976257324,6179.93310546875,14944.116577148438,704.9327392578125,4229.7159423828125,0.0,0.0,9.644280433654785,37.738091707229614,10,5551,4.0,112.20001983642578,0.0,1.0,0.0,3.0,4.0,4.0,17.235729217529297,1775.9249267578125,0.0,0.0,3.9237120151519775,11,5413,131.0,0.0,0.0,1.0,1.0,2.0,7.0,0.0,7.660181045532227,2825.0791015625,0.0,0.0,6.73583984375,9,6918,140.0,0.0,0.0,3.0,0.0,1.0,5.0,3.0,9.463261604309082,2398.951416015625,3524.783203125,0.0,0.6618824005126953,7,3290,17.0,0.0,0.0,0.0,1.0,4.0,14.0,2.0,15.30026912689209,1764.22802734375,0.0,0.0,16.772377014160156,2,5,6,23530,0,0,0,0,5,2,13,26557,0,2,0,1,16,12152,192.0,806.0,10.0,199.7500457763672,0.0,5.8999998569488525,4.0,25.0,7.0,15.0,14.0,79.0,17.0,105.0,9.0,60.0,42.36960983276367,270.52535247802734,18783.55859375,92426.54638671875,3273.146728515625,18163.050170898438,0.0,0.0,26.789148330688477,157.41344451904297,15,10859,37.0,120.05004119873047,1.7999999523162842,2.0,2.0,19.0,12.0,16.0,58.24900436401367,15223.6396484375,4512.30322265625,0.0,14.89732551574707,18,13939,268.0,28.0,0.0,7.0,1.0,15.0,13.0,10.0,39.518985748291016,20576.54296875,3280.417236328125,0.0,28.536760330200195,16,17025,277.0,41.70000457763672,4.099999904632568,10.0,2.0,12.0,17.0,14.0,52.126644134521484,30735.48046875,6899.0126953125,0.0,19.474702835083008,14,8740,32.0,0.0,0.0,2.0,3.0,19.0,46.0,11.0,78.2611083984375,7107.32470703125,198.1702880859375,0.0,67.71550750732422,15,10420,218.0,798.0,9.0,207.09999084472656,0.0,0.0,2.0,15.0,5.0,25.0,6.0,34.0,9.0,103.0,12.0,51.0,32.82404708862305,220.22521591186523,14979.140625,80647.4814453125,1616.1700439453125,8137.1622314453125,0.0,0.0,32.82611083984375,133.99510192871094,15,10146,18.0,168.59999084472656,0.0,2.0,4.0,7.0,9.0,13.0,50.558345794677734,11919.6416015625,0.0,0.0,16.867904663085938,16,12315,240.0,6.5,0.0,5.0,5.0,5.0,15.0,0.0,20.103073120117188,16133.8623046875,0.0,0.0,27.737281799316406,15,15779,287.0,23.0,0.0,6.0,3.0,5.0,13.0,15.0,48.33895492553711,31030.931640625,6520.9921875,0.0,8.902084350585938,12,7045,35.0,0.0,0.0,0.0,8.0,11.0,57.0,11.0,68.40079498291016,6583.9052734375,0.0,0.0,47.661720275878906,25,15,79,62715,1,2,1,7,15,25,34,55705,0,3,0,3
104366947889790212,108166997301178190,PCS Summer 2022,pcs_summer_2022,2022-06-23,2022-09-10,ESPORTSTMNT03:2820800,108166997302488996,1,Regular Season,regular_season,Regular Season,2022-07-10,1813,12.11.449.7705,200,1,100,107700211633200412,107635420167535818,Meta Falcon Team,SEM9,100,MFT Taco,Gwen,MFT Renhao,Viego,MFT Wen,Ornn,MFT Whale,Ezreal,MFT 1SSUE,Karma,S9 N0name,Gnar,S9 Arashi,Trundle,S9 Axin,Sejuani,S9 XieDoDo,Lucian,S9 Felia,Nami,200,6,200,200,1,1,1,100,3,0,0,4,1479,28.0,96.0,0.0,31.999998092651367,0.0,0.0,0.0,2.0,1.0,1.0,0.0,4.0,2.0,11.0,0.0,1.0,1.1934382915496826,9.645256519317627,1168.29638671875,5235.570251464844,0.0,103.16178131103516,0.0,0.0,0.0,8.099268674850464,4,1880,1.0,31.999998092651367,0.0,0.0,0.0,2.0,2.0,1.0,3.621835947036743,592.4098510742188,0.0,0.0,2.1527295112609863,5,1591,36.0,0.0,0.0,0.0,0.0,0.0,3.0,0.0,1.4385448694229126,1628.0537109375,0.0,0.0,4.5915327072143555,3,1879,31.0,0.0,0.0,1.0,0.0,1.0,3.0,0.0,1.4507091045379639,1045.912841796875,0.0,0.0,0.0,3,1600,0.0,0.0,0.0,1.0,0.0,1.0,1.0,0.0,1.9407283067703247,800.8974609375,103.16178131103516,0.0,1.355006456375122,5,1907,36.0,101.0,0.0,31.999998092651367,0.0,0.0,1.0,1.0,0.0,2.0,0.0,0.0,2.0,5.0,1.0,1.0,0.3333333432674408,4.091538369655609,1935.6199951171875,5049.093444824219,0.0,0.0,0.0,0.0,3.471550703048706,6.733537495136261,4,1660,0.0,31.999998092651367,0.0,0.0,0.0,0.0,1.0,0.0,1.98464834690094,0.0,0.0,0.0,0.0,5,1395,26.0,0.0,0.0,0.0,0.0,0.0,1.0,0.0,0.3333333432674408,1837.9444580078125,0.0,0.0,2.9142799377441406,3,1542,32.0,0.0,0.0,0.0,1.0,0.0,0.0,0.0,0.0,831.3614501953125,0.0,0.0,0.0,3,1146,7.0,0.0,0.0,0.0,1.0,0.0,1.0,0.0,1.4402233362197876,444.16754150390625,0.0,0.0,0.3477068543434143,2,1,4,8429,0,0,0,0,1,2,0,7650,0,0,0,0,8,3340,75.0,240.0,0.0,64.0,0.0,8.0,1.0,5.0,1.0,1.0,0.0,8.0,3.0,21.0,0.0,6.0,4.264316558837891,39.05851078033447,3412.153076171875,15330.926635742188,572.2609252929688,2703.93701171875,0.0,0.0,0.7424761056900024,25.455291867256165,7,3498,3.0,64.0,8.0,0.0,0.0,4.0,2.0,3.0,12.268199920654297,2044.3812255859375,0.0,0.0,7.31799840927124,8,3138,77.0,0.0,0.0,0.0,0.0,1.0,5.0,1.0,8.36087417602539,3627.962158203125,0.0,0.0,9.355459213256836,6,3908,83.0,0.0,0.0,1.0,0.0,2.0,4.0,1.0,6.103181838989258,2741.343505859375,1451.235107421875,0.0,0.0,6,3462,2.0,0.0,0.0,3.0,0.0,1.0,7.0,1.0,8.061938285827637,3505.086669921875,680.4409790039062,0.0,8.039358139038086,8,3651,82.0,229.0,0.0,60.0,0.0,0.0,1.0,1.0,1.0,5.0,0.0,0.0,3.0,14.0,2.0,5.0,5.203517913818359,24.93185865879059,4524.21875,12544.503601074219,679.0870361328125,679.0870361328125,0.0,0.0,5.142017364501953,17.557568788528442,6,3001,5.0,60.0,0.0,0.0,1.0,0.0,3.0,1.0,7.486205101013184,960.9905395507812,0.0,0.0,3.90840744972229,7,2641,57.0,0.0,0.0,0.0,1.0,0.0,5.0,1.0,7.669566631317139,4171.7314453125,0.0,0.0,5.798065662384033,6,2948,71.0,0.0,0.0,0.0,1.0,0.0,2.0,1.0,3.132345676422119,1604.623046875,0.0,0.0,0.0,6,1951,14.0,0.0,0.0,0.0,1.0,0.0,1.0,0.0,1.4402233362197876,1282.9398193359375,0.0,0.0,2.709078311920166,5,1,8,17346,0,0,0,0,1,5,0,14192,0,1,0,0,11,5242,124.0,392.0,4.0,96.00001525878906,0.0,8.0,1.0,10.0,1.0,4.0,0.0,17.0,5.0,34.0,1.0,12.0,6.063876152038574,78.08556461334229,4558.18701171875,29429.73828125,572.2609252929688,5636.355171203613,0.0,0.0,1.011101484298706,49.27264666557312,9,5583,7.0,92.00001525878906,8.0,2.0,1.0,6.0,4.0,6.0,21.139453887939453,5107.39404296875,69.13043975830078,0.0,11.892876625061035,10,5636,123.0,0.0,0.0,2.0,0.0,3.0,5.0,2.0,10.87753963470459,7233.51611328125,0.0,0.0,22.63524055480957,9,6716,135.0,0.0,0.0,2.0,0.0,5.0,6.0,2.0,15.213339805603027,6339.10302734375,4035.29541015625,0.0,0.0,7,4737,3.0,0.0,0.0,3.0,2.0,3.0,14.0,1.0,24.79135513305664,6191.5380859375,959.6683959960938,0.0,13.733428001403809,11,6203,142.0,375.0,0.0,82.00000047683716,0.0,4.0,1.0,4.0,1.0,10.0,0.0,4.0,5.0,32.0,3.0,9.0,9.907746315002441,51.658753871917725,7718.66552734375,23467.662353515625,1413.1534423828125,1739.3713989257812,0.0,0.0,9.512992858886719,37.675058364868164,9,5426,13.0,76.0,4.0,2.0,2.0,1.0,6.0,2.0,13.096029281616211,3861.42822265625,326.21795654296875,0.0,10.66341495513916,9,3765,77.0,2.0,0.0,0.0,3.0,1.0,7.0,1.0,9.363986015319824,6348.76123046875,0.0,0.0,10.592317581176758,8,5329,120.0,4.000000476837158,0.0,1.0,2.0,0.0,4.0,1.0,5.157384395599365,3264.158935546875,0.0,0.0,0.0,7,3125,23.0,0.0,0.0,0.0,2.0,2.0,10.0,2.0,14.133607864379883,2274.6484375,0.0,0.0,6.906332969665527,10,4,17,27914,0,1,0,1,4,10,4,23848,0,1,0,1,16,11759,246.0,795.0,14.0,195.19999313354492,0.0,20.79999828338623,3.0,21.0,2.0,5.0,7.0,50.0,10.0,92.0,6.0,50.0,24.904001235961914,229.04464530944824,19878.568359375,87377.6064453125,3981.709716796875,21901.792541503906,0.0,0.0,5.140503406524658,92.43067789077759,14,10799,29.0,146.39999389648438,15.999998092651367,4.0,1.0,11.0,12.0,17.0,53.8892822265625,12284.310546875,2196.581298828125,0.0,15.788408279418945,16,11761,225.0,14.0,0.0,5.0,0.0,10.0,11.0,9.0,28.74917984008789,14628.8564453125,407.39117431640625,0.0,45.64173889160156,15,14679,276.0,20.799999237060547,4.800000190734863,6.0,0.0,9.0,14.0,9.0,39.549720764160156,30345.6796875,12746.8896484375,0.0,7.961109161376953,12,8746,19.0,0.0,0.0,3.0,2.0,13.0,45.0,9.0,81.95246124267578,10240.19140625,2569.220703125,0.0,17.89891815185547,17,13323,285.0,754.0,12.0,173.9999771118164,0.0,8.0,1.0,5.0,4.0,21.0,0.0,5.0,6.0,95.0,7.0,46.0,27.351560592651367,207.02357482910156,17552.97265625,55786.4921875,6691.04541015625,9058.969177246094,0.0,0.0,20.712690353393555,89.75759071111679,14,10150,30.0,145.5999755859375,8.0,2.0,3.0,2.0,14.0,18.0,53.07328414916992,9983.275390625,744.2257690429688,0.0,30.52950096130371,13,8544,151.0,7.600000381469727,0.0,1.0,5.0,1.0,13.0,6.0,30.062793731689453,11495.650390625,883.8076171875,0.0,22.819778442382812,13,10945,248.0,8.80000114440918,0.0,1.0,4.0,0.0,9.0,9.0,27.79344367980957,12024.8017578125,739.890380859375,0.0,0.2867512106895447,12,6507,40.0,0.0,0.0,0.0,5.0,2.0,53.0,6.0,68.74249267578125,4729.7919921875,0.0,0.0,15.408869743347168,21,5,50,57744,1,4,0,8,5,21,5,49469,0,1,1,3
104366947889790212,108166997301178190,PCS Summer 2022,pcs_summer_2022,2022-06-23,2022-09-10,ESPORTSTMNT03:2820823,108166997302489002,1,Regular Season,regular_season,Regular Season,2022-07-10,1797,12.11.449.7705,100,1,200,104367068120825486,99566406490127625,PSG Talon,J Team,100,PSG Hanabi,Kayle,PSG Burry,XinZhao,PSG Gori,Azir,PSG Unified,Jinx,PSG Kaiwing,TahmKench,JT Driver,Gwen,JT Kongyue,Vi,JT Uniboy,Swain,JT Lilv,Senna,JT Enso,Seraphine,200,4,100,200,0,1,0,0,0,0,0,5,1494,29.0,105.0,0.0,31.999998092651367,0.0,0.0,0.0,0.0,0.0,0.0,0.0,0.0,1.0,7.0,0.0,1.0,1.7574198246002197,8.608436942100525,1136.0780029296875,4560.315246582031,0.0,0.0,0.0,0.0,0.36420148611068726,9.62624043226242,4,1650,0.0,31.999998092651367,0.0,0.0,0.0,0.0,2.0,0.0,1.1087130308151245,0.0,0.0,0.0,0.0,5,1647,38.0,0.0,0.0,0.0,0.0,0.0,1.0,0.0,1.5306724309921265,1461.0604248046875,0.0,0.0,1.102673053741455,3,1457,28.0,0.0,0.0,0.0,0.0,0.0,2.0,1.0,1.7141584157943726,1004.0226440429688,0.0,0.0,2.419983148574829,4,1219,10.0,0.0,0.0,0.0,0.0,0.0,1.0,0.0,2.4974732398986816,959.1541748046875,0.0,0.0,5.739382743835449,5,1661,39.0,114.0,0.0,31.999998092651367,0.0,0.0,0.0,0.0,0.0,0.0,0.0,0.0,2.0,9.0,0.0,1.0,1.523437261581421,9.221183061599731,1292.992431640625,3140.430419921875,0.0,0.0,0.0,0.0,0.0,6.46486097574234,4,1665,1.0,31.999998092651367,0.0,0.0,0.0,0.0,1.0,1.0,3.238480806350708,0.0,0.0,0.0,0.0,5,1710,42.0,0.0,0.0,0.0,0.0,0.0,2.0,0.0,1.5095126628875732,158.88958740234375,0.0,0.0,1.58441162109375,3,1246,1.0,0.0,0.0,0.0,0.0,0.0,2.0,0.0,1.4495993852615356,1030.619140625,0.0,0.0,4.02054500579834,3,1514,31.0,0.0,0.0,0.0,0.0,0.0,2.0,0.0,1.5001529455184937,657.9292602539062,0.0,0.0,0.8599043488502502,0,0,0,7467,0,0,0,0,0,0,0,7796,0,0,0,0,8,3389,89.0,286.0,0.0,67.00000762939453,0.0,3.0,0.0,0.0,0.0,1.0,0.0,0.0,3.0,20.0,1.0,5.0,5.536729335784912,30.97391986846924,2316.910888671875,7798.7862548828125,0.0,1273.0823974609375,0.0,0.0,1.791538953781128,13.727121114730835,6,3031,0.0,63.00000762939453,3.0,0.0,0.0,0.0,3.0,0.0,6.969110488891602,0.0,0.0,0.0,0.0,9,3433,93.0,4.0,0.0,0.0,0.0,0.0,4.0,1.0,4.559311389923096,2835.943359375,0.0,0.0,2.3274447917938232,6,3394,83.0,0.0,0.0,0.0,1.0,0.0,5.0,1.0,6.08055305480957,1203.1822509765625,1273.0823974609375,0.0,2.7837212085723877,6,2209,21.0,0.0,0.0,0.0,0.0,0.0,5.0,2.0,7.828215599060059,1442.749755859375,0.0,0.0,6.824416160583496,8,3274,88.0,259.0,0.0,68.00000762939453,0.0,0.0,0.0,1.0,0.0,0.0,0.0,2.0,5.0,20.0,1.0,3.0,6.6592302322387695,31.7776620388031,1367.9951171875,4899.026275634766,0.0,934.890380859375,0.0,0.0,0.0,11.92181658744812,7,3280,3.0,68.00000762939453,0.0,0.0,0.0,1.0,4.0,2.0,10.530010223388672,573.9295043945312,0.0,0.0,2.08856201171875,8,3383,94.0,0.0,0.0,0.0,0.0,0.0,4.0,0.0,5.909723281860352,217.07681274414062,0.0,0.0,1.970160961151123,6,2787,4.0,0.0,0.0,1.0,0.0,0.0,4.0,0.0,3.2767069339752197,1733.1474609375,647.27587890625,0.0,5.558524131774902,6,3129,70.0,0.0,0.0,0.0,0.0,1.0,3.0,0.0,5.401991367340088,1006.8773803710938,287.614501953125,0.0,2.3045694828033447,0,1,0,15456,0,0,0,0,1,0,2,15853,0,1,0,0,11,6016,150.0,464.0,0.0,102.60002899169922,0.0,6.600000381469727,0.0,1.0,0.0,2.0,0.0,2.0,6.0,36.0,1.0,12.0,7.114682197570801,66.95705986022949,4591.8740234375,14595.36669921875,1399.9775390625,2978.2000579833984,0.0,0.0,4.305166244506836,19.686663210392,9,4653,1.0,98.60002899169922,6.600000381469727,0.0,0.0,1.0,3.0,1.0,10.594110488891602,547.7462158203125,0.0,0.0,0.853588879108429,11,5212,138.0,4.0,0.0,0.0,1.0,1.0,6.0,1.0,8.53266429901123,5634.712890625,192.08653259277344,0.0,4.217938423156738,9,5824,142.0,0.0,0.0,0.0,1.0,0.0,7.0,3.0,14.135356903076172,1909.7470703125,1386.135986328125,0.0,2.7837212085723877,8,3736,33.0,0.0,0.0,1.0,0.0,0.0,14.0,6.0,26.580245971679688,1911.2864990234375,0.0,0.0,7.526248455047607,11,5050,136.0,420.0,0.0,93.40000915527344,0.0,0.0,0.0,2.0,0.0,1.0,0.0,5.0,6.0,33.0,1.0,12.0,8.650638580322266,67.83102321624756,2782.998779296875,11528.245971679688,1167.3409423828125,2330.0103759765625,0.0,0.0,0.8628676533699036,23.119641602039337,9,4695,9.0,93.40000915527344,0.0,0.0,1.0,2.0,5.0,4.0,18.62937355041504,1112.1207275390625,0.0,0.0,4.5329484939575195,10,5329,148.0,0.0,0.0,0.0,0.0,1.0,6.0,2.0,14.650294303894043,2552.365966796875,0.0,0.0,5.050758361816406,8,4439,18.0,0.0,0.0,2.0,0.0,0.0,9.0,5.0,19.32341194152832,3373.319091796875,875.054931640625,0.0,6.92173957824707,8,4818,109.0,0.0,0.0,0.0,0.0,2.0,7.0,0.0,6.577304840087891,1707.44140625,287.614501953125,0.0,5.7513275146484375,1,2,2,25441,0,0,0,0,2,1,5,24331,0,2,0,0,17,15339,290.0,862.0,27.0,212.100004196167,5.5,16.100000381469727,5.0,12.0,0.0,6.0,3.0,35.0,14.0,101.0,5.0,44.0,40.60334014892578,234.1687774658203,14532.3564453125,56127.02978515625,9849.86328125,19410.630920410156,0.0,0.0,5.853442192077637,49.34638977050781,14,9133,11.0,149.10000610351562,10.600000381469727,0.0,2.0,10.0,8.0,6.0,32.39665603637695,6540.703125,784.892822265625,0.0,10.747288703918457,16,11520,250.0,20.0,0.0,0.0,3.0,10.0,13.0,6.0,32.64265441894531,18422.158203125,2653.050048828125,0.0,10.170599937438965,15,13471,266.0,15.999998092651367,0.0,5.0,1.0,4.0,16.0,9.0,37.246089935302734,12006.9208984375,5265.181640625,0.0,10.62485408782959,12,7720,45.0,0.0,0.0,2.0,0.0,8.0,50.0,18.0,91.28003692626953,4624.89111328125,857.6431274414062,0.0,11.950204849243164,16,10881,263.0,813.0,8.75,166.1500244140625,0.0,0.0,2.0,6.0,2.0,12.0,2.0,18.0,9.0,85.0,5.0,51.0,26.919628143310547,218.0110034942627,11359.89453125,42197.812255859375,1167.3409423828125,3094.117790222168,0.0,0.0,4.361693859100342,74.2094235420227,12,7732,23.0,119.9000244140625,0.0,0.0,4.0,4.0,13.0,10.0,39.35045623779297,3840.703857421875,95.5462875366211,0.0,16.152881622314453,15,10503,252.0,20.5,0.0,0.0,2.0,4.0,12.0,6.0,33.03697204589844,9145.16796875,0.0,0.0,23.038681030273438,12,8836,65.0,9.0,0.0,2.0,2.0,4.0,32.0,28.0,94.79473876953125,9614.0791015625,1435.9560546875,0.0,13.676913261413574,13,9920,210.0,8.0,0.0,2.0,2.0,4.0,19.0,2.0,23.909208297729492,8237.966796875,395.2745056152344,0.0,16.9792537689209,12,6,35,57183,1,1,1,7,6,12,18,47872,0,3,0,0
104366947889790212,108166997301178190,PCS Summer 2022,pcs_summer_2022,2022-06-23,2022-09-10,ESPORTSTMNT02:2912678,108166997302423388,1,Regular Season,regular_season,Regular Season,2022-07-15,2040,12.12.453.7699,200,1,100,106269804045322803,107700199633958891,Beyond Gaming,CTBC Flying Oyster,100,BYG Likai,Gnar,BYG Husha,LeeSin,BYG Minji,Seraphine,BYG Wako,Senna,BYG Kino,TahmKench,CFO Rest,Gangplank,CFO Gemini,MonkeyKing,CFO Mission,Syndra,CFO Shunn,Aphelios,CFO Koala,Renata,200,6,100,200,1,1,0,0,0,0,0,5,1450,26.0,99.0,0.0,31.999998092651367,0.0,0.0,0.0,0.0,0.0,0.0,0.0,0.0,2.0,10.0,0.0,0.0,1.5014406442642212,6.0425064861774445,691.63037109375,2435.981643676758,0.0,0.0,0.0,0.0,2.540409564971924,7.104321599006653,4,1650,0.0,31.999998092651367,0.0,0.0,0.0,0.0,2.0,0.0,2.2352609634399414,0.0,0.0,0.0,0.0,5,1647,39.0,0.0,0.0,0.0,0.0,0.0,2.0,0.0,1.4391381740570068,815.9559326171875,0.0,0.0,1.667795181274414,4,1368,2.0,0.0,0.0,0.0,0.0,0.0,2.0,0.0,0.5333333611488342,748.8114624023438,0.0,0.0,1.9212201833724976,4,1535,32.0,0.0,0.0,0.0,0.0,0.0,2.0,0.0,0.3333333432674408,179.58387756347656,0.0,0.0,0.9748966693878174,5,1620,36.0,108.0,0.0,27.999998092651367,0.0,0.0,0.0,0.0,0.0,0.0,0.0,0.0,1.0,7.0,0.0,2.0,1.4448755979537964,9.615900158882141,1968.783935546875,4706.998474121094,0.0,0.0,0.0,0.0,0.8443187475204468,6.37492361664772,4,1565,0.0,27.999998092651367,0.0,0.0,0.0,0.0,2.0,0.0,1.4573514461517334,0.0,0.0,0.0,0.0,5,1592,35.0,0.0,0.0,0.0,0.0,0.0,1.0,0.0,0.0,933.0056762695312,0.0,0.0,2.229328155517578,4,1584,35.0,0.0,0.0,0.0,0.0,0.0,2.0,0.0,1.9062366485595703,1017.53564453125,0.0,0.0,0.49846604466438293,4,1205,2.0,0.0,0.0,0.0,0.0,0.0,1.0,2.0,4.807436466217041,787.6732177734375,0.0,0.0,2.8028106689453125,0,0,0,7650,0,0,0,0,0,0,0,7566,0,0,0,0,8,3074,74.0,258.0,0.0,62.60000991821289,0.0,8.100000381469727,0.0,0.0,0.0,0.0,0.0,0.0,4.0,21.0,1.0,6.0,6.135377883911133,31.823732018470764,1279.126708984375,6422.243957519531,0.0,741.5189819335938,0.0,0.0,3.6035633087158203,15.75351619720459,6,3004,4.0,58.60000991821289,8.100000381469727,0.0,0.0,0.0,4.0,3.0,11.01207160949707,843.0899047851562,0.0,0.0,0.9957971572875977,8,3441,92.0,4.0,0.0,0.0,0.0,0.0,3.0,0.0,4.6475653648376465,869.4114990234375,0.0,0.0,1.667795181274414,6,2839,11.0,0.0,0.0,0.0,0.0,0.0,6.0,2.0,8.221193313598633,2682.09326171875,741.5189819335938,0.0,6.845759868621826,6,3082,77.0,0.0,0.0,0.0,0.0,0.0,4.0,0.0,1.8075238466262817,748.5225830078125,0.0,0.0,2.6406006813049316,8,3431,88.0,269.0,0.0,64.4000015258789,0.0,0.0,0.0,0.0,0.0,0.0,0.0,0.0,5.0,20.0,0.0,4.0,4.375579357147217,33.407851219177246,4464.60546875,11115.347412109375,0.0,0.0,0.0,0.0,1.8043254613876343,20.284926772117615,7,2919,0.0,60.400001525878906,0.0,0.0,0.0,0.0,4.0,0.0,7.947267055511475,0.0,0.0,0.0,0.0,9,3682,99.0,4.0,0.0,0.0,0.0,0.0,4.0,0.0,5.766395568847656,3254.466552734375,0.0,0.0,9.618903160095215,6,3133,79.0,0.0,0.0,0.0,0.0,0.0,4.0,1.0,8.11351203918457,1688.705322265625,0.0,0.0,2.6824564933776855,6,2129,3.0,0.0,0.0,0.0,0.0,0.0,3.0,3.0,7.205097198486328,1707.570068359375,0.0,0.0,6.17924165725708,0,0,0,15440,0,0,0,0,0,0,0,15294,0,1,0,0,11,5273,132.0,430.0,4.0,102.60002899169922,0.0,8.100000381469727,0.0,0.0,0.0,0.0,0.0,0.0,6.0,37.0,1.0,15.0,12.176857948303223,79.46518325805664,2037.819091796875,8343.9755859375,0.0,1502.2279968261719,0.0,0.0,4.676170349121094,21.005841493606567,9,4516,7.0,94.60002899169922,8.100000381469727,0.0,0.0,0.0,7.0,6.0,22.53765296936035,866.2586669921875,0.0,0.0,0.9957971572875977,11,5281,149.0,4.0,0.0,0.0,0.0,0.0,5.0,0.0,7.552600860595703,1038.9853515625,135.96505737304688,0.0,1.9050929546356201,8,4035,18.0,0.0,0.0,0.0,0.0,0.0,13.0,7.0,26.564769744873047,3462.389892578125,1289.6602783203125,0.0,10.788180351257324,9,4867,124.0,0.0,0.0,0.0,0.0,0.0,6.0,1.0,10.633301734924316,938.5225830078125,76.6026611328125,0.0,2.6406006813049316,11,6043,142.0,423.0,4.0,97.15000915527344,0.0,0.0,0.0,0.0,0.0,0.0,0.0,0.0,7.0,37.0,0.0,11.0,6.5661492347717285,62.90799856185913,5233.50927734375,13144.976806640625,1095.097412109375,1296.6506805419922,0.0,0.0,1.8043254613876343,24.965283036231995,8,4434,2.0,81.15000915527344,0.0,0.0,0.0,0.0,4.0,1.0,12.072267532348633,0.0,0.0,0.0,0.0,11,5961,143.0,8.0,0.0,0.0,0.0,0.0,6.0,0.0,7.373481750488281,3501.18212890625,201.5532684326172,0.0,9.919013023376465,8,5035,129.0,4.0,0.0,0.0,0.0,0.0,8.0,4.0,12.939440727233887,2147.664306640625,0.0,0.0,3.792323350906372,7,3172,7.0,0.0,0.0,0.0,0.0,0.0,12.0,6.0,23.9566593170166,2262.62109375,0.0,0.0,9.449621200561523,0,0,0,23972,0,1,0,0,0,0,0,24645,0,1,0,1,17,12733,246.0,796.0,22.799999237060547,229.3999868631363,4.0,24.899999648332596,1.0,13.0,0.0,0.0,6.0,39.0,15.0,131.0,6.0,62.0,37.26535415649414,312.4218940734863,10931.6904296875,60003.27880859375,2999.00146484375,17017.53594970703,0.0,0.0,16.953699111938477,100.77301216125488,16,12626,34.0,179.79998779296875,14.899999618530273,4.0,0.0,7.0,26.0,17.0,61.98950958251953,11242.623046875,1985.39404296875,0.0,11.276787757873535,16,12795,262.0,20.399999618530273,0.4000000059604645,2.0,0.0,11.0,15.0,3.0,43.41368865966797,10993.412109375,5153.6220703125,0.0,29.11164665222168,14,11645,61.0,4.800000190734863,4.0,6.0,0.0,6.0,50.0,35.0,125.30813598632812,20164.25,6489.9248046875,0.0,30.80010414123535,15,10501,193.0,1.600000023841858,1.600000023841858,0.0,0.0,9.0,25.0,1.0,44.44520568847656,6671.30322265625,389.59356689453125,0.0,12.63077449798584,16,14066,271.0,808.0,42.0,221.8500156402588,0.0,0.0,0.0,0.0,2.0,13.0,0.0,0.0,13.0,101.0,2.0,43.0,33.05323791503906,248.21792793273926,25353.1015625,67702.0703125,6130.79345703125,6980.570617675781,0.0,0.0,16.434885025024414,81.79364204406738,13,8269,24.0,113.95001983642578,0.0,0.0,4.0,0.0,11.0,9.0,44.32698440551758,7623.76611328125,0.0,0.0,9.3433837890625,15,12107,237.0,28.899995803833008,0.0,0.0,3.0,0.0,8.0,3.0,20.848806381225586,18167.703125,849.7771606445312,0.0,21.02762794494629,14,11867,261.0,37.0,0.0,0.0,1.0,0.0,16.0,15.0,63.746620178222656,10939.6796875,0.0,0.0,11.695455551147461,11,6347,15.0,0.0,0.0,0.0,3.0,0.0,53.0,14.0,86.24227905273438,5617.81982421875,0.0,0.0,23.29228973388672,13,0,39,60300,1,3,1,7,0,13,0,52656,0,2,0,3
104366947889790212,108166997301178190,PCS Summer 2022,pcs_summer_2022,2022-06-23,2022-09-10,ESPORTSTMNT02:2912654,108166997302488946,1,Regular Season,regular_season,Regular Season,2022-07-15,2252,12.12.453.7699,200,3,100,107700204561086446,107635420167535818,Deep Cross Gaming,SEM9,100,DCG Leaky,Gangplank,DCG Hana,Belveth,DCG Nestea,Gragas,DCG Cryscata,Zeri,DCG Woody,Yuumi,S9 N0name,Gnar,S9 Arashi,Kindred,S9 Lezar,Ahri,S9 QaspieL,Nautilus,S9 Axin,Seraphine,200,6,100,200,1,1,0,0,0,0,0,4,1507,29.0,104.0,0.0,27.999998092651367,0.0,0.0,0.0,0.0,0.0,0.0,0.0,0.0,1.0,6.0,0.0,1.0,1.529639720916748,5.87745463848114,2063.180908203125,4240.677947998047,0.0,0.0,0.0,0.0,0.33416566252708435,6.574242025613785,4,1575,1.0,27.999998092651367,0.0,0.0,0.0,0.0,0.0,1.0,1.4666666984558105,557.1043701171875,0.0,0.0,3.2600502967834473,5,1555,33.0,0.0,0.0,0.0,0.0,0.0,2.0,0.0,1.4386380910873413,360.8431091308594,0.0,0.0,1.4188191890716553,4,1689,40.0,0.0,0.0,0.0,0.0,0.0,1.0,0.0,0.0,634.7750854492188,0.0,0.0,0.9258167147636414,4,1219,1.0,0.0,0.0,0.0,0.0,0.0,2.0,0.0,1.4425101280212402,624.7744750976562,0.0,0.0,0.6353901624679565,5,1416,24.0,94.0,0.0,26.0,0.0,0.0,0.0,0.0,0.0,0.0,0.0,0.0,1.0,6.0,0.0,0.0,0.0,6.511223554611206,1340.0615234375,3528.860549926758,0.0,0.0,0.0,0.0,2.4112486839294434,5.92750209569931,4,1484,0.0,26.0,0.0,0.0,0.0,0.0,1.0,0.0,1.4382119178771973,151.53713989257812,0.0,0.0,0.405362069606781,5,1405,27.0,0.0,0.0,0.0,0.0,0.0,1.0,0.0,1.1007349491119385,1627.9654541015625,0.0,0.0,1.5510711669921875,3,1090,6.0,0.0,0.0,0.0,0.0,0.0,1.0,0.0,2.500624179840088,130.5099639892578,0.0,0.0,1.1161420345306396,4,1626,37.0,0.0,0.0,0.0,0.0,0.0,2.0,0.0,1.4716525077819824,278.7864685058594,0.0,0.0,0.4436781406402588,0,0,0,7545,0,0,0,0,0,0,0,7021,0,0,0,0,8,3625,77.0,247.0,0.0,60.000003814697266,0.0,0.0,1.0,2.0,1.0,1.0,0.0,2.0,3.0,17.0,0.0,3.0,2.821959972381592,24.160059928894043,4457.11767578125,11708.69482421875,0.0,0.0,0.0,0.0,1.6324186325073242,19.216683864593506,7,3041,5.0,60.000003814697266,0.0,0.0,0.0,0.0,2.0,1.0,4.7184553146362305,930.0975341796875,0.0,0.0,5.930912017822266,8,3158,80.0,0.0,0.0,0.0,0.0,1.0,3.0,0.0,4.56832218170166,1981.6885986328125,0.0,0.0,6.908454895019531,6,3502,84.0,0.0,0.0,1.0,0.0,0.0,2.0,2.0,5.552039623260498,2600.898681640625,0.0,0.0,2.641688823699951,6,2262,1.0,0.0,0.0,0.0,0.0,1.0,7.0,0.0,6.4992828369140625,1738.892333984375,0.0,0.0,2.1032094955444336,9,3236,74.0,254.0,0.0,62.75,0.0,7.0,0.0,1.0,0.0,2.0,1.0,1.0,3.0,16.0,0.0,5.0,4.6197190284729,32.361743450164795,2901.3359375,10173.563354492188,371.3113708496094,704.6394195556641,0.0,0.0,5.128223896026611,25.809849739074707,7,3252,1.0,62.75,7.0,1.0,1.0,0.0,3.0,1.0,10.453878402709961,1416.756591796875,0.0,0.0,1.9890894889831543,8,3071,79.0,0.0,0.0,0.0,0.0,0.0,4.0,0.0,5.4811320304870605,3847.42236328125,78.47108459472656,0.0,6.1399688720703125,5,2064,15.0,0.0,0.0,0.0,1.0,0.0,2.0,2.0,7.817290782928467,765.7027587890625,0.0,0.0,8.032783508300781,7,3142,85.0,0.0,0.0,0.0,0.0,0.0,4.0,2.0,3.9897232055664062,1242.345703125,254.85696411132812,0.0,4.519783973693848,2,1,2,15588,0,0,0,0,1,2,1,14765,0,1,0,0,11,6302,139.0,416.0,0.0,93.00000762939453,0.0,0.0,1.0,3.0,1.0,1.0,1.0,3.0,4.0,31.0,2.0,13.0,6.548580169677734,67.98003387451172,6297.1337890625,16371.143920898438,0.0,118.94938659667969,0.0,0.0,2.8762333393096924,23.287851095199585,9,4510,13.0,89.00000762939453,0.0,0.0,0.0,0.0,4.0,6.0,19.806032180786133,930.0975341796875,0.0,0.0,5.930912017822266,11,5359,132.0,4.0,0.0,1.0,0.0,1.0,5.0,0.0,6.238269805908203,3159.41650390625,0.0,0.0,8.672369956970215,8,5061,130.0,0.0,0.0,1.0,0.0,0.0,5.0,4.0,12.291097640991211,3499.20654296875,118.94938659667969,0.0,3.3489112854003906,7,3114,2.0,0.0,0.0,0.0,0.0,1.0,13.0,1.0,23.096054077148438,2485.28955078125,0.0,0.0,2.4594244956970215,11,5361,128.0,430.0,0.0,102.75001525878906,0.0,7.0,0.0,1.0,1.0,3.0,1.0,1.0,5.0,33.0,0.0,7.0,6.310480117797852,60.83925771713257,5304.30322265625,15087.508666992188,531.4890747070312,2032.3826293945312,0.0,0.0,8.668237686157227,29.717081546783447,9,5279,6.0,102.75001525878906,7.0,1.0,1.0,0.0,6.0,2.0,17.047977447509766,2490.4970703125,230.84373474121094,0.0,2.1316747665405273,10,4862,134.0,0.0,0.0,0.0,0.0,0.0,7.0,0.0,10.401080131530762,4755.11376953125,78.47108459472656,0.0,6.1399688720703125,6,2998,24.0,0.0,0.0,0.0,1.0,0.0,9.0,3.0,19.558944702148438,765.7027587890625,0.0,0.0,8.032783508300781,9,5022,138.0,0.0,0.0,0.0,0.0,0.0,6.0,2.0,7.520775318145752,1771.891845703125,1191.5787353515625,0.0,4.7444167137146,3,1,3,24346,0,1,0,0,1,3,1,23522,0,1,0,0,18,16212,303.0,891.0,13.399999618530273,242.65000343322754,0.4000000059604645,15.400000005960464,2.0,16.0,5.0,14.0,4.0,38.0,12.0,93.0,6.0,52.0,22.200305938720703,260.23093032836914,25619.240234375,101181.3251953125,1548.7025146484375,19828.620056152344,0.0,0.0,15.821901321411133,108.82205772399902,17,13011,50.0,168.45001220703125,11.0,2.0,2.0,8.0,10.0,25.0,74.31500244140625,8347.2255859375,4453.83837890625,0.0,18.426464080810547,17,14621,232.0,16.799999237060547,0.0,4.0,3.0,8.0,9.0,3.0,25.547576904296875,24056.798828125,1803.9525146484375,0.0,37.946136474609375,17,17892,303.0,43.99999237060547,4.0,6.0,2.0,6.0,15.0,17.0,52.15913391113281,25752.14453125,11636.0205078125,0.0,9.467060089111328,15,9560,3.0,0.0,0.0,2.0,2.0,12.0,47.0,1.0,86.0089111328125,17405.916015625,386.10614013671875,0.0,27.16049575805664,18,14216,262.0,948.0,27.59999656677246,216.34996604919434,4.0,20.0,1.0,14.0,2.0,16.0,12.0,40.0,6.0,122.0,2.0,32.0,17.428199768066406,248.98001098632812,24513.6953125,87500.515625,4226.103515625,14963.247268676758,0.0,0.0,28.874109268188477,128.54471063613892,16,14978,62.0,188.74996948242188,16.0,7.0,4.0,4.0,17.0,10.0,47.8884391784668,19455.439453125,4230.0126953125,0.0,6.750797748565674,17,13901,296.0,0.0,0.0,4.0,2.0,6.0,20.0,6.0,43.93315887451172,18952.77734375,1470.9373779296875,0.0,23.850526809692383,13,7353,44.0,0.0,0.0,0.0,5.0,8.0,59.0,9.0,106.76696014404297,5704.42578125,118.55500793457031,0.0,43.67466735839844,17,13522,284.0,0.0,0.0,2.0,3.0,10.0,20.0,5.0,32.963253021240234,18874.177734375,4917.638671875,0.0,25.394609451293945,16,14,38,71296,2,3,2,10,14,16,40,63970,0,3,0,5
104366947889790212,108166997301178190,PCS Summer 2022,pcs_summer_2022,2022-06-23,2022-09-10,ESPORTSTMNT02:2912638,108166997302488950,1,Regular Season,regular_season,Regular Season,2022-07-15,1416,12.12.453.7699,100,1,100,107760667929003738,108517492697602721,Frank Esports,Dewish Team,100,FAK YSKM,Jax,FAK Holo,Trundle,FAK Pretender,Azir,FAK MnM,Senna,FAK Keres,TahmKench,DWT Lacunae,Gragas,DWT WSL,MonkeyKing,DWT xiaotu,Zoe,DWT BangTwo,Aphelios,DWT EnHoa,Amumu,200,5,100,100,2,0,0,0,0,0,0,5,1619,37.0,116.0,0.0,27.999998092651367,0.0,0.0,0.0,1.0,0.0,0.0,0.0,3.0,2.0,9.0,0.0,2.0,0.0,6.907094955444336,1785.0233154296875,5092.125640869141,395.6614685058594,451.19929122924805,0.0,0.0,5.75439453125,14.434794433414936,4,1954,1.0,27.999998092651367,0.0,1.0,0.0,0.0,2.0,1.0,2.299999952316284,251.38381958007812,0.0,0.0,0.0837339237332344,5,1715,41.0,0.0,0.0,0.0,0.0,1.0,2.0,0.0,1.4917393922805786,1103.9097900390625,0.0,0.0,0.9378634691238403,4,1487,3.0,0.0,0.0,0.0,0.0,1.0,1.0,1.0,1.6666667461395264,1360.0848388671875,55.53782272338867,0.0,5.265861988067627,4,1610,34.0,0.0,0.0,0.0,0.0,1.0,2.0,0.0,1.4486888647079468,591.723876953125,0.0,0.0,2.3929405212402344,4,1276,18.0,93.0,0.0,31.999998092651367,0.0,0.0,0.0,0.0,0.0,1.0,0.0,0.0,0.0,5.0,0.0,1.0,0.0,7.309859871864319,1398.6815185546875,2866.052200317383,0.0,0.0,0.0,0.0,4.772586345672607,9.83482027053833,4,1660,0.0,31.999998092651367,0.0,0.0,0.0,0.0,1.0,0.0,2.958521604537964,0.0,0.0,0.0,0.0,5,1471,33.0,0.0,0.0,0.0,0.0,0.0,2.0,1.0,2.0,262.49212646484375,0.0,0.0,0.0,4,1591,35.0,0.0,0.0,0.0,0.0,0.0,1.0,0.0,0.894720196723938,953.3876953125,0.0,0.0,0.5820283889770508,4,1153,7.0,0.0,0.0,0.0,1.0,0.0,1.0,0.0,1.456618070602417,251.49085998535156,0.0,0.0,4.480205535888672,1,0,3,8385,0,0,0,0,0,1,0,7151,0,0,0,0,8,3678,89.0,280.0,4.0,64.00000762939453,0.0,0.0,0.0,1.0,0.0,0.0,0.0,3.0,4.0,23.0,1.0,8.0,5.045490741729736,34.332072734832764,3423.01318359375,8948.6162109375,1736.287841796875,2547.8876037597656,0.0,0.0,7.00360107421875,21.565659165382385,6,3227,4.0,52.00000762939453,0.0,1.0,0.0,0.0,4.0,4.0,10.46139907836914,423.877197265625,0.0,0.0,1.2496674060821533,9,3630,101.0,4.0,0.0,0.0,0.0,1.0,4.0,1.0,5.0384321212768555,1971.218994140625,0.0,0.0,1.7039974927902222,6,2670,7.0,4.0,0.0,0.0,0.0,1.0,7.0,2.0,9.220041275024414,2378.05712890625,153.96499633789062,0.0,8.87411117553711,6,3317,79.0,0.0,0.0,0.0,0.0,1.0,4.0,0.0,4.566709518432617,752.44970703125,657.634765625,0.0,2.7342820167541504,8,2809,62.0,246.0,0.0,52.80000305175781,0.0,0.0,0.0,0.0,0.0,1.0,0.0,0.0,4.0,23.0,0.0,4.0,3.0942442417144775,30.698155164718628,3459.1865234375,6902.452041625977,0.0,1386.861083984375,0.0,0.0,9.242389678955078,17.951770782470703,6,2658,2.0,48.80000305175781,0.0,0.0,0.0,0.0,4.0,2.0,7.903352737426758,161.21148681640625,0.0,0.0,0.0,8,3274,85.0,4.0,0.0,0.0,0.0,0.0,4.0,2.0,7.670027732849121,873.0626831054688,0.0,0.0,2.558528423309326,7,3368,84.0,0.0,0.0,0.0,0.0,0.0,3.0,0.0,4.1664276123046875,2157.50048828125,1386.861083984375,0.0,1.670647144317627,5,2107,13.0,0.0,0.0,0.0,1.0,0.0,8.0,0.0,7.864102840423584,251.49085998535156,0.0,0.0,4.480205535888672,1,0,3,16522,0,0,0,0,0,1,0,14216,0,1,0,0,11,6915,151.0,460.0,8.0,87.50000762939453,1.5,2.0,0.0,2.0,0.0,0.0,0.0,4.0,5.0,37.0,2.0,15.0,10.048900604248047,81.12519931793213,3423.01318359375,16446.274169921875,3143.28857421875,9041.692504882812,0.0,0.0,7.00360107421875,31.39352512359619,8,5393,8.0,70.50000762939453,0.5,2.0,0.0,0.0,7.0,7.0,23.413782119750977,1027.840087890625,2702.1279296875,0.0,3.2096729278564453,11,6125,162.0,4.0,0.0,0.0,0.0,2.0,6.0,1.0,5.705099105834961,6468.12060546875,1257.46875,0.0,5.896163463592529,8,4169,13.0,4.25,0.0,0.0,0.0,1.0,12.0,4.0,29.84465789794922,4200.8134765625,990.44970703125,0.0,11.552569389343262,8,5184,126.0,0.75,0.0,0.0,0.0,1.0,7.0,1.0,12.112759590148926,1326.48681640625,948.3575439453125,0.0,3.731518268585205,10,4393,110.0,405.0,1.5,80.25001525878906,0.0,1.5,0.0,0.0,0.0,2.0,0.0,0.0,7.0,37.0,1.0,11.0,11.467947959899902,74.00934076309204,4098.9306640625,12693.954605102539,0.0,3401.90283203125,0.0,0.0,10.940593719482422,25.62776803970337,8,3799,8.0,66.75001525878906,1.5,0.0,0.0,0.0,5.0,5.0,17.53790283203125,860.7596435546875,0.0,0.0,1.237548828125,10,4853,125.0,8.0,0.0,0.0,1.0,0.0,4.0,3.0,13.8665132522583,3015.98974609375,0.0,0.0,7.298772811889648,9,5332,137.0,4.0,0.0,0.0,0.0,0.0,6.0,0.0,6.233795642852783,4466.78369140625,3401.90283203125,0.0,1.670647144317627,7,3229,25.0,0.0,0.0,0.0,1.0,0.0,15.0,2.0,24.903181076049805,251.49085998535156,0.0,0.0,4.480205535888672,2,0,4,27786,0,1,0,3,0,2,0,21606,0,1,0,0,14,12313,204.0,648.0,27.999998092651367,158.2500057220459,13.5,22.5,6.0,15.0,0.0,1.0,3.0,36.0,8.0,62.0,2.0,28.0,25.396453857421875,175.25498580932617,10829.060546875,53164.719970703125,7079.0595703125,23503.127075195312,0.0,0.0,12.137918472290039,82.29126167297363,12,8901,20.0,109.25000762939453,9.0,3.0,0.0,2.0,7.0,9.0,33.15544891357422,3120.697021484375,6817.046875,0.0,10.925724029541016,15,10541,215.0,16.0,0.0,2.0,0.0,9.0,6.0,1.0,20.21534538269043,18348.654296875,3555.963623046875,0.0,12.901836395263672,12,8136,40.0,4.25,0.0,2.0,0.0,11.0,32.0,15.0,74.1084976196289,12962.3076171875,4722.27294921875,0.0,26.32321548461914,13,9522,169.0,0.75,0.0,2.0,1.0,11.0,9.0,1.0,22.379240036010742,7904.00048828125,1328.7840576171875,0.0,20.002567291259766,13,7121,172.0,607.0,2.5,113.25003051757812,0.0,1.5,0.0,1.0,0.0,15.0,1.0,4.0,11.0,63.0,2.0,17.0,20.921857833862305,132.08359146118164,9611.76171875,36409.83728027344,0.0,3705.5361328125,0.0,0.0,24.921344757080078,74.99660205841064,11,5568,17.0,86.75003051757812,1.5,0.0,4.0,1.0,6.0,5.0,19.80179786682129,3674.46826171875,0.0,0.0,8.05670166015625,13,7216,174.0,8.0,0.0,0.0,4.0,1.0,5.0,5.0,18.997520446777344,8613.7138671875,0.0,0.0,18.609376907348633,12,9046,213.0,16.0,0.0,1.0,2.0,0.0,12.0,2.0,20.69381332397461,13120.712890625,3705.5361328125,0.0,9.309389114379883,9,4595,31.0,0.0,0.0,0.0,5.0,1.0,29.0,3.0,51.668601989746094,1389.1805419921875,0.0,0.0,14.0997896194458,15,1,36,49413,1,2,1,9,1,15,4,33546,0,1,0,1
104366947889790212,108166997301178190,PCS Summer 2022,pcs_summer_2022,2022-06-23,2022-09-10,ESPORTSTMNT02:2912668,108166997302488984,1,Regular Season,regular_season,Regular Season,2022-07-15,1502,12.12.453.7699,100,3,100,99566406490127625,106269859169658575,J Team,Impunity Esports,100,JT Rock,Gnar,JT Kongyue,Poppy,JT Uniboy,Taliyah,JT Lilv,Kalista,JT Enso,Renata,IMP Jackpot,Gwen,IMP Alex,Trundle,IMP Apex,Corki,IMP Lz,Lucian,IMP Yusin,Nami,100,3,100,100,2,0,0,0,0,0,0,5,1528,31.0,104.0,0.0,23.999998092651367,0.0,0.0,0.0,1.0,0.0,0.0,0.0,2.0,1.0,9.0,0.0,2.0,1.4588093757629395,10.155758738517761,1398.1632080078125,4435.050476074219,0.0,0.0,0.0,0.0,4.81929349899292,14.70595395565033,4,1546,1.0,23.999998092651367,0.0,0.0,0.0,1.0,2.0,0.0,1.8238710165023804,355.44610595703125,0.0,0.0,1.8748931884765625,5,1535,33.0,0.0,0.0,0.0,0.0,0.0,1.0,0.0,1.7844276428222656,426.940673828125,0.0,0.0,2.723217248916626,4,2066,39.0,0.0,0.0,1.0,0.0,0.0,3.0,2.0,4.088650703430176,1496.466796875,0.0,0.0,1.7055879831314087,4,1173,0.0,0.0,0.0,0.0,0.0,1.0,2.0,0.0,1.0,758.03369140625,0.0,0.0,3.5829620361328125,5,1570,34.0,86.0,0.0,24.999998092651367,0.0,0.0,0.0,0.0,0.0,1.0,0.0,0.0,1.0,8.0,0.0,0.0,0.0,3.9777844548225403,1125.051025390625,2425.159984588623,0.0,0.0,0.0,0.0,0.0,1.0454858541488647,3,1467,0.0,24.999998092651367,0.0,0.0,0.0,0.0,2.0,0.0,1.808732271194458,0.0,0.0,0.0,1.0454858541488647,5,1713,43.0,0.0,0.0,0.0,0.0,0.0,2.0,0.0,1.5023854970932007,369.932861328125,0.0,0.0,0.0,2,1090,9.0,0.0,0.0,0.0,0.0,0.0,1.0,0.0,0.3333333432674408,874.661865234375,0.0,0.0,0.0,2,945,0.0,0.0,0.0,0.0,1.0,0.0,2.0,0.0,0.3333333432674408,55.51423263549805,0.0,0.0,0.0,1,0,2,7848,0,0,0,0,0,1,0,6785,0,0,0,0,8,3246,83.0,274.0,0.0,52.000003814697266,0.0,4.0,0.0,5.0,0.0,0.0,0.0,7.0,4.0,18.0,0.0,3.0,5.225336074829102,31.11389446258545,3894.152099609375,12987.762451171875,0.0,2182.7732696533203,0.0,0.0,7.432790279388428,31.598504066467285,6,2882,3.0,48.000003814697266,4.0,0.0,0.0,2.0,3.0,1.0,8.972617149353027,1280.363525390625,0.0,0.0,7.137055397033691,8,3378,89.0,4.0,0.0,0.0,0.0,0.0,3.0,0.0,3.367379903793335,936.1343994140625,119.02561950683594,0.0,4.125995635986328,7,5235,98.0,0.0,0.0,4.0,0.0,1.0,5.0,2.0,10.235037803649902,4931.73486328125,1716.111083984375,0.0,6.537487506866455,6,3086,1.0,0.0,0.0,1.0,0.0,4.0,3.0,0.0,3.313523530960083,1945.3775634765625,347.6365661621094,0.0,6.365175247192383,8,3154,81.0,214.0,0.0,47.29999923706055,0.0,0.0,0.0,0.0,0.0,5.0,0.0,0.0,4.0,18.0,1.0,2.0,4.697070121765137,21.048268914222717,2824.76318359375,8956.50033569336,0.0,0.0,0.0,0.0,0.48322269320487976,8.350034683942795,6,2626,2.0,43.29999923706055,0.0,0.0,1.0,0.0,2.0,0.0,6.154499530792236,461.4598693847656,0.0,0.0,5.00146484375,9,3480,92.0,4.0,0.0,0.0,0.0,0.0,5.0,0.0,5.612017631530762,1850.3494873046875,0.0,0.0,0.0,5,2250,39.0,0.0,0.0,0.0,2.0,0.0,3.0,1.0,2.627584218978882,3056.965576171875,0.0,0.0,0.0,5,1847,0.0,0.0,0.0,0.0,2.0,0.0,4.0,0.0,1.9570974111557007,762.9622192382812,0.0,0.0,2.865347146987915,5,0,7,17827,0,0,0,0,0,5,0,13357,0,0,0,0,11,5844,130.0,428.0,4.0,88.50001525878906,0.0,10.0,1.0,6.0,0.0,0.0,0.0,7.0,7.0,39.0,1.0,13.0,8.301859855651855,76.4864730834961,6112.28369140625,18508.80517578125,1032.42724609375,7362.6754150390625,0.0,0.0,10.855206489562988,42.89275074005127,8,4629,10.0,72.25001525878906,10.0,0.0,0.0,2.0,4.0,5.0,17.82605743408203,2692.990478515625,143.6961669921875,0.0,10.186241149902344,10,5365,137.0,4.0,0.0,0.0,0.0,0.0,4.0,3.0,11.419669151306152,2377.970458984375,965.2266845703125,0.0,6.67440938949585,9,8488,148.0,8.0,0.0,4.0,0.0,1.0,8.0,3.0,16.618789672851562,4931.73486328125,4558.41357421875,0.0,6.537487506866455,7,4429,3.0,0.25,0.0,1.0,0.0,4.0,16.0,1.0,22.320096969604492,2393.82568359375,662.9117431640625,0.0,8.639406204223633,10,4478,115.0,357.0,0.5,82.00001525878906,0.0,0.0,0.0,0.0,1.0,6.0,0.0,0.0,6.0,32.0,1.0,8.0,8.700141906738281,53.59968566894531,5156.107421875,13661.964477539062,0.0,499.966796875,0.0,0.0,2.1437394618988037,13.933433771133423,8,4065,6.0,73.50001525878906,0.0,0.0,1.0,0.0,3.0,1.0,12.206157684326172,719.121337890625,0.0,0.0,6.764667987823486,11,5549,149.0,8.0,0.0,0.0,0.0,0.0,8.0,2.0,12.453131675720215,2988.779052734375,499.966796875,0.0,0.0,7,3773,84.0,0.0,0.0,0.0,2.0,0.0,4.0,2.0,7.074845314025879,3537.8056640625,0.0,0.0,0.0,7,2690,3.0,0.0,0.0,0.0,2.0,0.0,11.0,2.0,13.165409088134766,1260.1510009765625,0.0,0.0,5.025026321411133,6,0,7,28755,0,1,0,3,0,6,0,20555,0,0,0,0,15,11599,215.0,709.0,11.75,178.85003697872162,1.5,39.09999734163284,3.0,17.0,0.0,1.0,7.0,40.0,10.0,87.0,6.0,33.0,26.944040298461914,198.62830924987793,12398.0595703125,50089.358154296875,5544.35009765625,19827.599731445312,0.0,0.0,16.885149002075195,85.58848476409912,13,8629,15.0,106.65003204345703,20.39999771118164,2.0,1.0,8.0,10.0,7.0,32.54172134399414,6862.01513671875,947.376953125,0.0,20.102493286132812,15,11181,238.0,15.399999618530273,0.4000000059604645,3.0,0.0,7.0,7.0,4.0,23.66036605834961,13134.7060546875,2254.076171875,0.0,22.274337768554688,14,14759,232.0,44.40000534057617,16.399999618530273,8.0,0.0,4.0,12.0,11.0,42.370426177978516,13970.662109375,9476.29296875,0.0,13.870891571044922,12,7505,9.0,0.6499999761581421,0.4000000059604645,1.0,0.0,14.0,48.0,5.0,73.11175537109375,3723.915283203125,1605.5035400390625,0.0,12.455613136291504,13,7603,192.0,611.0,1.75,118.65002298355103,0.0,4.0,0.0,1.0,3.0,17.0,1.0,2.0,7.0,72.0,2.0,27.0,16.189592361450195,133.4427661895752,11215.7021484375,35469.8173828125,0.0,499.966796875,0.0,0.0,8.034175872802734,36.13259935379028,12,6433,29.0,101.5000228881836,0.0,0.0,2.0,0.0,6.0,8.0,21.241230010986328,3403.38720703125,0.0,0.0,14.210432052612305,14,8974,219.0,12.0,4.0,0.0,4.0,1.0,14.0,4.0,33.262420654296875,12418.4150390625,499.966796875,0.0,0.9646821022033691,11,6839,165.0,3.4000000953674316,0.0,0.0,4.0,0.0,9.0,8.0,20.28009033203125,6076.322265625,0.0,0.0,0.0,10,4951,6.0,0.0,0.0,1.0,4.0,0.0,36.0,5.0,42.46943283081055,2355.99072265625,0.0,0.0,12.923309326171875,17,1,40,53673,2,3,1,10,1,17,2,34800,0,0,0,0
104366947889790212,108166997301178190,PCS Summer 2022,pcs_summer_2022,2022-06-23,2022-09-10,ESPORTSTMNT02:2912708,108166997302488994,1,Regular Season,regular_season,Regular Season,2022-07-15,2445,12.12.453.7699,200,3,100,107700211633200412,104367068120825486,Meta Falcon Team,PSG Talon,200,MFT Taco,Jax,MFT 665,Poppy,MFT Hong2,Azir,MFT Whale,Kalista,MFT 1SSUE,Rell,PSG Hanabi,Gwen,PSG Burry,XinZhao,PSG Gori,Ahri,PSG Unified,Senna,PSG Kaiwing,TahmKench,100,2,100,200,1,1,1,200,3,0,0,5,1619,36.0,113.0,0.0,23.999998092651367,0.0,0.0,0.0,1.0,0.0,0.0,0.0,2.0,1.0,6.0,0.0,0.0,1.4754064083099365,6.718845367431641,138.41378784179688,4165.117340087891,0.0,0.0,0.0,0.0,0.0,7.2194823026657104,4,1576,3.0,23.999998092651367,0.0,0.0,0.0,1.0,2.0,0.0,1.773391842842102,446.28680419921875,0.0,0.0,1.783819317817688,5,1637,34.0,0.0,0.0,0.0,0.0,0.0,0.0,0.0,0.0,1559.246337890625,0.0,0.0,1.1486032009124756,4,1990,33.0,0.0,0.0,1.0,0.0,0.0,2.0,0.0,1.4377261400222778,1647.453369140625,0.0,0.0,1.743058204650879,4,1197,7.0,0.0,0.0,0.0,0.0,1.0,1.0,0.0,2.032320976257324,373.717041015625,0.0,0.0,2.544001579284668,5,1577,35.0,99.0,0.0,24.0,0.0,0.0,0.0,0.0,0.0,1.0,0.0,0.0,1.0,9.0,0.0,0.0,0.0,6.217787265777588,279.0409851074219,3973.233154296875,0.0,0.0,0.0,0.0,0.0,9.194665908813477,3,1455,1.0,24.0,0.0,0.0,0.0,0.0,3.0,0.0,1.818481206893921,504.4289855957031,0.0,0.0,1.5469672679901123,5,1517,36.0,0.0,0.0,0.0,0.0,0.0,1.0,0.0,1.4584463834762573,1425.9072265625,0.0,0.0,1.44256591796875,4,1409,2.0,0.0,0.0,0.0,0.0,0.0,2.0,0.0,1.5013381242752075,1555.5137939453125,0.0,0.0,4.234695911407471,3,1374,25.0,0.0,0.0,0.0,1.0,0.0,2.0,0.0,1.4395215511322021,208.3421630859375,0.0,0.0,1.9704368114471436,1,0,2,8019,0,0,0,0,0,1,0,7332,0,0,0,0,8,3208,84.0,272.0,0.0,60.0000114440918,0.0,0.0,0.0,1.0,0.0,2.0,0.0,2.0,4.0,15.0,0.0,4.0,4.243657112121582,25.627469897270203,1160.006591796875,9511.275573730469,0.0,0.0,0.0,0.0,0.90643310546875,16.11553120613098,6,2978,5.0,56.0000114440918,0.0,0.0,0.0,1.0,3.0,0.0,6.9176506996154785,1018.2097778320312,0.0,0.0,3.7876076698303223,8,3478,85.0,4.0,0.0,0.0,0.0,0.0,2.0,0.0,1.0216020345687866,3607.343017578125,0.0,0.0,2.727006435394287,6,3658,83.0,0.0,0.0,1.0,1.0,0.0,3.0,4.0,9.912239074707031,2908.825439453125,0.0,0.0,3.8523647785186768,6,2221,15.0,0.0,0.0,0.0,1.0,1.0,3.0,0.0,3.532320976257324,816.8907470703125,0.0,0.0,4.842119216918945,9,3322,91.0,259.0,0.0,48.0,0.0,0.0,0.0,2.0,0.0,1.0,0.0,4.0,3.0,19.0,1.0,2.0,2.9947962760925293,30.90086793899536,746.2147216796875,9611.739624023438,0.0,0.0,0.0,0.0,0.0,19.71404266357422,6,3170,6.0,48.0,0.0,1.0,0.0,1.0,3.0,1.0,11.319220542907715,1490.61376953125,0.0,0.0,2.9250388145446777,8,3058,84.0,0.0,0.0,0.0,0.0,0.0,3.0,0.0,4.937411785125732,2916.367431640625,0.0,0.0,4.330718994140625,6,2639,5.0,0.0,0.0,0.0,0.0,2.0,7.0,0.0,7.890170097351074,3706.1943359375,0.0,0.0,8.379293441772461,7,3325,73.0,0.0,0.0,1.0,1.0,1.0,3.0,0.0,3.7592692375183105,752.349365234375,0.0,0.0,4.078991413116455,1,2,2,15543,0,0,0,0,2,1,4,15514,0,0,0,0,11,4998,133.0,441.0,4.0,97.5000228881836,0.0,0.0,0.0,1.0,0.0,2.0,0.0,2.0,5.0,22.0,0.0,13.0,7.595382213592529,60.7552604675293,1479.527099609375,12290.451232910156,0.0,223.48666381835938,0.0,0.0,1.98931884765625,19.020435094833374,9,4380,13.0,84.0000228881836,0.0,0.0,0.0,1.0,3.0,4.0,14.19265079498291,1018.2097778320312,0.0,0.0,3.7876076698303223,11,5563,144.0,8.0,0.0,0.0,0.0,0.0,2.0,2.0,7.437117099761963,5680.7216796875,0.0,0.0,3.862217664718628,9,5464,129.0,1.5,0.0,1.0,1.0,0.0,5.0,6.0,16.4283504486084,3245.079345703125,223.48666381835938,0.0,4.5391716957092285,7,3290,22.0,0.0,0.0,0.0,1.0,1.0,7.0,1.0,15.101759910583496,866.913330078125,0.0,0.0,4.842119216918945,11,5099,143.0,421.0,0.0,80.00001525878906,0.0,0.0,0.0,2.0,0.0,1.0,0.0,4.0,6.0,38.0,1.0,7.0,12.398811340332031,65.80641746520996,1601.3853759765625,12457.43017578125,0.0,255.23245239257812,0.0,0.0,0.0,25.198781728744507,8,4558,6.0,72.00001525878906,0.0,1.0,0.0,1.0,6.0,1.0,15.19197940826416,1646.517578125,0.0,0.0,3.1767237186431885,11,5132,140.0,4.0,0.0,0.0,0.0,0.0,6.0,1.0,10.010363578796387,3727.88818359375,255.23245239257812,0.0,7.332672119140625,7,3672,12.0,0.0,0.0,0.0,0.0,2.0,15.0,3.0,20.903564453125,4141.818359375,0.0,0.0,9.566390037536621,9,5028,120.0,4.0,0.0,1.0,1.0,1.0,5.0,1.0,7.301698684692383,1339.8206787109375,0.0,0.0,5.122995853424072,1,2,2,23695,0,1,0,0,2,1,4,23489,0,0,0,0,18,17601,337.0,1030.0,42.400001525878906,267.49996757507324,4.0,4.0,4.0,9.0,2.0,22.0,1.0,20.0,15.0,127.0,6.0,58.0,42.67544174194336,280.94041442871094,23557.306640625,92332.38916015625,6301.47900390625,15934.712463378906,0.0,0.0,17.34407615661621,125.72471046447754,15,11420,37.0,155.99996948242188,0.0,1.0,4.0,6.0,14.0,18.0,55.02961730957031,7730.79931640625,1223.7557373046875,0.0,34.4493408203125,18,17206,328.0,40.0,0.0,3.0,3.0,2.0,10.0,14.0,32.663795471191406,37762.6484375,6275.859375,0.0,25.754426956176758,16,14709,297.0,29.09999656677246,0.0,1.0,6.0,4.0,15.0,13.0,50.4727668762207,18241.177734375,1995.109619140625,0.0,18.085628509521484,13,8431,31.0,0.0,0.0,0.0,7.0,7.0,73.0,7.0,100.09879302978516,5040.45703125,138.50872802734375,0.0,30.091238021850586,18,18131,391.0,1090.0,20.0,236.89999771118164,4.0,10.0,4.0,22.0,1.0,9.0,12.0,68.0,10.0,128.0,6.0,69.0,38.41867446899414,342.35795974731445,32828.6015625,126253.1806640625,6883.8232421875,21041.383178710938,0.0,0.0,10.69206428527832,144.7373046875,17,13423,45.0,153.5,0.0,4.0,2.0,12.0,13.0,10.0,45.73670196533203,17640.201171875,2091.7822265625,0.0,27.846038818359375,18,16800,345.0,33.39999771118164,4.0,6.0,3.0,11.0,24.0,8.0,53.63461685180664,39006.98046875,1713.8197021484375,0.0,32.113189697265625,16,13927,73.0,24.0,0.0,4.0,2.0,18.0,58.0,40.0,155.63726806640625,26559.46875,7120.822265625,0.0,43.77891159057617,17,14475,236.0,6.0,2.0,4.0,1.0,15.0,23.0,5.0,48.93069839477539,10217.9287109375,3231.1357421875,0.0,30.307100296020508,9,22,20,69367,2,2,1,8,22,9,68,76756,2,4,1,12
104366947889790212,108166997301178190,PCS Summer 2022,pcs_summer_2022,2022-06-23,2022-09-10,ESPORTSTMNT02:2883013,108166997302488932,1,Regular Season,regular_season,Regular Season,2022-07-16,1766,12.12.453.7699,100,3,100,107700199633958891,99566406490127625,CTBC Flying Oyster,J Team,100,CFO Rest,Gnar,CFO Gemini,Viego,CFO Mission,Sylas,CFO Shunn,Kalista,CFO Koala,Amumu,JT Rock,Sejuani,JT Kongyue,MonkeyKing,JT Uniboy,Lissandra,JT Lilv,Aphelios,JT Enso,Renata,100,3,100,200,1,1,1,100,2,0,0,5,1983,33.0,106.0,0.0,23.999998092651367,0.0,0.0,1.0,3.0,0.0,1.0,0.0,2.0,2.0,6.0,0.0,1.0,1.1395869255065918,6.208141505718231,1328.6080322265625,4565.941467285156,0.0,347.3436279296875,0.0,0.0,3.9594483375549316,15.49565851688385,4,1651,0.0,23.999998092651367,0.0,0.0,0.0,1.0,1.0,0.0,0.5333333611488342,521.1755981445312,0.0,0.0,1.735131025314331,5,1584,35.0,0.0,0.0,0.0,0.0,0.0,1.0,0.0,0.0,468.6553955078125,0.0,0.0,0.5210524797439575,4,2448,32.0,0.0,0.0,2.0,0.0,0.0,1.0,0.0,1.7018879652023315,1386.6868896484375,347.3436279296875,0.0,1.3064520359039307,3,1264,6.0,0.0,0.0,0.0,1.0,1.0,1.0,1.0,2.8333332538604736,860.8155517578125,0.0,0.0,7.973574638366699,5,1605,36.0,102.0,0.0,27.999998092651367,0.0,0.0,0.0,1.0,1.0,3.0,0.0,1.0,1.0,7.0,0.0,3.0,0.0,11.012645840644836,968.6475830078125,4038.9515380859375,0.0,0.0,0.0,0.0,2.153656005859375,8.573291063308716,4,1571,4.0,27.999998092651367,0.0,0.0,0.0,0.0,1.0,3.0,6.981903076171875,0.0,0.0,0.0,0.0,5,1563,34.0,0.0,0.0,0.0,0.0,0.0,2.0,0.0,1.4580388069152832,1397.4412841796875,0.0,0.0,1.5040347576141357,3,1674,23.0,0.0,0.0,1.0,1.0,0.0,2.0,0.0,1.5060372352600098,1061.4979248046875,0.0,0.0,0.0,3,1256,5.0,0.0,0.0,0.0,1.0,1.0,1.0,0.0,1.0666667222976685,611.36474609375,0.0,0.0,4.915600299835205,3,1,2,8930,0,0,0,0,1,3,1,7669,0,0,0,0,8,3400,72.0,281.0,0.0,53.000003814697266,0.0,4.0,1.0,4.0,1.0,3.0,0.0,4.0,4.0,20.0,0.0,4.0,3.7091963291168213,27.16695261001587,3121.731201171875,8438.762084960938,0.0,3076.848876953125,0.0,0.0,12.206588745117188,27.164486169815063,6,3048,12.0,49.000003814697266,0.0,0.0,0.0,1.0,3.0,0.0,3.1286256313323975,521.1755981445312,0.0,0.0,1.735131025314331,8,3655,87.0,4.0,4.0,1.0,1.0,0.0,5.0,0.0,5.911816120147705,1759.9013671875,0.0,0.0,1.9975324869155884,7,5384,95.0,0.0,0.0,2.0,0.0,1.0,3.0,1.0,6.190669059753418,2070.74169921875,3076.848876953125,0.0,1.514083743095398,6,2510,15.0,0.0,0.0,0.0,1.0,2.0,5.0,3.0,8.226645469665527,965.2122192382812,0.0,0.0,9.711150169372559,8,3446,72.0,235.0,0.0,64.00000762939453,0.0,4.0,1.0,3.0,1.0,4.0,0.0,3.0,3.0,15.0,0.0,6.0,4.669835090637207,32.23881959915161,2573.04052734375,9167.561584472656,889.1612548828125,1900.5030822753906,0.0,0.0,6.46612024307251,24.27132225036621,7,3269,9.0,60.00000762939453,4.0,0.0,0.0,0.0,2.0,3.0,12.839485168457031,216.97418212890625,552.0714721679688,0.0,1.8192138671875,9,3757,86.0,0.0,0.0,0.0,0.0,1.0,3.0,2.0,8.49722957611084,3089.709228515625,459.2703552246094,0.0,6.504623889923096,6,3303,54.0,4.0,0.0,2.0,1.0,0.0,4.0,1.0,4.165603160858154,1856.0478515625,0.0,0.0,2.636678695678711,5,2426,14.0,0.0,0.0,0.0,2.0,2.0,3.0,0.0,2.066666603088379,1431.789794921875,0.0,0.0,6.8446855545043945,4,3,4,17997,0,1,0,1,3,4,3,16201,0,0,0,0,10,5273,122.0,448.0,4.0,105.5000228881836,4.0,16.0,1.0,6.0,1.0,3.0,1.0,7.0,6.0,38.0,1.0,15.0,7.4391560554504395,75.45369577407837,5179.1845703125,16453.588134765625,318.26959228515625,3782.1497192382812,0.0,0.0,17.774856567382812,45.307565093040466,9,4863,14.0,81.5000228881836,0.0,1.0,0.0,1.0,4.0,2.0,12.436129570007324,2010.6669921875,0.0,0.0,4.990850448608398,11,6044,140.0,16.0,12.0,2.0,1.0,0.0,7.0,0.0,14.570855140686035,3435.040771484375,0.0,0.0,2.9304983615875244,10,7391,147.0,4.0,0.0,2.0,0.0,2.0,6.0,6.0,16.32579803466797,3740.283935546875,3463.880126953125,0.0,1.8739463090896606,7,3690,25.0,0.0,0.0,0.0,1.0,3.0,15.0,6.0,24.6817569732666,2088.411865234375,0.0,0.0,17.73741340637207,10,4788,108.0,379.0,0.0,72.00001525878906,0.0,4.0,1.0,3.0,2.0,6.0,0.0,3.0,5.0,32.0,0.0,16.0,6.8209309577941895,72.10407876968384,4542.73974609375,16631.341064453125,889.1612548828125,1900.5030822753906,0.0,0.0,8.863399505615234,35.18893909454346,8,4330,23.0,68.00001525878906,4.0,0.0,1.0,0.0,4.0,8.0,22.820106506347656,2155.07568359375,552.0714721679688,0.0,3.03790283203125,10,5343,131.0,0.0,0.0,0.0,0.0,1.0,5.0,5.0,18.428508758544922,3985.09130859375,459.2703552246094,0.0,9.153709411621094,9,4876,96.0,4.0,0.0,2.0,1.0,0.0,6.0,2.0,7.935020446777344,3990.739990234375,0.0,0.0,4.98867130279541,7,3293,21.0,0.0,0.0,0.0,2.0,2.0,12.0,1.0,16.099512100219727,1957.6943359375,0.0,0.0,9.145256042480469,6,3,7,27261,0,2,0,1,3,6,3,22630,0,0,0,0,17,13599,216.0,760.0,25.999998092651367,244.40002822875977,14.0,53.90000009536743,6.0,19.0,1.0,11.0,6.0,41.0,13.0,91.0,3.0,41.0,29.18022346496582,233.1131134033203,18228.578125,63705.45751953125,3154.60693359375,19587.65007019043,0.0,0.0,34.39350891113281,120.67213726043701,15,11001,29.0,131.00003051757812,7.0,5.0,1.0,6.0,8.0,8.0,41.91645812988281,7181.111328125,174.43309020996094,0.0,8.822369575500488,16,12994,208.0,57.0,26.5,2.0,5.0,9.0,10.0,3.0,28.78497886657715,16494.185546875,5017.05126953125,0.0,16.49456024169922,16,16016,271.0,30.399999618530273,6.400000095367432,5.0,1.0,9.0,14.0,16.0,51.72724151611328,14500.759765625,10833.7392578125,0.0,16.4500675201416,13,8175,36.0,0.0,0.0,1.0,3.0,11.0,46.0,11.0,81.50421142578125,7300.82275390625,407.81951904296875,0.0,44.51163101196289,15,9816,204.0,730.0,0.0,122.8000316619873,0.0,4.0,1.0,11.0,5.0,19.0,5.0,23.0,8.0,81.0,4.0,38.0,17.457950592041016,172.20649337768555,10870.6533203125,59631.39697265625,1033.58984375,5408.8521728515625,0.0,0.0,17.587783813476562,83.31111526489258,13,8368,40.0,100.80003356933594,4.0,1.0,4.0,4.0,12.0,12.0,41.47770309448242,10909.8779296875,869.0750732421875,0.0,12.97222900390625,16,10764,249.0,4.0,0.0,0.0,3.0,6.0,9.0,7.0,29.216968536376953,14775.7607421875,3506.187255859375,0.0,24.176040649414062,14,13258,207.0,17.999998092651367,0.0,8.0,4.0,2.0,10.0,10.0,25.429603576660156,18842.080078125,0.0,0.0,11.476497650146484,12,6652,30.0,0.0,0.0,1.0,3.0,6.0,42.0,5.0,58.624267578125,4233.02490234375,0.0,0.0,17.09856414794922,19,11,41,61785,3,4,2,10,11,19,23,48858,0,0,0,2
104366947889790212,108166997301178190,PCS Summer 2022,pcs_summer_2022,2022-06-23,2022-09-10,ESPORTSTMNT02:2882997,108166997302488940,1,Regular Season,regular_season,Regular Season,2022-07-16,1853,12.12.453.7699,200,3,200,107700204561086446,106269804045322803,Deep Cross Gaming,Beyond Gaming,100,DCG Leaky,Mordekaiser,DCG Hana,Poppy,DCG Nestea,Taliyah,DCG Cryscata,Zeri,DCG Woody,Yuumi,BYG Likai,Camille,BYG Husha,Viego,BYG Minji,Lissandra,BYG Wako,Lucian,BYG Kino,Nami,200,2,100,100,2,0,0,0,0,0,0,5,1402,26.0,94.0,0.0,36.0,0.0,0.0,0.0,0.0,1.0,1.0,0.0,0.0,1.0,7.0,0.0,2.0,0.3333333432674408,9.440798252820969,1996.1171875,3604.31241607666,0.0,0.0,0.0,0.0,0.508819580078125,4.428063690662384,4,1747,1.0,36.0,0.0,0.0,0.0,0.0,1.0,1.0,3.822368621826172,49.13654327392578,0.0,0.0,0.303924560546875,5,1489,32.0,0.0,0.0,0.0,0.0,0.0,3.0,0.0,1.4449211359024048,520.100341796875,0.0,0.0,3.2728002071380615,4,1594,35.0,0.0,0.0,0.0,0.0,0.0,1.0,1.0,2.3669612407684326,432.4359436035156,0.0,0.0,0.0,4,1105,0.0,0.0,0.0,0.0,0.0,0.0,1.0,0.0,1.4732139110565186,606.5223999023438,0.0,0.0,0.3425193428993225,5,1715,27.0,103.0,0.0,27.999998092651367,0.0,0.0,0.0,1.0,0.0,0.0,1.0,1.0,2.0,7.0,0.0,0.0,1.4862959384918213,7.109866082668304,815.3445434570312,2674.7546997070312,0.0,0.0,0.0,0.0,3.9068658351898193,6.585085391998291,4,2001,0.0,27.999998092651367,0.0,1.0,0.0,0.0,1.0,0.0,1.9375133514404297,483.16900634765625,0.0,0.0,1.35604989528656,5,1668,40.0,0.0,0.0,0.0,0.0,0.0,1.0,0.0,0.45270246267318726,354.4642639160156,0.0,0.0,1.1146392822265625,4,1605,36.0,0.0,0.0,0.0,0.0,0.0,2.0,0.0,2.233354330062866,726.3504638671875,0.0,0.0,0.0,4,1045,0.0,0.0,0.0,0.0,0.0,0.0,1.0,0.0,1.0,295.4264221191406,0.0,0.0,0.20753037929534912,0,1,0,7337,0,0,0,0,1,0,1,8034,0,0,0,0,8,3347,82.0,245.0,0.0,60.00000762939453,0.0,0.0,0.0,0.0,1.0,2.0,0.0,0.0,4.0,21.0,0.0,6.0,3.4277751445770264,30.63618540763855,4332.88916015625,7920.028778076172,82.95842742919922,82.95842742919922,0.0,0.0,2.5841064453125,9.364839673042297,6,2819,1.0,56.00000762939453,0.0,0.0,1.0,0.0,4.0,1.0,8.673428535461426,199.38601684570312,0.0,0.0,0.5103404521942139,9,3269,84.0,4.0,0.0,0.0,0.0,0.0,5.0,3.0,10.787186622619629,1020.7672119140625,0.0,0.0,5.1219162940979,6,3041,78.0,0.0,0.0,0.0,0.0,0.0,4.0,2.0,3.943758726119995,1384.3397216796875,0.0,0.0,0.30252647399902344,6,1837,0.0,0.0,0.0,0.0,0.0,0.0,4.0,0.0,3.8040363788604736,982.6466674804688,0.0,0.0,0.8459500074386597,8,3227,64.0,249.0,0.0,60.00000762939453,0.0,0.0,0.0,2.0,0.0,0.0,1.0,4.0,3.0,23.0,0.0,7.0,4.519607067108154,38.638222217559814,1554.0079345703125,6710.204528808594,0.0,0.0,0.0,0.0,7.784562587738037,16.404125332832336,6,3567,2.0,56.00000762939453,0.0,2.0,0.0,0.0,3.0,2.0,11.971879005432129,644.4758911132812,0.0,0.0,1.35604989528656,8,3406,89.0,4.0,0.0,0.0,0.0,1.0,7.0,1.0,7.327146530151367,1125.07763671875,0.0,0.0,4.897334575653076,7,3351,90.0,0.0,0.0,0.0,0.0,1.0,3.0,1.0,5.282284736633301,2292.0615234375,0.0,0.0,0.0,6,1978,4.0,0.0,0.0,0.0,0.0,1.0,7.0,3.0,9.537304878234863,1094.58154296875,0.0,0.0,2.366178274154663,0,2,0,14313,0,0,0,0,2,0,4,15529,0,1,0,0,11,5777,127.0,384.0,0.0,107.00003051757812,0.0,12.0,1.0,2.0,2.0,5.0,0.0,3.0,5.0,31.0,0.0,12.0,6.838493824005127,51.8039870262146,8020.4775390625,14559.737426757812,559.4601440429688,638.8060913085938,0.0,0.0,3.6074132919311523,20.867284297943115,9,4732,7.0,92.00003051757812,12.0,0.0,2.0,1.0,5.0,4.0,12.865094184875488,998.4185791015625,0.0,0.0,7.0242390632629395,11,5130,135.0,9.0,0.0,0.0,1.0,1.0,7.0,3.0,11.13332748413086,2212.386474609375,0.0,0.0,8.58840560913086,8,5038,115.0,6.0,0.0,1.0,0.0,0.0,7.0,5.0,12.057756423950195,1672.2022705078125,0.0,0.0,0.30252647399902344,8,2639,0.0,0.0,0.0,0.0,0.0,1.0,7.0,0.0,8.90931510925293,1656.2525634765625,79.345947265625,0.0,1.3446998596191406,11,5252,101.0,385.0,0.0,85.00000762939453,0.0,0.0,1.0,5.0,0.0,2.0,3.0,12.0,4.0,39.0,0.0,10.0,7.196459770202637,69.08292961120605,2933.76416015625,12577.532836914062,0.0,2182.859420776367,0.0,0.0,10.815993309020996,29.833240032196045,9,5449,6.0,77.00000762939453,0.0,4.0,1.0,1.0,5.0,4.0,18.920886993408203,2821.71875,350.3214416503906,0.0,4.28620719909668,11,5310,141.0,8.0,0.0,0.0,1.0,4.0,10.0,2.0,12.310004234313965,2608.7275390625,171.8542938232422,0.0,9.081279754638672,9,5018,133.0,0.0,0.0,0.0,0.0,1.0,5.0,1.0,6.97711181640625,2788.113037109375,1479.0325927734375,0.0,0.0,7,2885,4.0,0.0,0.0,0.0,0.0,3.0,15.0,3.0,23.678466796875,1425.2093505859375,181.65109252929688,0.0,5.649759769439697,2,5,3,23316,0,0,0,0,5,2,12,23914,0,2,0,0,17,14273,228.0,696.0,23.999998092651367,224.00003814697266,4.0,22.5,9.0,18.0,3.0,8.0,3.0,48.0,12.0,86.0,5.0,61.0,26.10148811340332,210.43863677978516,24483.009765625,64798.984375,1883.1063232421875,13530.779907226562,0.0,0.0,6.4605631828308105,63.73950910568237,14,10005,27.0,139.20004272460938,12.5,2.0,3.0,9.0,14.0,18.0,40.77046203613281,5706.19384765625,1061.83447265625,0.0,20.529529571533203,16,12462,217.0,23.799997329711914,0.0,5.0,1.0,9.0,14.0,6.0,26.655698776245117,16694.330078125,4622.15771484375,0.0,24.90000343322754,14,12469,222.0,37.0,6.0,2.0,1.0,11.0,15.0,30.0,68.93575286865234,12337.0087890625,5884.33544921875,0.0,5.444271564483643,13,7119,2.0,0.0,0.0,0.0,0.0,16.0,31.0,2.0,47.97523498535156,5578.44189453125,79.345947265625,0.0,6.405141353607178,14,9956,166.0,647.0,8.0,147.00003051757812,0.0,0.0,1.0,8.0,3.0,18.0,6.0,23.0,10.0,118.0,6.0,39.0,29.822481155395508,228.42371940612793,11315.607421875,45257.050048828125,1581.259033203125,4956.932540893555,0.0,0.0,22.299972534179688,85.70705366134644,13,9410,28.0,118.00003051757812,0.0,5.0,4.0,3.0,10.0,9.0,39.14501953125,7097.70361328125,350.3214416503906,0.0,12.822949409484863,14,9651,218.0,8.0,0.0,1.0,5.0,6.0,25.0,11.0,54.45918273925781,11981.51953125,171.8542938232422,0.0,30.58374786376953,13,10391,225.0,13.0,0.0,1.0,3.0,3.0,12.0,5.0,21.603656768798828,10833.345703125,2671.8466796875,0.0,1.8349766731262207,11,5639,10.0,0.0,0.0,0.0,3.0,5.0,61.0,8.0,83.39337921142578,4028.873779296875,181.65109252929688,0.0,18.165407180786133,18,8,48,56328,2,3,1,8,8,18,23,45047,0,2,0,1
104366947889790212,108166997301178190,PCS Summer 2022,pcs_summer_2022,2022-06-23,2022-09-10,ESPORTSTMNT02:2912982,108166997302488960,1,Regular Season,regular_season,Regular Season,2022-07-16,1368,12.12.453.7699,100,2,100,107635420167535818,108517492697602721,SEM9,Dewish Team,100,S9 N0name,Gnar,S9 Arashi,Graves,S9 XieDoDo,Corki,S9 QaspieL,Senna,S9 Axin,Sion,DWT Lacunae,Sejuani,DWT WSL,MonkeyKing,DWT xiaotu,Sylas,DWT BangTwo,Ezreal,DWT EnHoa,Braum,100,2,0,100,2,0,0,0,0,0,0,5,1500,29.0,87.0,0.0,36.39999771118164,0.0,0.0,0.0,0.0,0.0,0.0,0.0,0.0,2.0,8.0,0.0,0.0,1.4382888078689575,9.812002778053284,1874.68994140625,3562.5213012695312,0.0,0.0,0.0,0.0,4.356989860534668,10.057175159454346,4,1704,0.0,32.39999771118164,0.0,0.0,0.0,0.0,1.0,0.0,3.3981316089630127,0.0,0.0,0.0,0.0,5,1453,28.0,0.0,0.0,0.0,0.0,0.0,1.0,0.0,1.495460033416748,606.9073486328125,0.0,0.0,0.0,3,1326,0.0,4.0,0.0,0.0,0.0,0.0,2.0,0.0,1.771885871887207,983.5111083984375,0.0,0.0,4.122118949890137,4,1514,30.0,0.0,0.0,0.0,0.0,0.0,2.0,0.0,1.7082364559173584,97.41290283203125,0.0,0.0,1.578066349029541,4,1479,29.0,107.0,0.0,23.999998092651367,0.0,0.0,0.0,0.0,0.0,0.0,0.0,0.0,1.0,5.0,0.0,1.0,1.4727442264556885,7.785665273666382,1092.3984375,2313.6939544677734,0.0,0.0,0.0,0.0,1.385067343711853,3.5032668113708496,4,1488,0.0,23.999998092651367,0.0,0.0,0.0,0.0,0.0,0.0,0.0,0.0,0.0,0.0,0.0,5,1598,36.0,0.0,0.0,0.0,0.0,0.0,1.0,0.0,1.5207130908966064,832.204345703125,0.0,0.0,1.443373680114746,4,1650,37.0,0.0,0.0,0.0,0.0,0.0,2.0,1.0,2.823291301727295,248.3644561767578,0.0,0.0,0.0,4,1114,5.0,0.0,0.0,0.0,0.0,0.0,1.0,0.0,1.968916654586792,140.72671508789062,0.0,0.0,0.6748257875442505,0,0,0,7497,0,0,0,0,0,0,0,7329,0,0,0,0,9,3778,82.0,242.0,0.0,84.00001525878906,0.0,4.0,1.0,3.0,0.0,2.0,1.0,2.0,4.0,20.0,1.0,1.0,4.832942008972168,25.807945489883423,4527.16015625,10816.060180664062,647.3140258789062,2206.100540161133,0.0,0.0,12.271100044250488,30.056920051574707,8,3764,0.0,76.00001525878906,4.0,1.0,0.0,0.0,4.0,0.0,6.9197845458984375,694.855224609375,114.55848693847656,0.0,1.2293434143066406,8,3851,79.0,0.0,0.0,1.0,0.0,0.0,4.0,0.0,3.5225889682769775,2133.54833984375,1075.7620849609375,0.0,0.0,6,2688,4.0,8.0,0.0,0.0,1.0,1.0,3.0,0.0,5.265096664428711,1884.7027587890625,368.4659423828125,0.0,6.858282089233398,7,3020,77.0,0.0,0.0,0.0,1.0,0.0,5.0,0.0,5.267533302307129,1575.793701171875,0.0,0.0,9.69819450378418,7,2942,64.0,244.0,3.0,51.0,0.0,0.0,0.0,2.0,2.0,3.0,0.0,5.0,3.0,16.0,0.0,4.0,4.48992919921875,25.22350811958313,2283.682373046875,9707.349426269531,0.0,1359.1272201538086,0.0,0.0,3.906186580657959,13.07869553565979,7,3341,11.0,48.0,0.0,1.0,0.0,1.0,3.0,3.0,8.788509368896484,1281.7955322265625,81.33274841308594,0.0,1.25732421875,7,3188,69.0,0.0,0.0,1.0,1.0,0.0,2.0,0.0,4.581076145172119,2334.276611328125,124.45499420166016,0.0,3.3892219066619873,7,3647,88.0,0.0,0.0,0.0,0.0,2.0,4.0,1.0,4.395076751708984,3129.805908203125,1153.3394775390625,0.0,0.0,5,2214,12.0,0.0,0.0,0.0,0.0,2.0,4.0,0.0,2.968916654586792,677.7890014648438,0.0,0.0,4.525962829589844,3,2,2,17101,0,1,0,0,2,3,5,15332,0,0,0,0,11,5767,138.0,381.0,0.0,133.50003051757812,0.0,16.0,1.0,6.0,0.0,3.0,1.0,7.0,5.0,35.0,1.0,9.0,8.929269790649414,69.13638973236084,9222.7041015625,23091.89208984375,1024.057861328125,3790.018814086914,0.0,0.0,14.272774696350098,45.634737968444824,10,6697,2.0,117.00003051757812,12.0,4.0,0.0,0.0,5.0,0.0,15.889941215515137,3228.599365234375,114.55848693847656,0.0,4.137892723083496,10,5992,111.0,8.0,4.0,1.0,1.0,2.0,7.0,3.0,16.90625,4780.75,1075.7620849609375,0.0,0.0,7,4194,10.0,8.5,0.0,0.0,1.0,3.0,10.0,4.0,18.804513931274414,3451.56396484375,1195.234619140625,0.0,14.147919654846191,10,4723,120.0,0.0,0.0,0.0,1.0,1.0,8.0,1.0,8.606414794921875,2408.274658203125,380.40576171875,0.0,13.076150894165039,10,4432,104.0,391.0,5.0,62.5,0.0,1.0,0.0,3.0,2.0,6.0,0.0,5.0,6.0,35.0,1.0,15.0,9.034353256225586,77.3775987625122,4106.5302734375,20475.717651367188,0.0,2290.421318054199,0.0,0.0,5.303218841552734,19.722812175750732,8,4369,18.0,57.5,1.0,1.0,1.0,1.0,5.0,7.0,21.140743255615234,2775.862548828125,81.33274841308594,0.0,1.88543701171875,10,5063,108.0,0.0,0.0,2.0,2.0,0.0,3.0,3.0,11.089723587036133,5603.302734375,124.45499420166016,0.0,4.906693935394287,10,5690,142.0,0.0,0.0,0.0,1.0,2.0,7.0,2.0,13.25743579864502,6167.2578125,1854.0626220703125,0.0,0.0,7,3201,19.0,0.0,0.0,0.0,0.0,2.0,14.0,2.0,22.855342864990234,1822.7642822265625,230.57095336914062,0.0,7.627462387084961,6,3,7,27373,0,2,0,1,3,6,5,22755,0,0,0,0,14,10243,187.0,559.0,12.25,193.75,9.5,45.5,3.0,19.0,1.0,5.0,8.0,42.0,5.0,61.0,2.0,27.0,12.429269790649414,155.2809772491455,20864.123046875,65170.08984375,5110.4140625,16811.578247070312,0.0,0.0,23.482229232788086,88.01754534244537,13,10946,23.0,149.0,20.0,8.0,0.0,4.0,7.0,5.0,31.515121459960938,13580.08984375,2448.14599609375,0.0,15.236088752746582,13,11246,164.0,20.0,12.0,6.0,1.0,7.0,9.0,4.0,26.886188507080078,16451.736328125,3770.3369140625,0.0,1.82852041721344,10,7611,23.0,8.5,0.0,2.0,1.0,12.0,27.0,13.0,61.97156524658203,8037.78173828125,4893.236328125,0.0,21.721248626708984,13,7593,162.0,4.0,4.0,0.0,2.0,11.0,13.0,3.0,22.478832244873047,6236.35888671875,589.4449462890625,0.0,25.74945831298828,12,6461,139.0,527.0,5.0,74.50000762939453,0.0,1.0,0.0,5.0,4.0,19.0,2.0,11.0,8.0,53.0,1.0,20.0,19.388378143310547,127.99262428283691,7527.4365234375,48953.01513671875,0.0,2290.421318054199,0.0,0.0,12.785747528076172,48.37914848327637,11,6488,37.0,69.50000762939453,1.0,1.0,5.0,2.0,6.0,11.0,34.1427116394043,5448.62451171875,81.33274841308594,0.0,6.542583465576172,11,7442,121.0,0.0,0.0,3.0,6.0,0.0,3.0,4.0,14.089723587036133,10364.6435546875,124.45499420166016,0.0,9.788063049316406,12,8888,204.0,0.0,0.0,1.0,2.0,3.0,11.0,2.0,18.629215240478516,21361.966796875,1854.0626220703125,0.0,0.0,9,4867,26.0,0.0,0.0,0.0,2.0,4.0,25.0,2.0,41.74259567260742,4250.34375,230.57095336914062,0.0,19.262754440307617,19,5,42,47639,1,2,0,8,5,19,11,34146,0,1,0,0
104366947889790212,108166997301178190,PCS Summer 2022,pcs_summer_2022,2022-06-23,2022-09-10,ESPORTSTMNT02:2883038,108166997302488968,1,Regular Season,regular_season,Regular Season,2022-07-16,1503,12.12.453.7699,200,1,200,107700211633200412,107760667929003738,Meta Falcon Team,Frank Esports,200,MFT Taco,Gnar,MFT 665,XinZhao,MFT Hong2,Sylas,MFT Whale,Senna,MFT 1SSUE,TahmKench,FAK YSKM,Camille,FAK Holo,Viego,FAK Pretender,Yone,FAK MnM,Seraphine,FAK Keres,Amumu,200,2,200,100,1,1,0,0,0,0,0,5,1570,34.0,106.0,0.0,27.999998092651367,0.0,0.0,0.0,0.0,0.0,1.0,0.0,0.0,1.0,5.0,0.0,1.0,1.5343495607376099,6.80769282579422,1872.02685546875,2946.0976486206055,48.23021697998047,48.23021697998047,0.0,0.0,1.8406291007995605,6.7039410918951035,4,1529,1.0,27.999998092651367,0.0,0.0,0.0,0.0,1.0,1.0,4.862588882446289,85.72356414794922,0.0,0.0,0.22324739396572113,5,1584,37.0,0.0,0.0,0.0,0.0,0.0,0.0,0.0,0.0,283.4272766113281,0.0,0.0,1.3080775737762451,3,1165,0.0,0.0,0.0,0.0,1.0,0.0,2.0,0.0,0.41075438261032104,267.3555603027344,0.0,0.0,1.7217825651168823,4,1577,34.0,0.0,0.0,0.0,0.0,0.0,1.0,0.0,0.0,437.56439208984375,0.0,0.0,1.6102044582366943,5,1549,31.0,113.0,0.0,31.999998092651367,0.0,0.0,0.0,1.0,0.0,0.0,0.0,1.0,1.0,8.0,0.0,1.0,0.0,8.381219744682312,978.0525512695312,3388.9186096191406,0.0,0.0,0.0,0.0,2.5626039505004883,5.05150131881237,5,2075,0.0,31.999998092651367,0.0,1.0,0.0,0.0,2.0,0.0,2.2331459522247314,413.9251708984375,0.0,0.0,0.9877751469612122,5,1566,35.0,0.0,0.0,0.0,0.0,0.0,2.0,0.0,1.5150130987167358,524.2677612304688,0.0,0.0,0.877838134765625,4,1657,40.0,0.0,0.0,0.0,0.0,0.0,2.0,1.0,2.6288068294525146,1262.9986572265625,0.0,0.0,0.19550643861293793,4,1324,7.0,0.0,0.0,0.0,0.0,1.0,1.0,0.0,2.00425386428833,209.67446899414062,0.0,0.0,0.42777764797210693,0,1,0,7425,0,0,0,0,1,0,1,8171,0,0,0,0,8,3226,89.0,272.0,0.0,56.00000762939453,0.0,0.0,0.0,1.0,0.0,1.0,0.0,1.0,4.0,15.0,0.0,8.0,3.792715311050415,27.961305379867554,3837.757568359375,7261.876983642578,216.82489013671875,216.82489013671875,0.0,0.0,9.454292297363281,21.166077852249146,7,3102,5.0,56.00000762939453,0.0,0.0,0.0,1.0,2.0,5.0,13.781410217285156,1047.1959228515625,0.0,0.0,2.0811305046081543,8,3573,90.0,0.0,0.0,1.0,0.0,0.0,1.0,1.0,2.8333332538604736,1336.5830078125,0.0,0.0,4.517524242401123,6,2057,2.0,0.0,0.0,0.0,1.0,0.0,4.0,2.0,3.9591264724731445,449.0539855957031,0.0,0.0,3.1671624183654785,6,3178,86.0,0.0,0.0,0.0,0.0,0.0,4.0,0.0,3.5947201251983643,591.2864990234375,0.0,0.0,1.9459683895111084,8,2972,74.0,275.0,0.0,84.00001525878906,0.0,4.0,0.0,1.0,0.0,1.0,0.0,1.0,3.0,20.0,1.0,7.0,4.784621238708496,30.425273895263672,2213.8173828125,7086.642242431641,0.0,0.0,0.0,0.0,5.401771545410156,12.447243750095367,8,3886,0.0,84.00001525878906,4.0,1.0,1.0,0.0,4.0,0.0,5.316479206085205,1298.53466796875,0.0,0.0,3.0988247394561768,8,3351,94.0,0.0,0.0,0.0,0.0,0.0,3.0,0.0,2.4502320289611816,1834.5435791015625,0.0,0.0,3.003997802734375,7,3301,91.0,0.0,0.0,0.0,0.0,0.0,4.0,3.0,8.624653816223145,1530.0721435546875,0.0,0.0,0.5148720145225525,5,2334,16.0,0.0,0.0,0.0,0.0,1.0,6.0,3.0,9.249287605285645,209.67446899414062,0.0,0.0,0.42777764797210693,1,1,1,15136,0,0,0,0,1,1,1,15844,0,1,0,0,11,4911,134.0,410.0,4.0,80.0000228881836,0.0,0.0,0.0,1.0,1.0,6.0,0.0,1.0,5.0,25.0,0.0,17.0,9.71993350982666,61.27359485626221,5859.09814453125,14869.7548828125,216.82489013671875,216.82489013671875,0.0,0.0,13.410296440124512,39.01594686508179,9,4300,8.0,76.0000228881836,0.0,0.0,2.0,1.0,4.0,8.0,19.04045295715332,2578.8798828125,0.0,0.0,6.377713680267334,11,5288,137.0,0.0,0.0,1.0,1.0,0.0,2.0,2.0,7.51323938369751,4151.2548828125,0.0,0.0,10.391270637512207,7,3115,8.0,0.0,0.0,0.0,2.0,0.0,7.0,7.0,17.595121383666992,1223.223388671875,0.0,0.0,6.578596591949463,9,4500,123.0,0.0,0.0,0.0,0.0,0.0,7.0,0.0,7.404847621917725,1057.298583984375,0.0,0.0,2.2580695152282715,11,5254,129.0,448.0,0.0,108.0000228881836,0.0,4.0,0.0,6.0,0.0,1.0,1.0,7.0,5.0,37.0,1.0,14.0,7.283198833465576,69.64812207221985,4810.83349609375,20667.507080078125,1712.048828125,2233.517547607422,0.0,0.0,9.267341613769531,41.72086048126221,10,6399,5.0,108.0000228881836,4.0,5.0,1.0,0.0,5.0,3.0,17.33424186706543,4973.78662109375,0.0,0.0,7.672990322113037,11,5682,146.0,0.0,0.0,1.0,0.0,2.0,3.0,0.0,3.7835652828216553,6376.46240234375,270.9913330078125,0.0,11.158538818359375,10,5149,144.0,0.0,0.0,0.0,0.0,1.0,7.0,5.0,13.009759902954102,3005.31494140625,250.47738647460938,0.0,4.219461917877197,7,3418,24.0,0.0,0.0,0.0,0.0,3.0,17.0,5.0,28.237356185913086,1501.109619140625,0.0,0.0,9.402527809143066,1,6,1,22114,0,0,0,0,6,1,7,25902,0,2,0,0,14,8495,198.0,655.0,7.25,117.25003662705421,0.0,0.0,1.0,3.0,4.0,18.0,0.0,4.0,10.0,54.0,2.0,31.0,22.922510147094727,142.8227128982544,9937.5625,32794.15380859375,1904.0155029296875,4050.5650634765625,0.0,0.0,21.882312774658203,82.14326763153076,12,6679,22.0,105.60003662109375,0.0,0.0,5.0,2.0,7.0,10.0,28.85685920715332,5921.88818359375,0.0,0.0,13.815314292907715,14,8716,219.0,0.0,0.0,2.0,3.0,0.0,4.0,3.0,15.740478515625,9299.2734375,0.0,0.0,23.170089721679688,10,5504,25.0,0.4000000059604645,0.0,0.0,4.0,1.0,22.0,15.0,59.69810104370117,4595.9599609375,0.0,0.0,18.11614990234375,12,7481,191.0,4.0,0.0,0.0,2.0,1.0,11.0,1.0,15.604763984680176,3039.4697265625,2146.549560546875,0.0,5.159400939941406,16,12185,218.0,738.0,9.75,182.75003051757812,4.0,29.0,6.0,18.0,1.0,3.0,5.0,38.0,9.0,73.0,3.0,32.0,19.08702278137207,174.85116958618164,14556.6181640625,59220.44921875,9798.486328125,21778.930694580078,0.0,0.0,18.243127822875977,102.61619758605957,14,11092,16.0,157.00003051757812,25.0,7.0,1.0,5.0,9.0,10.0,41.04819869995117,12529.1328125,3429.195556640625,0.0,17.887012481689453,15,12076,239.0,8.0,0.0,5.0,0.0,6.0,4.0,2.0,13.094442367553711,15564.6318359375,5295.1572265625,0.0,21.150970458984375,14,10154,229.0,8.0,0.0,0.0,0.0,10.0,13.0,5.0,35.185218811035156,10998.12109375,2998.25390625,0.0,19.099544525146484,12,6520,36.0,0.0,0.0,0.0,1.0,12.0,38.0,12.0,66.43628692626953,5571.9453125,257.8376770019531,0.0,26.23554229736328,3,18,4,36875,0,0,0,0,18,3,38,52027,1,3,1,9
104366947889790212,108166997301178190,PCS Summer 2022,pcs_summer_2022,2022-06-23,2022-09-10,ESPORTSTMNT02:2912971,108166997302488980,1,Regular Season,regular_season,Regular Season,2022-07-16,1714,12.12.453.7699,100,1,100,104367068120825486,106269859169658575,PSG Talon,Impunity Esports,100,PSG Hanabi,Gnar,PSG Burry,Poppy,PSG Gori,Azir,PSG Unified,Aphelios,PSG Kaiwing,TahmKench,IMP Jackpot,Gwen,IMP Alex,MonkeyKing,IMP Apex,Ziggs,IMP Anex,Ashe,IMP Yusin,Renata,100,5,100,200,1,1,1,100,6,0,0,5,1626,36.0,122.0,0.0,31.999998092651367,0.0,0.0,0.0,1.0,0.0,0.0,0.0,2.0,2.0,8.0,0.0,1.0,1.456459641456604,9.759276390075684,1630.7435302734375,4331.8465576171875,0.0,0.0,0.0,0.0,2.7035398483276367,7.0960893630981445,4,2060,1.0,31.999998092651367,0.0,1.0,0.0,0.0,2.0,1.0,3.888143539428711,426.7493896484375,0.0,0.0,1.1053823232650757,5,1710,42.0,0.0,0.0,0.0,0.0,0.0,1.0,0.0,1.4506433010101318,1205.982177734375,0.0,0.0,1.1787794828414917,4,1723,38.0,0.0,0.0,0.0,0.0,1.0,1.0,0.0,1.4390894174575806,636.8155517578125,0.0,0.0,0.0,4,1194,5.0,0.0,0.0,0.0,0.0,1.0,2.0,0.0,1.5249404907226562,431.555908203125,0.0,0.0,2.1083877086639404,5,1507,30.0,102.0,0.0,31.999998092651367,0.0,0.0,0.0,0.0,0.0,1.0,0.0,0.0,0.0,7.0,0.0,0.0,0.0,5.82655656337738,825.9403076171875,2608.2193603515625,0.0,0.0,0.0,0.0,0.0,7.109400749206543,4,1650,0.0,31.999998092651367,0.0,0.0,0.0,0.0,1.0,0.0,0.0,0.0,0.0,0.0,0.0,5,1640,38.0,0.0,0.0,0.0,0.0,0.0,2.0,0.0,2.3291454315185547,871.3646240234375,0.0,0.0,2.1411285400390625,4,1489,32.0,0.0,0.0,0.0,0.0,0.0,2.0,0.0,2.0189523696899414,337.67022705078125,0.0,0.0,1.9253628253936768,3,1180,2.0,0.0,0.0,0.0,1.0,0.0,2.0,0.0,1.4784587621688843,573.2442016601562,0.0,0.0,3.0429093837738037,1,0,2,8313,0,0,0,0,0,1,0,7466,0,0,0,0,8,3299,88.0,291.0,0.0,67.0,0.0,0.0,0.0,1.0,0.0,0.0,0.0,2.0,4.0,20.0,0.0,9.0,6.565969944000244,36.99545192718506,2958.267822265625,9098.097290039062,0.0,0.0,0.0,0.0,4.633806228637695,13.826342940330505,7,3434,5.0,63.0,0.0,1.0,0.0,0.0,3.0,5.0,15.491754531860352,426.7493896484375,0.0,0.0,1.1053823232650757,8,3416,93.0,4.0,0.0,0.0,0.0,0.0,4.0,1.0,5.229580402374268,3093.176025390625,0.0,0.0,2.46856689453125,7,3408,91.0,0.0,0.0,0.0,0.0,1.0,4.0,2.0,5.612607002258301,1161.016357421875,0.0,0.0,0.0,6,2133,14.0,0.0,0.0,0.0,0.0,1.0,5.0,1.0,4.0955400466918945,1458.8876953125,0.0,0.0,5.618587493896484,8,3133,80.0,242.0,0.0,60.00000762939453,0.0,0.0,0.0,0.0,0.0,1.0,0.0,0.0,2.0,21.0,1.0,5.0,3.0225448608398438,28.285561561584473,2188.97802734375,5999.584686279297,0.0,0.0,0.0,0.0,0.0,15.577114343643188,6,3024,1.0,60.00000762939453,0.0,0.0,0.0,0.0,4.0,1.0,9.57221508026123,463.0236511230469,0.0,0.0,0.5919170379638672,8,3202,87.0,0.0,0.0,0.0,0.0,0.0,4.0,0.0,2.7677016258239746,1079.6812744140625,0.0,0.0,3.447962522506714,6,2806,70.0,0.0,0.0,0.0,0.0,0.0,4.0,1.0,6.312755584716797,1361.27001953125,0.0,0.0,6.485808849334717,5,1972,4.0,0.0,0.0,0.0,1.0,0.0,7.0,2.0,6.610344409942627,906.6317138671875,0.0,0.0,5.051425933837891,1,0,2,15690,0,1,0,0,0,1,0,14137,0,0,0,0,11,5272,152.0,484.0,0.0,87.00000762939453,0.0,4.0,0.0,3.0,0.0,0.0,0.0,4.0,7.0,36.0,0.0,23.0,8.714529037475586,83.51629829406738,6659.02197265625,21589.071533203125,384.2735900878906,1318.0366516113281,0.0,0.0,6.7324442863464355,26.358031272888184,9,4704,13.0,79.00000762939453,4.0,1.0,0.0,1.0,4.0,13.0,32.05419921875,2485.20654296875,0.0,0.0,6.470271110534668,11,5734,154.0,4.0,0.0,1.0,0.0,0.0,5.0,1.0,6.88911247253418,6675.455078125,933.7630615234375,0.0,4.673750400543213,9,5374,142.0,4.0,0.0,1.0,0.0,1.0,8.0,5.0,17.645915985107422,3450.0732421875,0.0,0.0,0.0,7,3284,23.0,0.0,0.0,0.0,0.0,2.0,12.0,4.0,18.212541580200195,2319.314697265625,0.0,0.0,8.481565475463867,11,4744,126.0,376.0,0.0,84.00001525878906,0.0,0.0,0.0,0.0,0.0,3.0,0.0,0.0,4.0,45.0,2.0,13.0,7.865769386291504,64.11752462387085,4040.2763671875,13842.279052734375,0.0,324.1842956542969,0.0,0.0,0.2783620357513428,26.309306621551514,9,4591,12.0,84.00001525878906,0.0,0.0,0.0,0.0,6.0,2.0,16.478927612304688,1610.6668701171875,0.0,0.0,2.4327614307403564,10,4611,123.0,0.0,0.0,0.0,1.0,0.0,7.0,0.0,4.815876483917236,3346.854248046875,196.2771453857422,0.0,5.915192604064941,8,4225,107.0,0.0,0.0,0.0,1.0,0.0,7.0,5.0,16.345041275024414,3157.501953125,0.0,0.0,9.837965965270996,7,2994,8.0,0.0,0.0,0.0,1.0,0.0,21.0,4.0,18.611909866333008,1686.9796142578125,127.90715026855469,0.0,7.845024585723877,3,0,4,24368,0,2,0,0,0,3,0,21165,0,0,0,0,17,12324,267.0,926.0,27.599998474121094,214.60002517700195,7.600000381469727,41.10000038146973,2.0,10.0,0.0,0.0,4.0,22.0,10.0,93.0,7.0,67.0,32.540889739990234,270.4362564086914,15245.1142578125,53315.3232421875,4774.54541015625,12184.9228515625,0.0,0.0,22.0770206451416,73.71180772781372,14,9478,29.0,149.00003051757812,31.5,1.0,0.0,4.0,10.0,23.0,59.113677978515625,5029.52587890625,167.57469177246094,0.0,17.85672378540039,17,12839,302.0,16.0,0.0,2.0,0.0,3.0,15.0,8.0,45.9136962890625,14424.744140625,2825.74267578125,0.0,7.770738124847412,15,13430,293.0,20.999996185302734,1.0,5.0,0.0,3.0,15.0,18.0,53.00368881225586,13994.818359375,4192.35205078125,0.0,9.633988380432129,12,7015,35.0,1.0,1.0,0.0,0.0,8.0,43.0,11.0,79.86430358886719,4621.12060546875,224.70802307128906,0.0,16.373336791992188,15,9239,233.0,710.0,6.0,134.40003538131714,0.0,0.0,0.0,0.0,2.0,10.0,0.0,0.0,9.0,101.0,5.0,34.0,21.289634704589844,173.4623098373413,7891.55908203125,36010.6650390625,0.0,324.1842956542969,0.0,0.0,3.5300118923187256,53.08012270927429,12,7400,20.0,121.20003509521484,0.0,0.0,1.0,0.0,13.0,9.0,39.08120346069336,5459.181640625,0.0,0.0,6.153891563415527,14,8530,224.0,0.0,0.0,0.0,1.0,0.0,14.0,2.0,11.624323844909668,12606.6337890625,196.2771453857422,0.0,10.259408950805664,12,8530,212.0,7.200000286102295,0.0,0.0,2.0,0.0,13.0,7.0,31.7430419921875,6400.2333984375,0.0,0.0,20.528026580810547,11,5429,21.0,0.0,0.0,0.0,4.0,0.0,52.0,11.0,69.72410583496094,3653.05712890625,127.90715026855469,0.0,12.608783721923828,10,0,22,55086,2,4,1,9,0,10,0,39128,0,0,0,0
104366947889790212,108166997301178190,PCS Summer 2022,pcs_summer_2022,2022-06-23,2022-09-10,ESPORTSTMNT02:2883320,108166997302488930,1,Regular Season,regular_season,Regular Season,2022-07-17,1622,12.12.453.7699,200,2,200,107635420167535818,107700199633958891,SEM9,CTBC Flying Oyster,200,S9 N0name,Gnar,S9 Arashi,Kindred,S9 XieDoDo,Sylas,S9 QaspieL,Nautilus,S9 Axin,Seraphine,CFO Rest,MonkeyKing,CFO Gemini,Viego,CFO Mission,Corki,CFO Shunn,Aphelios,CFO Koala,Blitzcrank,200,2,200,200,0,2,0,0,0,0,0,5,1433,29.0,102.0,0.0,30.799999237060547,0.0,0.0,0.0,0.0,1.0,1.0,0.0,0.0,2.0,9.0,0.0,2.0,1.5035901069641113,10.695079505443573,637.5551147460938,1157.070541381836,51.72705078125,51.72705078125,0.0,0.0,1.1394047737121582,3.116046965122223,4,1646,1.0,30.799999237060547,0.0,0.0,0.0,0.0,1.0,1.0,4.110325813293457,0.0,0.0,0.0,0.0,5,1556,33.0,0.0,0.0,0.0,0.0,0.0,1.0,0.0,0.9191203713417053,193.8767852783203,0.0,0.0,0.8159698843955994,3,1132,6.0,0.0,0.0,0.0,0.0,0.0,3.0,0.0,1.4951330423355103,0.0,0.0,0.0,0.0,4,1545,33.0,0.0,0.0,0.0,0.0,0.0,2.0,1.0,2.666910171508789,325.6386413574219,0.0,0.0,1.1606723070144653,5,1878,27.0,107.0,0.0,27.999998092651367,0.0,0.0,1.0,1.0,0.0,0.0,0.0,1.0,2.0,9.0,0.0,0.0,1.4597073793411255,5.02788907289505,1051.9342041015625,2937.7945709228516,0.0,0.0,0.0,0.0,0.0,0.7681884765625,4,1783,0.0,27.999998092651367,0.0,0.0,0.0,1.0,1.0,0.0,1.7916667461395264,147.63841247558594,0.0,0.0,0.7681884765625,5,1663,37.0,0.0,0.0,0.0,0.0,0.0,2.0,0.0,1.4400254487991333,1248.789306640625,0.0,0.0,0.0,4,1633,37.0,0.0,0.0,0.0,0.0,0.0,2.0,0.0,0.0,489.4326477050781,0.0,0.0,0.0,3,1132,6.0,0.0,0.0,0.0,0.0,0.0,2.0,0.0,0.3364894986152649,0.0,0.0,0.0,0.0,0,1,0,7312,0,0,0,0,1,0,1,8089,0,0,0,0,7,2543,51.0,212.0,0.0,56.25000762939453,0.0,1.5,0.0,1.0,2.0,4.0,0.0,2.0,3.0,18.0,0.0,9.0,4.664592742919922,35.846415758132935,1489.428955078125,5990.244873046875,51.72705078125,51.72705078125,0.0,0.0,2.837252378463745,17.39597249031067,7,2997,8.0,55.75000762939453,1.5,0.0,0.0,0.0,3.0,5.0,12.568649291992188,366.6334228515625,0.0,0.0,0.35108327865600586,8,3196,69.0,0.0,0.0,1.0,1.0,0.0,4.0,1.0,3.2155659198760986,1393.0927734375,0.0,0.0,2.6212587356567383,5,2080,15.0,0.0,0.0,0.0,1.0,1.0,4.0,1.0,8.661774635314941,904.4979248046875,0.0,0.0,4.924665927886963,6,2983,69.0,0.5,0.0,0.0,0.0,1.0,4.0,2.0,6.735833168029785,1836.591796875,0.0,0.0,6.661712169647217,8,3985,71.0,246.0,0.0,59.50000762939453,0.0,5.5,2.0,4.0,0.0,1.0,2.0,7.0,3.0,24.0,0.0,8.0,5.321544647216797,39.2310676574707,3505.864013671875,11936.880798339844,301.17816162109375,2230.878173828125,0.0,0.0,2.99920654296875,14.13577651977539,6,3574,3.0,59.50000762939453,5.5,1.0,0.0,2.0,5.0,3.0,12.895109176635742,756.6213989257812,0.0,0.0,2.188754081726074,8,3570,85.0,0.0,0.0,0.0,0.0,2.0,5.0,2.0,7.240299224853516,3837.025634765625,744.5552368164062,0.0,0.0,6,3454,73.0,0.0,0.0,1.0,0.0,0.0,4.0,2.0,6.855365753173828,3149.427490234375,1185.144775390625,0.0,4.817963600158691,5,2138,14.0,0.0,0.0,0.0,1.0,1.0,7.0,1.0,6.91874885559082,687.9422607421875,0.0,0.0,4.129852294921875,1,4,2,13799,0,0,0,0,4,1,7,16721,0,1,0,0,10,3971,85.0,350.0,4.0,90.2500228881836,0.0,1.5,0.0,4.0,2.0,5.0,0.0,8.0,6.0,36.0,0.0,14.0,6.243027687072754,64.33418464660645,2600.056884765625,13331.670654296875,51.72705078125,732.8180541992188,0.0,0.0,4.856527328491211,32.08887577056885,9,5120,18.0,83.7500228881836,1.5,2.0,0.0,0.0,6.0,5.0,18.207683563232422,2940.8720703125,386.8836975097656,0.0,1.2138800621032715,10,5004,103.0,0.0,0.0,2.0,2.0,1.0,6.0,2.0,8.696298599243164,3068.464599609375,0.0,0.0,5.202550411224365,7,3275,22.0,0.0,0.0,0.0,1.0,4.0,11.0,3.0,21.168659210205078,2017.841552734375,0.0,0.0,11.326656341552734,9,5029,122.0,2.5,0.0,0.0,0.0,3.0,7.0,4.0,10.018515586853027,2704.435546875,294.2073059082031,0.0,9.489261627197266,11,5679,117.0,403.0,0.0,95.50000762939453,0.0,9.5,2.0,5.0,0.0,4.0,2.0,9.0,4.0,41.0,0.0,13.0,7.494687080383301,68.93020439147949,5048.92236328125,19800.27099609375,936.1629028320312,4239.9761962890625,0.0,0.0,2.99920654296875,23.74014949798584,8,5396,6.0,79.50000762939453,9.5,1.0,0.0,3.0,6.0,5.0,19.44278335571289,2457.49853515625,321.32147216796875,0.0,3.928530693054199,11,6115,136.0,12.0,0.0,0.0,1.0,3.0,7.0,2.0,7.83127498626709,6220.88427734375,1034.704833984375,0.0,0.0,9,5718,119.0,4.0,0.0,2.0,1.0,0.0,7.0,2.0,7.510683059692383,4353.29296875,1891.35595703125,0.0,6.015262603759766,6,3314,25.0,0.0,0.0,0.0,2.0,1.0,17.0,4.0,26.650775909423828,1719.6728515625,56.4310302734375,0.0,10.797149658203125,4,5,8,22399,0,1,0,0,5,4,9,26222,0,1,0,1,13,7077,143.0,579.0,4.400000095367432,134.2500352859497,0.0,9.5,0.0,9.0,5.0,22.0,3.0,20.0,9.0,77.0,2.0,35.0,19.453401565551758,168.244966506958,6442.55517578125,44534.35009765625,273.9949035644531,2349.451431274414,0.0,0.0,11.670312881469727,93.38887786865234,12,8473,47.0,118.95003509521484,5.5,2.0,5.0,3.0,12.0,16.0,48.17655944824219,8570.421875,386.8836975097656,0.0,2.057558059692383,13,8623,164.0,4.400000095367432,0.0,3.0,4.0,2.0,8.0,7.0,20.55156135559082,9676.0947265625,0.0,0.0,19.34166145324707,9,5612,29.0,0.0,0.0,0.0,6.0,8.0,34.0,5.0,57.29120635986328,4970.69140625,118.55500793457031,0.0,31.253530502319336,13,9990,196.0,6.5,4.0,4.0,2.0,4.0,14.0,5.0,22.77223777770996,14874.5869140625,1570.017822265625,0.0,29.065814971923828,15,12364,188.0,660.0,12.0,179.5000114440918,4.0,25.49999976158142,5.0,22.0,1.0,9.0,13.0,57.0,5.0,87.0,3.0,33.0,18.71971893310547,193.51526069641113,14636.9697265625,74891.37890625,5469.7236328125,14876.619506835938,0.0,0.0,15.258951187133789,67.16460704803467,13,10625,25.0,119.90001678466797,13.899999618530273,5.0,2.0,11.0,12.0,13.0,46.49738693237305,9236.9765625,1504.462890625,0.0,12.644521713256836,15,12599,217.0,32.39999771118164,4.400000095367432,2.0,2.0,14.0,9.0,5.0,25.908084869384766,30254.5859375,1411.8828125,0.0,2.6600522994995117,14,12991,199.0,15.199996948242188,3.200000047683716,10.0,1.0,5.0,15.0,7.0,30.213388442993164,16291.9443359375,6434.119140625,0.0,14.169837951660156,11,6536,31.0,0.0,0.0,0.0,3.0,14.0,46.0,5.0,72.17668151855469,4470.90234375,56.4310302734375,0.0,22.431243896484375,9,22,20,39775,0,1,0,1,22,9,57,55115,1,3,1,7
104366947889790212,108166997301178190,PCS Summer 2022,pcs_summer_2022,2022-06-23,2022-09-10,ESPORTSTMNT02:2883204,108166997302488934,1,Regular Season,regular_season,Regular Season,2022-07-17,1987,12.12.453.7699,200,2,200,107700204561086446,108517492697602721,Deep Cross Gaming,Dewish Team,200,DCG Leaky,MonkeyKing,DCG Hana,Viego,DCG Nestea,Seraphine,DCG Cryscata,Aphelios,DCG Woody,TahmKench,DWT Lacunae,Gnar,DWT WSL,Trundle,DWT xiaotu,Leblanc,DWT BangTwo,Samira,DWT EnHoa,Nautilus,200,6,200,200,0,2,1,200,3,1,200,5,1395,24.0,104.0,0.0,27.0,0.0,0.0,0.0,0.0,1.0,1.0,0.0,0.0,2.0,8.0,0.0,0.0,1.4464819431304932,6.6451722383499146,1550.87841796875,3003.59517288208,0.0,290.7165222167969,0.0,0.0,0.0,3.391714096069336,4,1513,0.0,27.0,0.0,0.0,0.0,0.0,1.0,0.0,2.2789039611816406,601.644775390625,0.0,0.0,2.409250259399414,5,1682,40.0,0.0,0.0,0.0,0.0,0.0,2.0,0.0,1.4403544664382935,54.646488189697266,0.0,0.0,0.0,4,1521,33.0,0.0,0.0,0.0,0.0,0.0,1.0,0.0,0.0,596.8485717773438,290.7165222167969,0.0,0.0,3,1104,7.0,0.0,0.0,0.0,0.0,0.0,2.0,0.0,1.4794318675994873,199.57691955566406,0.0,0.0,0.9824638366699219,4,1583,24.0,103.0,0.0,23.999998092651367,0.0,0.0,0.0,1.0,0.0,0.0,1.0,1.0,2.0,8.0,0.0,0.0,1.7112129926681519,5.658808588981628,1784.279296875,2921.250961303711,0.0,0.0,0.0,0.0,5.778895378112793,10.193016648292542,4,1908,0.0,23.999998092651367,0.0,1.0,0.0,0.0,1.0,0.0,2.500598907470703,294.5281677246094,0.0,0.0,1.1982704401016235,5,1626,38.0,0.0,0.0,0.0,0.0,0.0,2.0,0.0,1.4469966888427734,748.4383544921875,0.0,0.0,3.215850830078125,4,1591,35.0,0.0,0.0,0.0,0.0,0.0,1.0,0.0,0.0,94.00514221191406,0.0,0.0,0.0,4,1132,6.0,0.0,0.0,0.0,0.0,0.0,2.0,0.0,0.0,0.0,0.0,0.0,0.0,0,1,0,7215,0,0,0,0,1,0,1,7840,0,0,0,0,8,2931,67.0,249.0,0.0,61.500022888183594,0.0,5.500000476837158,0.0,1.0,2.0,4.0,1.0,2.0,3.0,15.0,0.0,3.0,3.697299003601074,25.29151725769043,2745.187255859375,8001.794616699219,0.0,290.7165222167969,0.0,0.0,3.0841064453125,13.191153764724731,6,2979,2.0,61.500022888183594,5.500000476837158,0.0,1.0,0.0,3.0,2.0,8.812237739562988,1234.5498046875,0.0,0.0,4.598087310791016,8,3398,84.0,0.0,0.0,1.0,0.0,0.0,3.0,0.0,3.4406332969665527,1037.872802734375,0.0,0.0,2.58316969871521,6,3087,78.0,0.0,0.0,0.0,1.0,1.0,2.0,1.0,4.68006706237793,2179.486328125,290.7165222167969,0.0,1.340512752532959,6,2151,18.0,0.0,0.0,0.0,0.0,0.0,4.0,0.0,4.661280155181885,804.6984252929688,0.0,0.0,1.5852775573730469,8,3118,62.0,242.0,0.0,66.0,0.0,12.0,0.0,4.0,0.0,1.0,4.0,11.0,4.0,17.0,0.0,5.0,4.624807357788086,28.074661016464233,3956.04052734375,9277.303833007812,0.0,0.0,0.0,0.0,16.955673217773438,34.32443189620972,7,3768,2.0,58.0,12.0,2.0,0.0,2.0,2.0,2.0,7.567265510559082,1016.390625,0.0,0.0,3.6398520469665527,8,3518,93.0,4.0,0.0,0.0,0.0,2.0,3.0,1.0,5.242269039154053,2711.921630859375,0.0,0.0,7.554473876953125,7,3577,70.0,4.0,0.0,2.0,1.0,0.0,3.0,0.0,2.797229528427124,1025.07763671875,0.0,0.0,0.6019287109375,5,2216,15.0,0.0,0.0,0.0,0.0,3.0,5.0,2.0,7.843089580535889,567.8734130859375,0.0,0.0,5.572504043579102,1,4,2,14546,0,0,0,0,4,1,11,16197,0,1,0,0,11,5021,116.0,409.0,0.0,95.50003099441528,0.0,9.499999046325684,1.0,2.0,2.0,5.0,1.0,2.0,3.0,30.0,0.0,8.0,3.697299003601074,52.58207559585571,5897.177734375,14490.17724609375,1052.5914306640625,1581.2634887695312,0.0,0.0,4.9249267578125,21.166247367858887,9,4391,9.0,89.50003051757812,9.499999046325684,0.0,1.0,0.0,5.0,3.0,13.270570755004883,2757.63525390625,0.0,0.0,6.391144752502441,11,5167,136.0,4.000000476837158,0.0,1.0,1.0,0.0,5.0,0.0,4.867894649505615,2191.984375,0.0,0.0,5.69070291519165,8,4879,123.0,2.0,0.0,0.0,1.0,1.0,4.0,1.0,6.691160202026367,2474.448486328125,528.6720581054688,0.0,1.8887970447540283,7,3093,25.0,0.0,0.0,0.0,0.0,0.0,13.0,4.0,24.055150985717773,1168.931396484375,0.0,0.0,2.2706758975982666,10,4816,107.0,402.0,4.0,100.00000762939453,0.0,12.0,0.0,5.0,1.0,2.0,4.0,13.0,6.0,30.0,0.0,13.0,6.308810234069824,64.40038681030273,5440.6708984375,14164.138427734375,0.0,1745.0608520507812,0.0,0.0,20.210887908935547,46.9785041809082,9,5235,6.0,80.00000762939453,12.0,2.0,0.0,3.0,2.0,3.0,10.900598526000977,1974.648193359375,1229.5341796875,0.0,4.73752498626709,11,6233,149.0,8.0,0.0,1.0,0.0,2.0,3.0,2.0,10.245329856872559,4600.9091796875,515.5266723632812,0.0,12.852554321289062,9,5162,113.0,8.0,0.0,2.0,1.0,0.0,6.0,2.0,11.257684707641602,1116.590087890625,0.0,0.0,0.6019287109375,7,3477,27.0,0.0,0.0,0.0,0.0,4.0,13.0,6.0,25.687963485717773,1031.320068359375,0.0,0.0,8.575608253479004,2,5,2,22551,0,0,0,0,5,2,13,24923,0,2,0,0,15,11455,216.0,777.0,16.0,202.50004196166992,0.0,12.499999046325684,1.0,9.0,7.0,18.0,4.0,20.0,10.0,107.0,3.0,51.0,21.142175674438477,228.64616012573242,12697.880859375,61400.65966796875,6581.53564453125,9337.312438964844,0.0,0.0,19.009521484375,89.97912311553955,14,9666,29.0,146.5000457763672,12.499999046325684,2.0,5.0,2.0,11.0,13.0,46.61933898925781,7412.76904296875,478.68756103515625,0.0,17.001895904541016,15,10886,230.0,12.0,0.0,2.0,1.0,6.0,14.0,6.0,25.659582138061523,16912.73046875,294.5535888671875,0.0,30.799724578857422,14,13061,258.0,27.999996185302734,0.0,3.0,3.0,4.0,12.0,13.0,35.24422073364258,18839.453125,1982.53564453125,0.0,12.59432601928711,11,7826,44.0,0.0,0.0,1.0,2.0,4.0,60.0,16.0,99.98084259033203,5537.826171875,0.0,0.0,10.573655128479004,16,12381,195.0,721.0,20.0,204.00001907348633,0.0,20.0,2.0,18.0,1.0,9.0,14.0,53.0,23.0,119.0,5.0,64.0,42.78908920288086,277.1555709838867,14834.2685546875,62694.251708984375,4223.23193359375,14404.467712402344,0.0,0.0,52.37642288208008,148.08398389816284,14,12163,38.0,124.0000228881836,20.0,6.0,0.0,10.0,13.0,26.0,69.39820098876953,10627.00390625,5038.2578125,0.0,20.44059944152832,16,13301,225.0,24.0,0.0,5.0,2.0,10.0,7.0,11.0,33.13752746582031,21408.115234375,4772.03076171875,0.0,34.340415954589844,16,13431,226.0,35.999996185302734,0.0,5.0,2.0,7.0,17.0,9.0,37.3255729675293,11952.673828125,370.94720458984375,0.0,5.000852108001709,12,7770,37.0,0.0,0.0,0.0,4.0,12.0,59.0,13.0,94.50518035888672,3872.190185546875,0.0,0.0,35.92569351196289,9,18,20,52894,0,0,0,3,18,9,53,59046,1,5,1,7
104366947889790212,108166997301178190,PCS Summer 2022,pcs_summer_2022,2022-06-23,2022-09-10,ESPORTSTMNT02:2883242,108166997302488970,1,Regular Season,regular_season,Regular Season,2022-07-17,1790,12.12.453.7699,100,3,100,104367068120825486,107760667929003738,PSG Talon,Frank Esports,100,PSG Hanabi,Kayle,PSG Burry,Trundle,PSG Gori,Corki,PSG Unified,Kalista,PSG Kaiwing,Renata,FAK YSKM,Gwen,FAK Holo,Poppy,FAK Pretender,Azir,FAK MnM,Senna,FAK Keres,TahmKench,100,2,100,200,1,1,1,100,5,0,0,5,1500,29.0,99.0,0.0,24.0,0.0,0.0,0.0,1.0,0.0,1.0,0.0,2.0,2.0,9.0,0.0,0.0,0.5333333611488342,6.304541289806366,1220.9134521484375,5524.467224121094,0.0,647.9927062988281,0.0,0.0,1.7420247793197632,11.394719004631042,4,1559,0.0,24.0,0.0,0.0,1.0,1.0,3.0,0.0,1.4125587940216064,1000.2337646484375,0.0,0.0,2.0460121631622314,5,1702,40.0,0.0,0.0,0.0,0.0,0.0,1.0,0.0,1.5015727281570435,531.2376098632812,0.0,0.0,0.0,3,1928,30.0,0.0,0.0,1.0,0.0,0.0,1.0,0.0,1.0812435150146484,1347.4525146484375,170.63265991210938,0.0,1.318483591079712,3,1325,0.0,0.0,0.0,0.0,0.0,1.0,2.0,0.0,1.7758328914642334,1424.6298828125,477.36004638671875,0.0,6.288198471069336,5,1636,38.0,102.0,0.0,27.999998092651367,0.0,0.0,0.0,1.0,0.0,1.0,0.0,1.0,2.0,8.0,1.0,1.0,2.9206862449645996,10.842040181159973,1230.3170166015625,4390.9244384765625,0.0,0.0,0.0,0.0,0.0,5.939380884170532,4,1565,0.0,27.999998092651367,0.0,0.0,0.0,0.0,1.0,0.0,2.9613451957702637,0.0,0.0,0.0,0.0,5,1563,36.0,0.0,0.0,0.0,0.0,0.0,2.0,0.0,1.5069650411605835,1530.8197021484375,0.0,0.0,1.3741782903671265,3,1487,4.0,0.0,0.0,0.0,1.0,1.0,1.0,0.0,1.9386813640594482,1002.4658203125,0.0,0.0,3.8846864700317383,4,1709,24.0,0.0,0.0,1.0,0.0,0.0,2.0,0.0,1.5143623352050781,627.3218994140625,0.0,0.0,0.6805161237716675,1,1,2,8014,0,0,0,0,1,1,1,7960,0,0,0,0,8,3101,83.0,272.0,0.0,55.20000457763672,0.0,4.0,0.0,2.0,0.0,2.0,0.0,3.0,4.0,25.0,0.0,8.0,3.765110492706299,36.721131324768066,2129.86376953125,8990.316772460938,0.0,1359.3132934570312,0.0,0.0,2.7951176166534424,18.601614475250244,7,3247,5.0,55.20000457763672,4.0,1.0,1.0,1.0,5.0,4.0,13.589020729064941,1103.666015625,0.0,0.0,3.741619825363159,8,3418,85.0,0.0,0.0,0.0,1.0,1.0,4.0,1.0,4.567664623260498,1705.0302734375,0.0,0.0,0.0,7,3950,96.0,0.0,0.0,1.0,0.0,0.0,4.0,1.0,3.6979103088378906,2178.122314453125,548.2391357421875,0.0,3.2483954429626465,6,2378,3.0,0.0,0.0,0.0,0.0,1.0,8.0,2.0,11.101425170898438,1873.6343994140625,811.0741577148438,0.0,8.816481590270996,8,3400,96.0,253.0,0.0,64.30001831054688,0.0,4.800000190734863,0.0,2.0,0.0,2.0,0.0,2.0,3.0,20.0,1.0,3.0,6.078704833984375,28.910658836364746,2927.612060546875,9291.569793701172,0.0,0.0,0.0,0.0,0.33619457483291626,12.443031132221222,7,3301,5.0,64.30001831054688,4.800000190734863,0.0,0.0,1.0,3.0,1.0,6.1011457443237305,429.9798278808594,0.0,0.0,1.7695709466934204,8,3379,82.0,0.0,0.0,1.0,1.0,0.0,4.0,0.0,5.176124572753906,3476.07958984375,0.0,0.0,2.3067071437835693,5,2583,9.0,0.0,0.0,0.0,1.0,1.0,6.0,1.0,7.407646179199219,1830.576416015625,0.0,0.0,7.350042343139648,6,3058,61.0,0.0,0.0,1.0,0.0,0.0,4.0,0.0,4.147037506103516,627.3218994140625,0.0,0.0,0.6805161237716675,2,2,3,16094,0,1,0,0,2,2,2,15721,0,0,0,0,11,4690,125.0,430.0,0.0,87.20001220703125,0.0,12.0,0.0,3.0,0.0,3.0,0.0,5.0,7.0,40.0,0.0,15.0,7.448134899139404,78.45087766647339,4923.81103515625,16699.162841796875,0.0,3779.6981201171875,0.0,0.0,3.166459560394287,25.340959072113037,9,4630,11.0,79.20001220703125,12.0,1.0,1.0,2.0,6.0,7.0,20.455686569213867,1651.268798828125,0.0,0.0,5.502151966094971,10,5447,139.0,4.0,0.0,0.0,2.0,1.0,7.0,2.0,11.128976821899414,2362.52978515625,0.0,0.0,0.0,9,6558,147.0,4.0,0.0,2.0,0.0,0.0,6.0,3.0,14.137046813964844,5069.23779296875,2316.5244140625,0.0,4.503101825714111,8,4055,8.0,0.0,0.0,0.0,0.0,2.0,14.0,3.0,25.28103256225586,2692.3154296875,1463.1737060546875,0.0,12.169245719909668,10,5304,137.0,416.0,0.0,86.3000259399414,0.0,4.800000190734863,1.0,3.0,0.0,3.0,0.0,4.0,4.0,33.0,1.0,10.0,7.768895149230957,64.06191778182983,5772.61181640625,16825.111938476562,1761.76220703125,3188.3772583007812,0.0,0.0,2.1716272830963135,23.524548053741455,9,4930,13.0,86.3000259399414,4.800000190734863,0.0,0.0,2.0,5.0,3.0,18.68747901916504,1440.4215087890625,446.463134765625,0.0,5.600327491760254,11,5618,143.0,0.0,0.0,1.0,1.0,0.0,5.0,1.0,7.093752384185791,4851.76123046875,440.288818359375,0.0,3.1964848041534424,7,3890,13.0,0.0,0.0,0.0,2.0,2.0,13.0,3.0,21.983047485351562,3511.9716796875,539.8630981445312,0.0,11.238664627075195,9,4755,110.0,0.0,0.0,1.0,0.0,0.0,6.0,2.0,8.528743743896484,1248.345703125,0.0,0.0,1.31744384765625,3,3,5,25380,0,2,0,1,3,3,4,24497,0,0,0,0,16,12765,235.0,771.0,28.44999885559082,201.45001792907715,5.0,28.0,3.0,10.0,0.0,4.0,3.0,27.0,17.0,97.0,8.0,50.0,37.95808029174805,253.14214897155762,17513.078125,71303.865234375,8860.4306640625,20125.213623046875,0.0,0.0,5.360974311828613,97.08242201805115,14,8972,19.0,115.20001983642578,12.0,1.0,2.0,8.0,11.0,11.0,45.908382415771484,5326.6298828125,1472.607421875,0.0,48.58106231689453,16,13108,245.0,23.0,3.0,1.0,2.0,7.0,12.0,5.0,27.529932022094727,26914.58984375,1662.0247802734375,0.0,1.6366984844207764,14,13813,250.0,34.79999923706055,8.0,4.0,0.0,3.0,12.0,14.0,55.708126068115234,15942.728515625,6142.3916015625,0.0,17.31490707397461,12,8239,22.0,0.0,0.0,1.0,0.0,6.0,45.0,12.0,86.03762817382812,5606.8388671875,1987.7591552734375,0.0,24.188779830932617,15,11591,269.0,795.0,4.0,131.80003356933594,0.0,5.800000190734863,2.0,4.0,1.0,10.0,0.0,4.0,12.0,99.0,8.0,46.0,33.96514129638672,212.49296760559082,12958.1044921875,46046.19140625,7143.81787109375,9453.45068359375,0.0,0.0,4.413538932800293,67.83961391448975,12,8203,33.0,111.80003356933594,5.800000190734863,0.0,2.0,2.0,11.0,7.0,28.763357162475586,5992.37744140625,951.367431640625,0.0,19.611053466796875,15,10807,273.0,12.0,0.0,1.0,3.0,0.0,11.0,8.0,29.043113708496094,11468.849609375,440.288818359375,0.0,6.942434310913086,11,7564,52.0,0.0,0.0,0.0,3.0,2.0,45.0,17.0,84.2822494506836,10106.6923828125,917.9765625,0.0,26.8764705657959,12,8580,168.0,4.0,0.0,1.0,1.0,0.0,20.0,6.0,36.43910598754883,5520.16748046875,0.0,0.0,9.996116638183594,10,4,27,56897,2,4,1,9,4,10,4,46745,0,1,0,2
104366947889790212,108166997301178190,PCS Summer 2022,pcs_summer_2022,2022-06-23,2022-09-10,ESPORTSTMNT02:2883247,108166997302488978,1,Regular Season,regular_season,Regular Season,2022-07-17,2180,12.12.453.7699,100,1,100,106269859169658575,107700211633200412,Impunity Esports,Meta Falcon Team,200,IMP Jackpot,Sejuani,IMP Alex,Viego,IMP Husky,Corki,IMP Lz,Aphelios,IMP Yusin,TahmKench,MFT Taco,Aatrox,MFT 665,Poppy,MFT Hong2,Veigar,MFT Whale,Kalista,MFT 1SSUE,Rell,200,2,200,100,2,0,1,200,6,1,200,5,1458,30.0,116.0,0.0,31.999998092651367,0.0,0.0,0.0,0.0,0.0,0.0,0.0,0.0,2.0,8.0,0.0,1.0,1.4376177787780762,8.564990520477295,1323.1439208984375,2942.3446502685547,0.0,0.0,0.0,0.0,1.8494590520858765,7.46054208278656,4,1660,1.0,31.999998092651367,0.0,0.0,0.0,0.0,1.0,1.0,4.862790107727051,151.74851989746094,0.0,0.0,1.107269287109375,5,1695,40.0,0.0,0.0,0.0,0.0,0.0,2.0,0.0,1.5074552297592163,332.030517578125,0.0,0.0,0.0,4,1664,39.0,0.0,0.0,0.0,0.0,0.0,1.0,0.0,0.3333333432674408,454.19403076171875,0.0,0.0,0.0,4,1132,6.0,0.0,0.0,0.0,0.0,0.0,2.0,0.0,0.42379406094551086,681.2276611328125,0.0,0.0,4.503813743591309,5,1549,31.0,110.0,0.0,31.999998092651367,0.0,0.0,0.0,0.0,0.0,0.0,0.0,0.0,1.0,5.0,0.0,2.0,1.5413883924484253,11.884061217308044,846.5317993164062,2264.8458709716797,0.0,0.0,0.0,0.0,0.83929443359375,5.824034333229065,4,1706,1.0,31.999998092651367,0.0,0.0,0.0,0.0,1.0,1.0,5.224547863006592,0.0,0.0,0.0,0.0,5,1682,40.0,0.0,0.0,0.0,0.0,0.0,0.0,0.0,0.0,392.83001708984375,0.0,0.0,1.27447509765625,4,1549,32.0,0.0,0.0,0.0,0.0,0.0,2.0,0.0,2.0216732025146484,874.611572265625,0.0,0.0,1.994208812713623,4,1121,6.0,0.0,0.0,0.0,0.0,0.0,1.0,1.0,3.096451759338379,150.8724822998047,0.0,0.0,1.716055989265442,0,0,0,7609,0,0,0,0,0,0,0,7607,0,0,0,0,8,3444,78.0,284.0,0.0,68.00000762939453,0.0,0.0,0.0,2.0,0.0,2.0,1.0,2.0,4.0,20.0,1.0,8.0,6.308856010437012,35.15748047828674,4144.009765625,10546.708557128906,720.3526000976562,720.3526000976562,0.0,0.0,8.711644172668457,21.23577129840851,7,3676,6.0,68.00000762939453,0.0,1.0,0.0,0.0,3.0,4.0,12.368706703186035,653.8480224609375,0.0,0.0,1.9868556261062622,8,3465,97.0,0.0,0.0,0.0,0.0,0.0,3.0,0.0,3.9673736095428467,1008.0126342773438,0.0,0.0,0.0,6,3513,87.0,0.0,0.0,1.0,1.0,0.0,3.0,2.0,4.979737281799316,3128.1845703125,0.0,0.0,3.7852444648742676,6,2259,16.0,0.0,0.0,0.0,1.0,1.0,7.0,1.0,7.532806873321533,1612.653564453125,0.0,0.0,6.7520270347595215,8,3106,70.0,262.0,4.0,80.00001525878906,0.0,0.0,0.0,2.0,1.0,2.0,0.0,3.0,4.0,19.0,0.0,5.0,3.999091148376465,29.128406286239624,2218.017578125,7222.625183105469,0.0,809.4234008789062,0.0,0.0,2.4479410648345947,13.51915043592453,7,3316,6.0,68.00001525878906,0.0,0.0,0.0,1.0,3.0,2.0,11.453550338745117,435.7059326171875,0.0,0.0,0.9084305167198181,8,3624,93.0,4.0,0.0,0.0,0.0,0.0,5.0,1.0,3.73995041847229,392.83001708984375,809.4234008789062,0.0,1.27447509765625,6,3938,79.0,0.0,0.0,2.0,0.0,0.0,4.0,0.0,2.7716732025146484,3336.394287109375,0.0,0.0,4.964396953582764,6,2306,14.0,4.0,0.0,0.0,1.0,2.0,3.0,2.0,7.1641411781311035,839.6773681640625,0.0,0.0,3.9239068031311035,2,2,2,16357,0,0,0,0,2,2,3,16290,0,1,0,0,11,6214,125.0,452.0,8.0,104.00001525878906,4.0,8.0,1.0,4.0,0.0,3.0,1.0,3.0,7.0,36.0,2.0,14.0,12.977740287780762,66.74554491043091,6064.71728515625,19824.106689453125,2716.78759765625,3338.388946533203,0.0,0.0,11.843643188476562,32.59292358160019,9,5469,9.0,92.00001525878906,4.0,1.0,0.0,1.0,3.0,5.0,15.735372543334961,2319.371337890625,0.0,0.0,4.4316277503967285,11,5894,151.0,4.0,0.0,1.0,0.0,0.0,5.0,0.0,5.140864849090576,3214.068115234375,350.7794494628906,0.0,0.3976983428001404,8,5269,139.0,0.0,0.0,1.0,2.0,0.0,4.0,5.0,12.037643432617188,5861.92333984375,270.8218994140625,0.0,7.7479705810546875,8,3464,28.0,0.0,0.0,0.0,1.0,1.0,17.0,2.0,20.853923797607422,2364.026611328125,0.0,0.0,8.17198371887207,10,4556,103.0,426.0,8.0,100.00001525878906,0.0,1.5,0.0,3.0,3.0,4.0,0.0,4.0,6.0,32.0,0.0,13.0,8.052652359008789,63.484657287597656,3234.9375,12200.484619140625,0.0,2702.0878295898438,0.0,0.0,5.28772497177124,23.99747985601425,9,4449,12.0,84.00001525878906,1.5,0.0,0.0,1.0,4.0,8.0,23.895217895507812,680.987060546875,0.0,0.0,0.9084305167198181,11,5549,154.0,4.0,0.0,0.0,0.0,0.0,7.0,2.0,9.42770767211914,2329.541015625,809.4234008789062,0.0,6.4638671875,9,6493,137.0,0.0,0.0,3.0,0.0,0.0,5.0,1.0,8.820005416870117,4739.3447265625,1892.6644287109375,0.0,5.643321514129639,8,3506,20.0,4.0,0.0,0.0,1.0,3.0,10.0,2.0,13.289073944091797,1215.67431640625,0.0,0.0,5.694135665893555,4,3,3,26310,0,0,0,1,3,4,4,24553,0,2,0,0,16,12905,222.0,839.0,12.0,223.9999942779541,5.5,17.499998092651367,1.0,14.0,4.0,20.0,11.0,37.0,15.0,115.0,8.0,51.0,43.35732650756836,269.33242416381836,20830.75,105851.794921875,6059.94970703125,8745.734497070312,0.0,0.0,37.20951843261719,92.86828327178955,15,11920,31.0,158.0,11.999998092651367,4.0,4.0,6.0,12.0,15.0,47.8863639831543,14063.3173828125,336.04833984375,0.0,17.153486251831055,16,15536,271.0,27.999998092651367,0.0,4.0,3.0,6.0,15.0,9.0,52.87290954589844,40180.83984375,2078.91455078125,0.0,4.687313079833984,14,13857,282.0,25.999996185302734,0.0,5.0,5.0,5.0,16.0,15.0,48.8125114440918,25780.41015625,270.8218994140625,0.0,15.624171257019043,13,7191,33.0,0.0,0.0,0.0,4.0,9.0,57.0,4.0,76.40331268310547,4996.4775390625,0.0,0.0,18.19379425048828,18,14544,212.0,790.0,34.0,245.99999809265137,0.0,11.0,4.0,20.0,3.0,14.0,8.0,58.0,16.0,110.0,4.0,57.0,34.60768127441406,275.15284538269043,16297.796875,80468.9951171875,6971.20166015625,14910.750518798828,0.0,0.0,17.84111213684082,167.93754196166992,16,12441,32.0,142.0,5.5,4.0,0.0,14.0,14.0,19.0,59.76142883300781,9733.87109375,817.7777709960938,0.0,28.78262710571289,17,14336,235.0,25.999998092651367,3.5,4.0,5.0,10.0,19.0,5.0,30.63785743713379,21555.08203125,2037.62744140625,0.0,57.332359313964844,16,18010,280.0,40.0,2.0,8.0,2.0,9.0,12.0,22.0,51.57339096069336,25262.98046875,4758.79736328125,0.0,28.070932388305664,15,9123,31.0,4.0,0.0,0.0,4.0,17.0,49.0,7.0,98.5724868774414,7619.2646484375,325.3462829589844,0.0,35.9105110168457,14,20,37,61409,0,0,0,5,20,14,58,68454,1,5,2,7
104366947889790212,108166997301178190,PCS Summer 2022,pcs_summer_2022,2022-06-23,2022-09-10,ESPORTSTMNT02:2883272,108166997302488992,1,Regular Season,regular_season,Regular Season,2022-07-17,1630,12.12.453.7699,100,3,100,99566406490127625,106269804045322803,J Team,Beyond Gaming,100,JT Rock,Gragas,JT Kongyue,Viego,JT Uniboy,Ahri,JT Lilv,Kalista,JT Enso,Renata,BYG Liang,Shyvana,BYG Husha,MonkeyKing,BYG Minji,Lissandra,BYG Wako,Aphelios,BYG Kino,TahmKench,100,3,100,100,2,0,1,100,4,0,0,5,1673,35.0,118.0,0.0,31.999998092651367,0.0,0.0,0.0,0.0,0.0,0.0,0.0,0.0,1.0,7.0,0.0,2.0,0.0,10.588894248008728,1073.74072265625,3344.583953857422,0.0,0.0,0.0,0.0,5.053704261779785,12.57714581489563,4,1662,2.0,31.999998092651367,0.0,0.0,0.0,0.0,1.0,2.0,4.846792697906494,337.5780944824219,0.0,0.0,1.9369635581970215,5,1682,41.0,0.0,0.0,0.0,0.0,0.0,2.0,0.0,1.552178978919983,687.7733154296875,0.0,0.0,0.0,4,1629,39.0,0.0,0.0,0.0,0.0,0.0,2.0,0.0,1.4745841026306152,573.0501708984375,0.0,0.0,1.6396362781524658,4,1189,1.0,0.0,0.0,0.0,0.0,0.0,1.0,0.0,2.7153384685516357,672.441650390625,0.0,0.0,3.9468417167663574,5,1549,33.0,108.0,0.0,27.999998092651367,0.0,0.0,0.0,0.0,0.0,0.0,0.0,0.0,2.0,9.0,0.0,0.0,1.5543879270553589,7.467566192150116,1006.20654296875,3369.8854217529297,0.0,0.0,0.0,0.0,0.0,3.321253776550293,4,1573,0.0,27.999998092651367,0.0,0.0,0.0,0.0,2.0,0.0,0.6563895344734192,172.29522705078125,0.0,0.0,0.9960683584213257,5,1647,39.0,0.0,0.0,0.0,0.0,0.0,2.0,0.0,1.3075474500656128,924.7932739257812,0.0,0.0,0.0,4,1528,31.0,0.0,0.0,0.0,0.0,0.0,2.0,0.0,1.5095807313919067,1033.20458984375,0.0,0.0,1.01605224609375,3,1111,5.0,0.0,0.0,0.0,0.0,0.0,1.0,0.0,2.4396605491638184,233.3857879638672,0.0,0.0,1.3091331720352173,0,0,0,7835,0,0,0,0,0,0,0,7408,0,0,0,0,8,3383,82.0,275.0,0.0,68.00000762939453,0.0,0.0,0.0,4.0,0.0,1.0,3.0,14.0,5.0,17.0,0.0,6.0,7.975543022155762,37.24166917800903,3220.975830078125,12274.503173828125,0.0,0.0,0.0,0.0,10.822864532470703,25.62369418144226,7,3280,11.0,56.00000762939453,0.0,0.0,0.0,4.0,3.0,4.0,10.565190315246582,2696.6328125,0.0,0.0,4.771864414215088,8,4386,86.0,8.0,0.0,3.0,0.0,1.0,3.0,0.0,6.633314609527588,3992.45068359375,0.0,0.0,1.6565721035003662,7,4003,94.0,4.0,0.0,1.0,0.0,3.0,4.0,1.0,7.1856160163879395,1094.15185546875,0.0,0.0,2.01442289352417,6,2189,2.0,0.0,0.0,0.0,1.0,3.0,2.0,1.0,4.882005214691162,1270.2919921875,0.0,0.0,6.357970237731934,8,3444,80.0,271.0,4.0,64.00000762939453,0.0,0.0,1.0,1.0,0.0,4.0,0.0,3.0,3.0,17.0,1.0,4.0,7.4159417152404785,28.94055676460266,2742.9521484375,8694.222106933594,163.82350158691406,163.82350158691406,0.0,0.0,0.334442138671875,12.77493953704834,6,3075,3.0,60.00000762939453,0.0,0.0,1.0,1.0,3.0,1.0,5.2333221435546875,1441.7955322265625,0.0,0.0,3.0433597564697266,8,3325,87.0,0.0,0.0,0.0,1.0,1.0,5.0,2.0,8.784314155578613,2382.908935546875,0.0,0.0,3.7562079429626465,7,3268,87.0,0.0,0.0,0.0,1.0,0.0,3.0,0.0,2.4193146228790283,1395.422119140625,0.0,0.0,1.637235164642334,5,2103,14.0,0.0,0.0,0.0,1.0,1.0,3.0,0.0,5.0876641273498535,731.1433715820312,0.0,0.0,4.003694534301758,4,1,14,17241,0,1,0,0,1,4,3,15215,0,0,0,0,11,5387,140.0,466.0,0.0,99.7500228881836,0.0,4.0,0.0,4.0,0.0,1.0,3.0,14.0,7.0,33.0,1.0,22.0,9.938802719116211,82.91533279418945,5906.5009765625,16104.834838867188,0.0,1201.9618682861328,0.0,0.0,15.532108306884766,32.28890061378479,9,5100,17.0,87.7500228881836,4.0,0.0,0.0,4.0,4.0,10.0,23.42352294921875,2696.6328125,90.74565887451172,0.0,4.771864414215088,11,6312,147.0,8.0,0.0,3.0,0.0,1.0,4.0,1.0,9.233314514160156,4697.24560546875,87.0561752319336,0.0,3.278093099594116,10,6267,155.0,4.0,0.0,1.0,0.0,3.0,7.0,4.0,17.29591941833496,1534.1634521484375,1024.1600341796875,0.0,2.3488645553588867,7,3131,7.0,0.0,0.0,0.0,1.0,3.0,11.0,6.0,23.023773193359375,1270.2919921875,0.0,0.0,6.357970237731934,11,5364,134.0,452.0,8.0,100.0000228881836,0.0,0.0,1.0,1.0,0.0,4.0,0.0,3.0,4.0,38.0,2.0,9.0,12.959516525268555,61.32707118988037,5081.8564453125,11378.811096191406,163.82350158691406,163.82350158691406,0.0,0.0,0.334442138671875,13.090758800506592,9,4549,8.0,92.0000228881836,0.0,0.0,1.0,1.0,6.0,2.0,11.723905563354492,1441.7955322265625,0.0,0.0,3.0433597564697266,11,5158,144.0,0.0,0.0,0.0,1.0,1.0,9.0,2.0,9.950443267822266,2562.83349609375,0.0,0.0,3.7562079429626465,9,5076,143.0,0.0,0.0,0.0,1.0,0.0,6.0,1.0,9.006295204162598,1395.422119140625,0.0,0.0,1.637235164642334,7,3118,23.0,0.0,0.0,0.0,1.0,1.0,13.0,2.0,17.68691062927246,896.9035034179688,0.0,0.0,4.31951379776001,4,1,14,26197,0,2,0,0,1,4,3,23265,0,0,0,0,15,9683,183.0,773.0,8.0,186.25004386901855,0.0,16.0,0.0,19.0,1.0,2.0,14.0,61.0,10.0,75.0,6.0,49.0,29.423110961914062,226.23365211486816,15100.248046875,69583.08813476562,1348.1842041015625,21693.31640625,0.0,0.0,29.297649383544922,78.71412372589111,14,11203,37.0,135.7500457763672,12.0,4.0,0.0,14.0,11.0,17.0,55.48019790649414,10918.052734375,2582.435546875,0.0,12.928229331970215,16,13998,272.0,16.0,4.0,7.0,0.0,9.0,6.0,2.0,18.792306900024414,18006.59375,5797.1826171875,0.0,11.45218563079834,15,14416,265.0,26.499998092651367,0.0,7.0,0.0,8.0,13.0,9.0,47.29096603393555,22155.49609375,10935.4638671875,0.0,14.575970649719238,12,7145,16.0,0.0,0.0,1.0,1.0,16.0,35.0,15.0,75.2470703125,3402.697509765625,1030.0501708984375,0.0,10.460088729858398,14,8622,201.0,715.0,20.0,158.00002366304398,0.0,0.0,1.0,2.0,3.0,19.0,0.0,3.0,8.0,86.0,6.0,26.0,23.586551666259766,150.7993984222412,15685.4443359375,41457.22998046875,163.82350158691406,163.82350158691406,0.0,0.0,4.171686172485352,49.65572547912598,11,7046,24.0,118.4000244140625,0.0,0.0,5.0,1.0,11.0,7.0,33.94283676147461,6563.0556640625,0.0,0.0,7.167505264282227,14,8359,219.0,0.0,0.0,0.0,4.0,1.0,13.0,3.0,21.000219345092773,7911.95703125,0.0,0.0,20.816171646118164,13,9508,239.0,18.799999237060547,0.0,1.0,4.0,0.0,10.0,3.0,17.730369567871094,9057.755859375,0.0,0.0,9.884702682495117,10,5055,32.0,0.800000011920929,0.0,0.0,3.0,1.0,44.0,7.0,54.53942108154297,2239.01708984375,0.0,0.0,7.615659713745117,19,2,61,56445,3,4,1,11,2,19,3,38590,0,0,0,0
104366947889790212,108166997301178190,PCS Summer 2022,pcs_summer_2022,2022-06-23,2022-09-10,ESPORTSTMNT02:2914681,108166997302554548,1,Regular Season,regular_season,Regular Season,2022-07-22,1762,12.12.453.7699,200,3,200,106269859169658575,107700199633958891,Impunity Esports,CTBC Flying Oyster,200,IMP Jackpot,Jax,IMP Alex,Poppy,IMP Apex,Taliyah,IMP Anex,Kalista,IMP Winnie ,Renata,CFO Rest,Gnar,CFO Gemini,Trundle,CFO Mission,Syndra,CFO Shunn,Aphelios,CFO Koala,Ashe,200,6,200,100,1,1,0,0,0,0,0,5,1402,23.0,77.0,0.0,28.0,0.0,0.0,0.0,0.0,0.0,0.0,0.0,0.0,2.0,7.0,0.0,2.0,1.4569576978683472,8.497445940971375,864.1026611328125,2800.8024291992188,0.0,0.0,0.0,0.0,1.7012176513671875,7.48256641626358,4,1593,2.0,28.0,0.0,0.0,0.0,0.0,2.0,0.0,0.0,515.3511352539062,0.0,0.0,0.5207431316375732,5,1367,22.0,0.0,0.0,0.0,0.0,0.0,2.0,0.0,1.5023002624511719,949.3502197265625,0.0,0.0,4.893560886383057,3,1433,29.0,0.0,0.0,0.0,0.0,0.0,1.0,1.0,3.138187885284424,221.0500946044922,0.0,0.0,0.0,3,1035,1.0,0.0,0.0,0.0,0.0,0.0,0.0,1.0,2.4000000953674316,250.9483184814453,0.0,0.0,0.36704474687576294,5,1507,30.0,101.0,0.0,24.0,0.0,0.0,0.0,0.0,0.0,0.0,0.0,0.0,1.0,6.0,0.0,0.0,1.5032782554626465,8.749774932861328,1046.18212890625,4205.873291015625,0.0,469.18760108947754,0.0,0.0,0.636461615562439,9.067247033119202,4,1480,0.0,24.0,0.0,0.0,0.0,0.0,1.0,0.0,2.9591917991638184,0.0,0.0,0.0,0.0,5,1556,33.0,0.0,0.0,0.0,0.0,0.0,1.0,0.0,1.4757091999053955,1463.700439453125,23.8060245513916,0.0,4.538940906524658,4,1622,37.0,0.0,0.0,0.0,0.0,0.0,2.0,0.0,1.611595630645752,892.8970947265625,216.832763671875,0.0,0.0,4,1166,1.0,0.0,0.0,0.0,0.0,0.0,1.0,0.0,1.2000000476837158,803.0936279296875,228.54881286621094,0.0,3.8918445110321045,0,0,0,6830,0,0,0,0,0,0,0,7331,0,0,0,0,8,2995,58.0,214.0,0.0,52.00000762939453,0.0,4.0,1.0,2.0,0.0,1.0,0.0,2.0,3.0,15.0,0.0,6.0,3.5681533813476562,25.87653636932373,2358.210693359375,6806.059478759766,0.0,0.0,0.0,0.0,3.5474700927734375,18.29714846611023,6,2776,2.0,48.00000762939453,4.0,0.0,0.0,1.0,3.0,0.0,5.114841461181641,1487.4195556640625,0.0,0.0,3.3477730751037598,8,3414,71.0,4.0,0.0,1.0,1.0,1.0,4.0,0.0,3.4722342491149902,1862.943359375,0.0,0.0,8.881941795349121,6,3032,78.0,0.0,0.0,0.0,0.0,0.0,4.0,2.0,8.871307373046875,617.5908203125,0.0,0.0,1.0769381523132324,5,1842,5.0,0.0,0.0,0.0,0.0,0.0,1.0,4.0,4.849999904632568,479.8950500488281,0.0,0.0,1.4430253505706787,8,3430,79.0,260.0,0.0,56.00000762939453,0.0,4.0,0.0,1.0,0.0,2.0,0.0,0.0,3.0,19.0,0.0,3.0,4.743814468383789,29.013003826141357,2383.110107421875,10351.516967773438,1368.9344482421875,4850.607355117798,0.0,0.0,4.077859401702881,24.001301527023315,7,2853,2.0,56.00000762939453,4.0,0.0,0.0,0.0,4.0,0.0,7.964874744415283,840.145751953125,0.0,0.0,2.247434377670288,8,3605,82.0,0.0,0.0,1.0,2.0,0.0,4.0,1.0,6.503870964050293,2312.18505859375,23.8060245513916,0.0,6.3707685470581055,6,3666,93.0,0.0,0.0,0.0,0.0,0.0,4.0,1.0,4.302961826324463,2988.987060546875,2626.21728515625,0.0,2.7783732414245605,6,2618,4.0,0.0,0.0,0.0,0.0,0.0,4.0,1.0,5.497481822967529,1827.0889892578125,831.6495971679688,0.0,8.52686595916748,2,1,2,14059,0,0,0,0,1,2,0,16172,0,1,0,0,10,4849,101.0,354.0,0.0,93.75001525878906,0.0,4.0,1.0,2.0,0.0,1.0,0.0,2.0,5.0,27.0,0.0,13.0,6.490433216094971,61.22721529006958,3350.247314453125,8857.24331665039,1798.0548095703125,1859.7214736938477,0.0,0.0,3.5474700927734375,23.049896001815796,9,4458,5.0,80.00001525878906,4.0,0.0,0.0,1.0,5.0,2.0,14.316898345947266,1747.2872314453125,61.666664123535156,0.0,6.35918664932251,11,5251,120.0,11.25,0.0,1.0,1.0,1.0,6.0,2.0,13.82234001159668,2662.222900390625,0.0,0.0,10.623275756835938,8,4614,120.0,2.5,0.0,0.0,0.0,0.0,8.0,2.0,12.331510543823242,617.5908203125,0.0,0.0,1.0769381523132324,6,2575,8.0,0.0,0.0,0.0,0.0,0.0,3.0,7.0,14.266033172607422,479.8950500488281,0.0,0.0,1.4430253505706787,11,5289,135.0,426.0,2.25,85.45001220703125,0.0,4.0,0.0,1.0,0.0,2.0,0.0,0.0,5.0,43.0,0.0,10.0,7.559760570526123,77.42028665542603,4312.96826171875,14277.41455078125,1368.9344482421875,7049.865051269531,0.0,0.0,8.21471118927002,38.793755531311035,8,4093,3.0,79.20001220703125,4.0,0.0,0.0,0.0,7.0,1.0,15.881614685058594,840.145751953125,0.0,0.0,5.700719356536865,11,5805,138.0,4.0,0.0,1.0,2.0,0.0,6.0,2.0,13.422508239746094,2419.95703125,313.23583984375,0.0,7.7477827072143555,9,6143,140.0,0.0,0.0,0.0,0.0,0.0,8.0,1.0,10.51330852508545,3826.7353515625,4470.33447265625,0.0,2.7783732414245605,7,4120,10.0,0.0,0.0,0.0,0.0,0.0,17.0,6.0,30.043094635009766,2877.608154296875,897.3602905273438,0.0,14.352169036865234,2,1,2,21747,0,0,0,0,1,2,0,25450,0,2,0,1,15,11061,198.0,694.0,4.0,167.75001907348633,0.0,4.0,2.0,6.0,2.0,13.0,1.0,12.0,9.0,74.0,2.0,50.0,14.502882957458496,186.07833766937256,9344.7880859375,35170.201416015625,7453.478515625,7674.16393661499,0.0,0.0,7.0912933349609375,69.13433003425598,13,8320,28.0,120.0000228881836,4.0,1.0,3.0,4.0,12.0,13.0,43.05955123901367,6035.50390625,61.666664123535156,0.0,16.414356231689453,15,10400,221.0,21.249998092651367,0.0,2.0,2.0,3.0,14.0,7.0,36.09764862060547,15476.8271484375,0.0,0.0,32.16317367553711,12,10200,230.0,22.499998092651367,0.0,1.0,2.0,1.0,14.0,13.0,39.32552719116211,2101.385498046875,102.92947387695312,0.0,3.839090585708618,11,5543,17.0,0.0,0.0,0.0,4.0,3.0,25.0,15.0,53.09272766113281,2211.69677734375,56.08928298950195,0.0,9.626416206359863,17,12183,251.0,761.0,22.749998092651367,187.75002479553223,1.5,29.499998092651367,2.0,13.0,1.0,6.0,5.0,31.0,8.0,101.0,7.0,35.0,27.39638328552246,219.7780876159668,12504.6220703125,68602.83740234375,3043.44140625,23656.546142578125,0.0,0.0,23.504762649536133,132.5266342163086,13,8004,8.0,106.4000244140625,4.0,0.0,2.0,7.0,15.0,4.0,35.77784729003906,4236.46923828125,2605.103271484375,0.0,18.793739318847656,16,12799,227.0,17.799999237060547,0.0,4.0,3.0,8.0,7.0,5.0,25.186304092407227,21736.046875,2765.856689453125,0.0,37.51551818847656,15,15466,249.0,40.80000305175781,23.999998092651367,7.0,0.0,2.0,17.0,7.0,29.917591094970703,17871.958984375,12625.2001953125,0.0,7.732576370239258,12,7937,26.0,0.0,0.0,0.0,0.0,9.0,54.0,12.0,101.49996185302734,12253.740234375,2616.944580078125,0.0,44.980037689208984,6,13,12,45524,0,2,0,3,13,6,31,56389,2,2,1,9
104366947889790212,108166997301178190,PCS Summer 2022,pcs_summer_2022,2022-06-23,2022-09-10,ESPORTSTMNT02:2914630,108166997302554574,1,Regular Season,regular_season,Regular Season,2022-07-22,2021,12.12.453.7699,100,3,100,107700204561086446,99566406490127625,Deep Cross Gaming,J Team,100,DCG Leaky,Sejuani,DCG Hana,Trundle,DCG Nestea,Swain,DCG Cryscata,Aphelios,DCG Woody,Lulu,JT Driver,Gragas,JT Kongyue,Viego,JT Uniboy,Taliyah,JT Lilv,Lucian,JT Enso,Nami,100,3,200,100,1,0,1,100,6,1,100,5,1601,35.0,108.0,0.0,29.999998092651367,0.0,0.0,0.0,0.0,0.0,0.0,0.0,0.0,1.0,4.0,1.0,3.0,1.0,9.452136993408203,1213.8804931640625,4028.830032348633,0.0,45.5338020324707,0.0,0.0,1.7610067129135132,10.72530472278595,4,1609,1.0,29.999998092651367,0.0,0.0,0.0,0.0,0.0,1.0,3.558333396911621,0.0,0.0,0.0,0.0,5,1626,38.0,0.0,0.0,0.0,0.0,0.0,2.0,0.0,1.2826175689697266,235.4347686767578,0.0,0.0,2.0440940856933594,4,1513,34.0,0.0,0.0,0.0,0.0,0.0,1.0,1.0,2.6111860275268555,1056.5958251953125,0.0,0.0,3.690000057220459,4,1295,0.0,0.0,0.0,0.0,0.0,0.0,0.0,0.0,1.0,1522.9189453125,45.5338020324707,0.0,3.230203866958618,5,1608,39.0,115.0,0.0,33.20000076293945,0.0,0.0,0.0,0.0,0.0,0.0,0.0,0.0,2.0,8.0,0.0,2.0,0.5046498775482178,7.250184565782547,810.6973876953125,2398.693817138672,0.0,0.0,0.0,0.0,1.096549391746521,2.9955846071243286,4,1720,0.0,33.20000076293945,0.0,0.0,0.0,0.0,1.0,0.0,1.9383931159973145,0.0,0.0,0.0,0.0,5,1751,45.0,0.0,0.0,0.0,0.0,0.0,1.0,2.0,2.683610200881958,349.9848327636719,0.0,0.0,1.1977298259735107,4,1542,31.0,0.0,0.0,0.0,0.0,0.0,2.0,0.0,0.4210800230503082,579.4146118164062,0.0,0.0,0.0,4,1205,0.0,0.0,0.0,0.0,0.0,0.0,2.0,0.0,1.7024513483047485,658.5969848632812,0.0,0.0,0.7013053894042969,0,0,0,7644,0,0,0,0,0,0,0,7826,0,0,0,0,8,3516,90.0,255.0,8.0,68.00000762939453,0.0,0.0,0.0,0.0,0.0,0.0,0.0,0.0,3.0,14.0,2.0,10.0,7.25098991394043,32.652716636657715,2049.4404296875,6990.3302001953125,0.0,45.5338020324707,0.0,0.0,3.612715005874634,19.62509298324585,6,2817,2.0,56.00000762939453,0.0,0.0,0.0,0.0,1.0,2.0,7.125,0.0,0.0,0.0,2.113692283630371,8,3209,82.0,4.0,0.0,0.0,0.0,0.0,3.0,1.0,3.802367687225342,745.4525146484375,0.0,0.0,3.6250641345977783,6,2992,80.0,0.0,0.0,0.0,0.0,0.0,4.0,4.0,9.490150451660156,1478.9453125,0.0,0.0,3.690000057220459,6,2156,1.0,0.0,0.0,0.0,0.0,0.0,3.0,1.0,4.984208583831787,2716.491943359375,45.5338020324707,0.0,6.583621501922607,8,3524,88.0,260.0,0.0,61.5000114440918,0.0,0.0,0.0,0.0,0.0,0.0,0.0,0.0,5.0,20.0,1.0,6.0,7.8207807540893555,29.874187707901,3244.62060546875,6854.5665283203125,813.4492797851562,1928.2921295166016,0.0,0.0,5.170374870300293,11.74014687538147,6,3091,2.0,61.5000114440918,0.0,0.0,0.0,0.0,3.0,2.0,9.04139232635498,0.0,153.20912170410156,0.0,0.0,8,3362,98.0,0.0,0.0,0.0,0.0,0.0,3.0,3.0,4.95117712020874,919.7928466796875,0.0,0.0,3.78222393989563,6,3034,72.0,0.0,0.0,0.0,0.0,0.0,4.0,0.0,3.7026479244232178,1520.377197265625,686.7268676757812,0.0,0.0,5,2115,0.0,0.0,0.0,0.0,0.0,0.0,5.0,0.0,4.358189582824707,1169.77587890625,274.9068603515625,0.0,2.787548065185547,0,0,0,14690,0,1,0,0,0,0,0,15126,0,0,0,0,11,5542,133.0,419.0,16.0,96.00001525878906,0.0,0.0,0.0,0.0,0.0,0.0,0.0,0.0,4.0,30.0,2.0,21.0,8.950471878051758,64.36703395843506,3871.689208984375,11874.568237304688,1899.114990234375,3974.496795654297,0.0,0.0,7.3746232986450195,29.323459148406982,8,4378,8.0,76.00001525878906,0.0,0.0,0.0,0.0,4.0,6.0,16.09069061279297,690.70458984375,380.59991455078125,0.0,3.458165168762207,10,5022,134.0,4.0,0.0,0.0,0.0,0.0,7.0,1.0,7.556286811828613,1646.6561279296875,0.0,0.0,7.388538360595703,9,5244,137.0,0.0,0.0,0.0,0.0,0.0,5.0,5.0,14.487188339233398,2292.925048828125,1594.2545166015625,0.0,3.690000057220459,8,3264,7.0,0.0,0.0,0.0,0.0,0.0,10.0,7.0,17.28239631652832,3372.59326171875,100.52737426757812,0.0,7.412132263183594,11,5766,150.0,449.0,0.0,95.50003051757812,0.0,0.0,0.0,0.0,0.0,0.0,0.0,0.0,8.0,39.0,1.0,14.0,13.20793342590332,69.31762456893921,4875.25732421875,11685.97232055664,1975.9552001953125,3090.798049926758,0.0,0.0,6.617701530456543,20.037964344024658,8,4492,4.0,91.50003051757812,0.0,0.0,0.0,0.0,4.0,4.0,15.733057975769043,392.0163879394531,153.20912170410156,0.0,0.4029541015625,11,5360,158.0,4.0,0.0,0.0,0.0,0.0,4.0,4.0,9.292963027954102,2060.02880859375,0.0,0.0,7.164398670196533,9,4907,131.0,0.0,0.0,0.0,0.0,0.0,6.0,1.0,5.735981464385986,2708.4013671875,686.7268676757812,0.0,0.0,7,3032,6.0,0.0,0.0,0.0,0.0,0.0,17.0,4.0,25.347688674926758,1650.2684326171875,274.9068603515625,0.0,5.852910041809082,0,0,0,23450,0,2,0,1,0,0,0,23557,0,0,0,0,17,14571,243.0,786.0,28.0,216.2500343322754,0.0,8.0,8.0,22.0,1.0,9.0,11.0,69.0,13.0,90.0,5.0,52.0,28.12320327758789,229.28670120239258,18615.482421875,78250.9912109375,2862.683349609375,17138.29364013672,0.0,0.0,26.74870491027832,124.09358882904053,16,11376,23.0,136.00003051757812,0.0,3.0,2.0,15.0,9.0,16.0,53.743648529052734,7654.4033203125,2104.072509765625,0.0,25.06716537475586,17,12584,215.0,16.25,0.0,4.0,0.0,13.0,16.0,4.0,32.768951416015625,20464.111328125,1553.0244140625,0.0,39.40446853637695,16,15870,288.0,36.000003814697266,8.0,6.0,3.0,11.0,11.0,13.0,33.20322036743164,23585.12109375,10029.93359375,0.0,14.794833183288574,14,8640,17.0,0.0,0.0,1.0,3.0,19.0,41.0,14.0,81.44767761230469,7931.873046875,588.5797729492188,0.0,18.07841682434082,15,10921,221.0,828.0,0.0,207.00005340576172,0.0,1.5,0.0,8.0,6.0,22.0,1.0,17.0,15.0,112.0,3.0,48.0,29.16360092163086,247.25736236572266,17527.697265625,68596.7900390625,1975.9552001953125,5091.08088684082,0.0,0.0,27.14143943786621,105.04879903793335,14,10074,24.0,138.20004272460938,1.5,2.0,5.0,3.0,15.0,10.0,41.741641998291016,4746.94140625,153.20912170410156,0.0,4.470579147338867,17,14575,310.0,40.0000114440918,0.0,3.0,4.0,3.0,6.0,10.0,31.95545196533203,24081.01171875,2000.2828369140625,0.0,42.8465461730957,15,13066,258.0,28.799999237060547,0.0,1.0,4.0,4.0,10.0,15.0,43.348716735839844,16177.142578125,686.7268676757812,0.0,3.599963665008545,14,8331,15.0,0.0,0.0,2.0,3.0,6.0,66.0,10.0,101.0479507446289,6063.9970703125,274.9068603515625,0.0,26.990270614624023,22,9,69,63041,1,5,1,7,8,22,17,56967,0,0,1,1
104366947889790212,108166997301178190,PCS Summer 2022,pcs_summer_2022,2022-06-23,2022-09-10,ESPORTSTMNT02:2914619,108166997302554584,1,Regular Season,regular_season,Regular Season,2022-07-22,1960,12.12.453.7699,100,3,100,104367068120825486,108517492697602721,PSG Talon,Dewish Team,100,PSG Hanabi,Sejuani,PSG Burry,XinZhao,PSG Gori,Azir,PSG Unified,Zeri,PSG Kaiwing,Yuumi,DWT Lacunae,Camille,DWT WSL,Poppy,DWT xiaotu,Ryze,DWT BangTwo,Jinx,DWT EnHoa,Renata,200,6,200,200,0,2,1,100,4,0,0,5,1563,34.0,108.0,0.0,31.999998092651367,0.0,0.0,0.0,0.0,0.0,0.0,0.0,0.0,1.0,8.0,0.0,0.0,1.4385937452316284,7.369094371795654,761.021728515625,3404.4720458984375,0.0,0.0,0.0,0.0,2.862757921218872,5.359969228506088,4,1673,0.0,31.999998092651367,0.0,0.0,0.0,0.0,2.0,0.0,1.523966908454895,0.0,0.0,0.0,0.0,5,1598,36.0,0.0,0.0,0.0,0.0,0.0,2.0,0.0,1.4282779693603516,1095.649658203125,0.0,0.0,0.8329736590385437,4,1605,38.0,0.0,0.0,0.0,0.0,0.0,1.0,0.0,1.4443491697311401,602.6997680664062,0.0,0.0,0.3589076101779938,4,1145,0.0,0.0,0.0,0.0,0.0,0.0,2.0,0.0,1.5339065790176392,945.1008911132812,0.0,0.0,1.3053300380706787,5,1535,32.0,111.0,0.0,31.999998092651367,0.0,0.0,0.0,0.0,0.0,0.0,0.0,0.0,1.0,7.0,0.0,0.0,0.3333333432674408,6.509421676397324,1058.49072265625,2047.033218383789,53.039676666259766,53.039676666259766,0.0,0.0,1.1256756782531738,3.4032905101776123,4,1660,2.0,31.999998092651367,0.0,0.0,0.0,0.0,2.0,0.0,3.205451250076294,0.0,0.0,0.0,0.0,5,1640,38.0,0.0,0.0,0.0,0.0,0.0,2.0,0.0,1.4707850217819214,466.3299255371094,0.0,0.0,0.0,4,1563,36.0,0.0,0.0,0.0,0.0,0.0,1.0,0.0,0.0,201.45115661621094,0.0,0.0,0.0,4,1147,3.0,0.0,0.0,0.0,0.0,0.0,1.0,0.0,1.4998520612716675,320.76141357421875,0.0,0.0,2.2776148319244385,0,0,0,7584,0,0,0,0,0,0,0,7545,0,0,0,0,8,3046,81.0,274.0,0.0,60.00001525878906,0.0,4.0,0.0,1.0,0.0,0.0,0.0,1.0,4.0,19.0,0.0,4.0,5.7266950607299805,31.961904048919678,2747.04638671875,9963.34716796875,0.0,979.0459747314453,0.0,0.0,7.865425109863281,17.370980381965637,7,3241,3.0,60.00001525878906,4.0,0.0,0.0,1.0,4.0,3.0,9.622367858886719,195.499755859375,0.0,0.0,0.7568261623382568,9,3848,97.0,0.0,0.0,1.0,0.0,0.0,3.0,1.0,5.033897399902344,3408.439697265625,0.0,0.0,4.703378200531006,7,3400,93.0,0.0,0.0,0.0,0.0,0.0,4.0,0.0,5.62980318069458,1154.21533203125,781.0358276367188,0.0,1.0985316038131714,6,2191,0.0,0.0,0.0,0.0,0.0,0.0,4.0,0.0,5.949140548706055,2458.14599609375,198.01014709472656,0.0,2.946819305419922,8,3224,84.0,270.0,0.0,64.00000762939453,0.0,0.0,0.0,0.0,0.0,1.0,0.0,0.0,3.0,17.0,1.0,5.0,6.676641941070557,35.59698247909546,3202.661376953125,6986.3524169921875,53.039676666259766,53.039676666259766,0.0,0.0,1.9255414009094238,11.89996886253357,7,3050,6.0,64.00000762939453,0.0,0.0,0.0,0.0,3.0,2.0,12.983572959899902,646.755615234375,0.0,0.0,2.141111135482788,8,3348,92.0,0.0,0.0,0.0,1.0,0.0,3.0,0.0,2.929144859313965,1588.8079833984375,0.0,0.0,2.247654914855957,6,3112,81.0,0.0,0.0,0.0,0.0,0.0,5.0,1.0,7.224437236785889,613.1111450195312,0.0,0.0,0.0,6,2065,7.0,0.0,0.0,0.0,0.0,0.0,3.0,1.0,5.7831854820251465,935.0162963867188,0.0,0.0,5.5856614112854,1,0,1,15726,0,0,0,0,0,1,0,14799,0,1,0,0,11,5180,140.0,460.0,4.0,92.00003051757812,0.0,4.0,0.0,2.0,0.0,1.0,0.0,1.0,7.0,35.0,1.0,12.0,8.92355728149414,60.015400886535645,3010.200927734375,15054.101257324219,733.1721801757812,2065.6599884033203,0.0,0.0,8.367927551269531,23.054921984672546,9,4447,9.0,84.00003051757812,4.0,0.0,1.0,1.0,6.0,5.0,19.244178771972656,582.2344360351562,0.0,0.0,1.1241761445999146,11,6169,157.0,4.0,0.0,2.0,0.0,0.0,6.0,3.0,8.900565147399902,5783.318359375,0.0,0.0,6.996980667114258,9,5404,153.0,0.0,0.0,0.0,0.0,0.0,9.0,2.0,10.881067276000977,2002.5084228515625,1134.4776611328125,0.0,2.5064008235931396,8,3183,1.0,0.0,0.0,0.0,0.0,0.0,7.0,1.0,12.066032409667969,3675.839111328125,198.01014709472656,0.0,4.059436798095703,11,5008,138.0,437.0,0.0,96.00001239776611,0.0,0.0,0.0,1.0,0.0,2.0,0.0,1.0,6.0,27.0,1.0,14.0,8.94090461730957,65.30240392684937,3298.85546875,9985.107299804688,53.039676666259766,53.039676666259766,0.0,0.0,1.9255414009094238,19.184601306915283,9,4886,14.0,87.20001220703125,0.0,1.0,1.0,0.0,3.0,5.0,19.64190673828125,1976.5706787109375,0.0,0.0,7.619223117828369,11,5447,143.0,4.800000190734863,0.0,0.0,1.0,1.0,4.0,0.0,6.746281147003174,2760.978271484375,0.0,0.0,3.712681770324707,9,4904,132.0,4.0,0.0,0.0,0.0,0.0,7.0,6.0,16.768510818481445,903.305419921875,0.0,0.0,0.0,7,2863,10.0,0.0,0.0,0.0,0.0,0.0,7.0,2.0,13.204800605773926,1045.3974609375,0.0,0.0,5.927155017852783,2,1,1,24383,0,1,0,0,1,2,1,23108,0,1,0,0,17,11420,241.0,919.0,8.0,242.00005722045898,0.0,59.4999942779541,2.0,21.0,2.0,7.0,7.0,42.0,15.0,123.0,10.0,51.0,49.2761116027832,266.3243637084961,9523.947265625,91211.1533203125,1695.84423828125,27701.407348632812,0.0,0.0,17.848552703857422,63.89720439910889,16,10967,41.0,141.800048828125,17.799999237060547,2.0,1.0,9.0,12.0,12.0,45.024940490722656,8079.9345703125,1920.2677001953125,0.0,9.344199180603027,18,17131,327.0,40.0,13.5,9.0,0.0,6.0,16.0,10.0,48.31991958618164,37953.2890625,7096.76513671875,0.0,12.528531074523926,16,16004,308.0,46.200008392333984,26.199995040893555,5.0,3.0,6.0,34.0,18.0,70.25243377685547,18822.72265625,13754.5400390625,0.0,7.168341636657715,15,9978,2.0,6.0,2.0,3.0,1.0,14.0,46.0,1.0,53.450958251953125,16831.259765625,3233.990234375,0.0,17.007579803466797,16,12489,264.0,920.0,4.0,175.50000762939453,0.0,12.0,2.0,7.0,3.0,21.0,2.0,18.0,15.0,100.0,5.0,66.0,29.78709602355957,234.10967636108398,12958.755859375,54043.22265625,8394.1318359375,9385.490272521973,0.0,0.0,11.703845024108887,68.85337162017822,14,10215,30.0,146.70001220703125,12.0,3.0,5.0,2.0,8.0,21.0,48.92482376098633,7345.97216796875,0.0,0.0,24.154329299926758,17,12680,287.0,8.799999237060547,0.0,1.0,5.0,6.0,8.0,2.0,24.453725814819336,18506.013671875,106.36193084716797,0.0,11.493998527526855,16,12906,307.0,15.999996185302734,0.0,1.0,3.0,4.0,16.0,18.0,44.37916564941406,11127.7734375,744.5322265625,0.0,6.890241622924805,13,6857,32.0,0.0,0.0,0.0,5.0,4.0,53.0,20.0,86.56486511230469,4104.70751953125,140.4642791748047,0.0,14.610957145690918,21,7,42,65500,2,4,1,10,7,21,18,55147,0,1,1,4
104366947889790212,108166997301178190,PCS Summer 2022,pcs_summer_2022,2022-06-23,2022-09-10,ESPORTSTMNT02:2914607,108166997302554598,1,Regular Season,regular_season,Regular Season,2022-07-22,1442,12.12.453.7699,200,3,200,107635420167535818,107760667929003738,SEM9,Frank Esports,200,S9 N0name,Jax,S9 Arashi,MonkeyKing,S9 XieDoDo,Tristana,S9 Axin,Neeko,S9 QaspieL,Nautilus,FAK YSKM,Kennen,FAK Holo,Trundle,FAK Pretender,Sylas,FAK MnM,Kalista,FAK Keres,Renata,200,3,200,100,1,1,0,0,0,0,0,4,1451,26.0,91.0,0.0,27.999998092651367,0.0,0.0,0.0,0.0,0.0,0.0,0.0,0.0,1.0,8.0,0.0,0.0,1.5106055736541748,7.195440649986267,848.91259765625,3002.57234954834,0.0,28.03956413269043,0.0,0.0,0.0,8.439268171787262,4,1565,0.0,27.999998092651367,0.0,0.0,0.0,0.0,1.0,0.0,1.4390333890914917,79.20858001708984,0.0,0.0,0.5133801102638245,5,1465,28.0,0.0,0.0,0.0,0.0,0.0,2.0,0.0,1.4498021602630615,1064.5380859375,28.03956413269043,0.0,0.0,4,1514,31.0,0.0,0.0,0.0,0.0,0.0,2.0,0.0,1.5967413187026978,1009.9130859375,0.0,0.0,7.9258880615234375,3,1044,6.0,0.0,0.0,0.0,0.0,0.0,2.0,0.0,1.1992582082748413,0.0,0.0,0.0,0.0,5,1561,33.0,101.0,0.0,24.0,0.0,0.0,0.0,0.0,0.0,0.0,0.0,0.0,2.0,7.0,0.0,4.0,1.5589599609375,10.733731716871262,1369.5926513671875,4203.8031005859375,0.0,603.8618469238281,0.0,0.0,1.2389373779296875,9.966709852218628,4,1454,1.0,24.0,0.0,0.0,0.0,0.0,1.0,1.0,3.6251261234283447,335.62371826171875,0.0,0.0,1.050520420074463,5,1416,25.0,0.0,0.0,0.0,0.0,0.0,1.0,0.0,0.3333333432674408,648.06884765625,0.0,0.0,1.2641663551330566,4,1646,39.0,0.0,0.0,0.0,0.0,0.0,2.0,2.0,1.6166666746139526,778.6310424804688,343.0614013671875,0.0,0.888617753982544,4,1357,3.0,0.0,0.0,0.0,0.0,0.0,1.0,1.0,3.5996456146240234,1071.8868408203125,260.8004455566406,0.0,5.524467945098877,0,0,0,7039,0,0,0,0,0,0,0,7434,0,0,0,0,8,2933,71.0,238.0,0.0,59.20001220703125,0.0,3.200000286102295,0.0,0.0,1.0,1.0,0.0,0.0,3.0,20.0,0.0,3.0,3.1332082748413086,25.22041940689087,1665.6417236328125,6889.52742767334,0.0,28.03956413269043,0.0,0.0,1.061920166015625,18.609189748764038,6,3023,3.0,59.20001220703125,3.200000286102295,0.0,0.0,0.0,6.0,1.0,7.748068332672119,173.60240173339844,0.0,0.0,1.1423473358154297,8,3056,75.0,0.0,0.0,0.0,0.0,0.0,3.0,1.0,4.787240982055664,2928.950927734375,28.03956413269043,0.0,0.83251953125,7,2930,75.0,0.0,0.0,0.0,0.0,0.0,5.0,0.0,4.224309921264648,2023.932373046875,0.0,0.0,12.829788208007812,5,1875,14.0,0.0,0.0,0.0,0.0,0.0,3.0,1.0,5.327591896057129,97.4000015258789,0.0,0.0,2.742614507675171,8,3373,76.0,254.0,0.0,52.80000305175781,0.0,0.0,0.0,1.0,0.0,0.0,1.0,3.0,4.0,19.0,1.0,11.0,7.73682975769043,41.09918451309204,4353.22119140625,10352.839782714844,612.4583129882812,2104.821014404297,0.0,0.0,7.5825958251953125,34.76087236404419,6,3134,4.0,48.80000305175781,0.0,1.0,0.0,0.0,2.0,4.0,11.708459854125977,946.5153198242188,0.0,0.0,3.588176965713501,8,3378,85.0,4.0,0.0,0.0,0.0,1.0,2.0,1.0,5.281283378601074,1234.696533203125,0.0,0.0,3.2949025630950928,7,3274,83.0,0.0,0.0,0.0,0.0,0.0,4.0,2.0,6.8063130378723145,1668.87109375,1041.577392578125,0.0,5.800613880157471,6,2583,6.0,0.0,0.0,0.0,0.0,1.0,7.0,3.0,9.566298484802246,2149.53564453125,450.7853088378906,0.0,14.494583129882812,0,1,0,13817,0,0,0,0,1,0,3,15742,0,1,0,0,10,4809,110.0,370.0,0.0,83.20002746582031,0.0,3.200000286102295,1.0,2.0,2.0,7.0,0.0,3.0,5.0,35.0,0.0,8.0,6.698277473449707,49.77372598648071,3141.42236328125,13968.125549316406,347.38800048828125,3070.0795459747314,0.0,0.0,1.061920166015625,28.325947284698486,9,5380,7.0,83.20002746582031,3.200000286102295,1.0,1.0,1.0,10.0,4.0,16.093978881835938,2721.12744140625,179.47056579589844,0.0,3.0354137420654297,10,4727,117.0,0.0,0.0,0.0,1.0,0.0,5.0,1.0,6.949123382568359,3812.294921875,1027.16357421875,0.0,1.22930908203125,9,4548,114.0,0.0,0.0,0.0,2.0,0.0,7.0,0.0,5.2377142906188965,3444.7431640625,1494.1300048828125,0.0,15.133743286132812,7,3017,22.0,0.0,0.0,0.0,1.0,2.0,8.0,3.0,14.794631958007812,848.5376586914062,21.927400588989258,0.0,7.865561008453369,11,5810,114.0,405.0,0.0,84.55000305175781,0.0,1.5,3.0,7.0,2.0,2.0,1.0,5.0,6.0,32.0,2.0,19.0,11.220916748046875,85.22003173828125,9303.73828125,22260.821044921875,675.9118041992188,3505.2286376953125,0.0,0.0,16.804763793945312,53.88830614089966,9,4638,5.0,80.55000305175781,1.5,1.0,0.0,1.0,3.0,4.0,19.617076873779297,3348.5830078125,0.0,0.0,9.14366340637207,11,5522,141.0,4.0,0.0,1.0,0.0,1.0,2.0,3.0,8.647950172424316,3235.71044921875,0.0,0.0,5.713534832000732,10,5840,133.0,0.0,0.0,2.0,0.0,0.0,6.0,2.0,10.23627758026123,3688.926025390625,2096.772216796875,0.0,6.048884391784668,7,3811,12.0,0.0,0.0,0.0,0.0,2.0,15.0,8.0,35.49781036376953,2683.86328125,732.5446166992188,0.0,16.177459716796875,2,7,3,22481,0,0,0,0,7,2,5,25621,0,2,0,0,13,10018,171.0,565.0,8.0,119.20002746582031,0.0,3.200000286102295,3.0,5.0,5.0,25.0,1.0,9.0,7.0,63.0,0.0,20.0,10.074271202087402,111.88743019104004,9255.2822265625,37598.779296875,4134.75830078125,7782.4068775177,0.0,0.0,6.219390869140625,65.08706259727478,12,8321,22.0,103.20002746582031,3.200000286102295,2.0,3.0,3.0,15.0,8.0,28.45578384399414,9490.51171875,179.47056579589844,0.0,9.90786361694336,13,7696,177.0,6.0,0.0,0.0,5.0,1.0,8.0,4.0,17.364561080932617,8560.1728515625,1952.12060546875,0.0,2.9712960720062256,11,6878,157.0,2.0,0.0,0.0,6.0,1.0,11.0,1.0,10.413846015930176,8054.90966796875,1494.1300048828125,0.0,24.707595825195312,9,4994,38.0,0.0,0.0,0.0,6.0,3.0,22.0,7.0,45.5789680480957,2237.90283203125,21.927400588989258,0.0,21.280916213989258,15,12029,167.0,626.0,16.0,148.55001068115234,0.0,9.500000238418579,11.0,25.0,3.0,5.0,4.0,45.0,8.0,69.0,5.0,37.0,26.36143684387207,181.77908515930176,26425.05859375,68158.51904296875,2738.8974609375,20202.181884765625,0.0,0.0,27.938796997070312,97.68848419189453,13,8786,13.0,99.35001373291016,8.300000190734863,3.0,1.0,11.0,7.0,11.0,41.206878662109375,10292.8330078125,4838.80908203125,0.0,18.95049285888672,15,11030,218.0,8.0,0.0,5.0,0.0,7.0,4.0,3.0,13.1370849609375,11452.5263671875,5245.36962890625,0.0,14.483206748962402,14,12379,207.0,25.199996948242188,1.2000000476837158,6.0,1.0,7.0,9.0,3.0,21.16802215576172,14178.40625,6232.9169921875,0.0,11.489424705505371,12,6863,21.0,0.0,0.0,0.0,0.0,16.0,41.0,15.0,79.9056625366211,5809.69482421875,1146.188720703125,0.0,24.826562881469727,5,25,9,37907,0,0,0,2,25,5,45,51087,1,3,1,7
104366947889790212,108166997301178190,PCS Summer 2022,pcs_summer_2022,2022-06-23,2022-09-10,ESPORTSTMNT02:2914655,108166997302554612,1,Regular Season,regular_season,Regular Season,2022-07-22,1832,12.12.453.7699,200,3,200,107700211633200412,106269804045322803,Meta Falcon Team,Beyond Gaming,200,MFT Taco,Sejuani,MFT 665,Nocturne,MFT Hong2,Veigar,MFT Whale,Kalista,MFT 1SSUE,Rakan,BYG Likai,Gnar,BYG Husha,MonkeyKing,BYG Minji,Sylas,BYG Wako,Zeri,BYG Kino,Leona,100,3,200,100,1,1,0,0,0,0,0,5,1514,30.0,113.0,0.0,31.999998092651367,0.0,0.0,0.0,0.0,1.0,1.0,0.0,0.0,2.0,7.0,0.0,1.0,0.0,8.109053611755371,1410.796630859375,3361.817901611328,0.0,0.0,0.0,0.0,3.542764902114868,7.856537342071533,4,1656,1.0,31.999998092651367,0.0,0.0,0.0,0.0,2.0,0.0,3.229994058609009,0.0,0.0,0.0,0.0,5,1661,39.0,0.0,0.0,0.0,0.0,0.0,1.0,0.0,0.0,611.6016235351562,0.0,0.0,0.0,4,1636,38.0,0.0,0.0,0.0,0.0,0.0,1.0,1.0,3.324556350708008,868.2880859375,0.0,0.0,1.9517042636871338,4,1111,5.0,0.0,0.0,0.0,0.0,0.0,1.0,0.0,1.5545032024383545,471.1315612792969,0.0,0.0,2.3620681762695312,5,1685,30.0,106.0,0.0,23.999998092651367,0.0,0.0,0.0,1.0,0.0,0.0,1.0,1.0,1.0,7.0,0.0,0.0,0.0,5.441825270652771,1880.438720703125,4007.062568664551,0.0,0.0,0.0,0.0,3.6484458446502686,11.247967600822449,4,1908,0.0,23.999998092651367,0.0,1.0,0.0,0.0,2.0,0.0,1.9181358814239502,644.2295532226562,0.0,0.0,0.5867574214935303,5,1605,36.0,0.0,0.0,0.0,0.0,0.0,2.0,0.0,1.351983666419983,812.587646484375,0.0,0.0,3.22259259223938,4,1591,34.0,0.0,0.0,0.0,0.0,0.0,0.0,0.0,0.0,598.4039306640625,0.0,0.0,0.6716140508651733,3,1132,6.0,0.0,0.0,0.0,0.0,0.0,2.0,0.0,2.171705722808838,71.40271759033203,0.0,0.0,3.1185576915740967,0,1,0,7578,0,0,0,0,1,0,1,7921,0,0,0,0,7,2670,57.0,238.0,0.0,58.00001525878906,0.0,0.0,0.0,0.0,2.0,3.0,0.0,0.0,4.0,19.0,1.0,8.0,6.647592544555664,37.955469608306885,2241.36328125,8305.355224609375,0.0,469.38873291015625,0.0,0.0,5.143712520599365,28.73689317703247,6,2823,2.0,58.00001525878906,0.0,0.0,0.0,0.0,4.0,1.0,9.458407402038574,788.1289672851562,0.0,0.0,15.144500732421875,8,3277,86.0,0.0,0.0,0.0,0.0,0.0,2.0,3.0,8.478673934936523,2232.411865234375,0.0,0.0,1.38623046875,6,3044,79.0,0.0,0.0,0.0,1.0,0.0,4.0,2.0,7.559079647064209,2331.326416015625,469.38873291015625,0.0,3.474184989929199,6,2171,14.0,0.0,0.0,0.0,0.0,0.0,5.0,1.0,5.811716079711914,712.1246948242188,0.0,0.0,3.5882644653320312,8,3657,83.0,260.0,0.0,49.999996185302734,0.0,0.0,1.0,3.0,0.0,0.0,1.0,6.0,3.0,21.0,1.0,4.0,5.181212902069092,31.98834800720215,3151.262939453125,10262.388366699219,0.0,0.0,0.0,0.0,5.271389484405518,43.13185775279999,6,3275,1.0,49.999996185302734,0.0,1.0,0.0,1.0,5.0,1.0,11.624981880187988,1369.7825927734375,0.0,0.0,4.580976963043213,8,3285,88.0,0.0,0.0,0.0,0.0,1.0,4.0,1.0,5.0991997718811035,1848.6256103515625,0.0,0.0,20.896448135375977,6,3402,74.0,0.0,0.0,1.0,0.0,1.0,4.0,1.0,4.279807090759277,3153.251708984375,0.0,0.0,1.9082907438278198,6,2226,14.0,0.0,0.0,0.0,0.0,2.0,5.0,0.0,5.8031463623046875,739.4655151367188,0.0,0.0,10.474752426147461,0,3,0,13985,0,1,0,0,3,0,6,15845,0,0,0,0,10,4564,107.0,416.0,4.0,95.2500228881836,0.0,0.0,0.0,0.0,2.0,5.0,0.0,0.0,7.0,35.0,1.0,16.0,13.086670875549316,85.55802345275879,2777.21826171875,11084.861145019531,1023.96728515625,1582.9420776367188,0.0,0.0,6.0022735595703125,51.4350323677063,8,4210,5.0,87.2500228881836,0.0,0.0,0.0,0.0,6.0,4.0,18.524852752685547,945.4862670898438,0.0,0.0,30.745697021484375,11,5303,147.0,4.0,0.0,0.0,0.0,0.0,4.0,4.0,12.079065322875977,2232.411865234375,0.0,0.0,1.38623046875,9,5288,133.0,0.0,0.0,0.0,2.0,0.0,6.0,3.0,15.821463584899902,3573.18310546875,558.9747924804688,0.0,3.95573091506958,7,3219,24.0,0.0,0.0,0.0,1.0,0.0,12.0,4.0,26.045970916748047,1556.5616455078125,0.0,0.0,9.345100402832031,11,5750,144.0,455.0,0.0,80.00000762939453,0.0,0.0,1.0,5.0,0.0,0.0,1.0,10.0,5.0,40.0,2.0,15.0,8.726567268371582,69.73118209838867,4153.09765625,14186.147338867188,750.8190307617188,3665.5403442382812,0.0,0.0,6.949882507324219,51.42576050758362,8,5075,4.0,76.00000762939453,0.0,2.0,0.0,2.0,7.0,3.0,17.15884780883789,2412.611572265625,1459.8470458984375,0.0,6.163618564605713,11,5172,144.0,4.0,0.0,0.0,0.0,1.0,8.0,3.0,11.544060707092285,1848.6256103515625,0.0,0.0,20.896448135375977,9,5999,137.0,0.0,0.0,2.0,0.0,2.0,5.0,2.0,8.680967330932617,4663.8212890625,1454.874267578125,0.0,2.2404325008392334,7,3518,26.0,0.0,0.0,0.0,0.0,4.0,15.0,5.0,23.620738983154297,1107.9912109375,0.0,0.0,15.175378799438477,0,5,0,22584,0,2,0,0,5,0,10,25514,0,0,0,0,15,10097,218.0,786.0,23.999998092651367,163.25003623962402,0.0,0.0,0.0,2.0,6.0,25.0,2.0,8.0,13.0,90.0,4.0,42.0,34.40340805053711,213.06689262390137,12548.626953125,49584.519775390625,2059.54248046875,5324.794860839844,0.0,0.0,21.68104362487793,157.22766017913818,12,7583,20.0,115.25003814697266,0.0,0.0,4.0,2.0,13.0,13.0,43.921573638916016,5405.45263671875,1152.284423828125,0.0,81.56510925292969,15,10838,255.0,14.0,0.0,1.0,5.0,1.0,11.0,7.0,29.34535026550293,14953.1171875,1553.9931640625,0.0,19.774091720581055,13,11255,260.0,10.0,0.0,1.0,6.0,1.0,10.0,8.0,34.02067565917969,12711.1171875,558.9747924804688,0.0,12.76044750213623,11,6002,33.0,0.0,0.0,0.0,4.0,2.0,43.0,10.0,71.37588500976562,3966.205810546875,0.0,0.0,21.44696807861328,17,14143,242.0,857.0,16.399999618530273,205.99999809265137,4.0,25.5,6.0,25.0,1.0,2.0,10.0,63.0,16.0,101.0,8.0,60.0,35.585357666015625,262.03226470947266,18521.63671875,75926.54614257812,6421.541015625,20880.701049804688,0.0,0.0,17.86298370361328,123.96293926239014,15,11931,24.0,141.60000610351562,8.0,6.0,1.0,11.0,14.0,15.0,60.00235366821289,11033.533203125,3271.657958984375,0.0,16.558002471923828,17,13443,273.0,20.0,4.0,4.0,0.0,12.0,13.0,11.0,44.89166259765625,17653.9375,2597.243408203125,0.0,51.196407318115234,16,16506,277.0,27.99999237060547,9.5,8.0,0.0,15.0,12.0,14.0,43.83659744262695,25511.853515625,8112.703125,0.0,8.159266471862793,13,8053,41.0,0.0,0.0,1.0,0.0,15.0,46.0,12.0,77.71629333496094,3205.585205078125,477.5555419921875,0.0,30.186279296875,2,25,8,45775,0,2,0,2,25,2,63,64076,2,3,1,10
104366947889790212,108166997301178190,PCS Summer 2022,pcs_summer_2022,2022-06-23,2022-09-10,ESPORTSTMNT02:2884778,108166997302554552,1,Regular Season,regular_season,Regular Season,2022-07-23,1620,12.12.453.7699,100,3,200,107700199633958891,107700211633200412,CTBC Flying Oyster,Meta Falcon Team,100,CFO Rest,Gwen,CFO Gemini,Viego,CFO Mission,Sylas,CFO Atlen,Jinx,CFO Koala,Nautilus,MFT Taco,Jax,MFT 665,Poppy,MFT Hong2,Azir,MFT Whale,Aphelios,MFT 1SSUE,Lulu,100,2,100,100,2,0,1,100,5,0,0,5,1605,36.0,116.0,0.0,27.999998092651367,0.0,0.0,0.0,0.0,0.0,0.0,0.0,0.0,2.0,7.0,0.0,0.0,1.5047763586044312,6.768275141716003,625.3056030273438,2089.672607421875,0.0,0.0,0.0,0.0,0.0,4.56719970703125,4,1565,0.0,27.999998092651367,0.0,0.0,0.0,0.0,2.0,0.0,1.466076135635376,0.0,0.0,0.0,0.0,5,1570,33.0,0.0,0.0,0.0,0.0,0.0,1.0,0.0,0.0,810.5237426757812,0.0,0.0,2.1242990493774414,4,1703,41.0,0.0,0.0,0.0,0.0,0.0,1.0,0.0,1.4615192413330078,474.979248046875,0.0,0.0,0.0,4,1132,6.0,0.0,0.0,0.0,0.0,0.0,1.0,0.0,2.3359034061431885,178.864013671875,0.0,0.0,2.4429006576538086,4,1416,24.0,97.0,0.0,27.999998092651367,0.0,0.0,0.0,0.0,0.0,0.0,0.0,0.0,1.0,4.0,0.0,0.0,0.0,3.167403221130371,834.7109985351562,2969.5312576293945,0.0,0.0,0.0,0.0,1.0770645141601562,3.864009737968445,4,1565,0.0,27.999998092651367,0.0,0.0,0.0,0.0,1.0,0.0,3.167403221130371,0.0,0.0,0.0,0.0,5,1626,34.0,0.0,0.0,0.0,0.0,0.0,0.0,0.0,0.0,1379.2791748046875,0.0,0.0,0.7445354461669922,4,1570,33.0,0.0,0.0,0.0,0.0,0.0,0.0,0.0,0.0,641.5828857421875,0.0,0.0,1.3806591033935547,4,1132,6.0,0.0,0.0,0.0,0.0,0.0,2.0,0.0,0.0,113.95819854736328,0.0,0.0,0.6617506742477417,0,0,0,7575,0,0,0,0,0,0,0,7309,0,0,0,0,8,3474,83.0,266.0,0.0,64.00000762939453,0.0,0.0,1.0,2.0,0.0,1.0,1.0,7.0,3.0,18.0,0.0,5.0,4.735562324523926,26.42815589904785,2584.6728515625,8198.572814941406,0.0,0.0,0.0,0.0,0.8490984439849854,15.002017259597778,7,3408,7.0,60.00000762939453,0.0,1.0,0.0,1.0,4.0,2.0,10.303176879882812,1188.8033447265625,0.0,0.0,1.0625982284545898,8,3163,74.0,4.0,0.0,0.0,1.0,2.0,4.0,0.0,2.440325975418091,2489.017578125,0.0,0.0,5.999053001403809,7,3243,87.0,0.0,0.0,0.0,0.0,1.0,4.0,1.0,3.746520757675171,1228.1734619140625,0.0,0.0,0.0,6,2192,15.0,0.0,0.0,0.0,0.0,2.0,3.0,2.0,5.202569961547852,707.9055786132812,0.0,0.0,7.0912675857543945,8,3096,79.0,256.0,0.0,56.0000114440918,0.0,0.0,0.0,1.0,0.0,2.0,0.0,2.0,4.0,16.0,0.0,2.0,2.2359349727630615,18.9882230758667,2092.752197265625,9440.687683105469,0.0,647.9147338867188,0.0,0.0,1.0770645141601562,13.418668031692505,7,2974,2.0,56.0000114440918,0.0,0.0,1.0,1.0,3.0,1.0,8.168703079223633,1109.1383056640625,0.0,0.0,3.1015830039978027,8,3688,77.0,0.0,0.0,1.0,1.0,0.0,0.0,1.0,2.0,4547.93359375,0.0,0.0,4.493772029876709,7,3403,85.0,0.0,0.0,0.0,0.0,0.0,3.0,0.0,3.3984344005584717,990.4151611328125,647.9147338867188,0.0,1.3806591033935547,6,2147,13.0,0.0,0.0,0.0,0.0,1.0,6.0,0.0,3.185150623321533,700.4484252929688,0.0,0.0,3.3655893802642822,2,1,7,15480,0,1,0,0,1,2,2,15308,0,0,0,0,11,5333,140.0,450.0,4.0,96.0000228881836,0.0,4.0,1.0,2.0,0.0,1.0,1.0,7.0,5.0,33.0,1.0,14.0,8.006274223327637,69.21713590621948,4185.337890625,14172.186767578125,0.0,0.0,0.0,0.0,0.8490984439849854,27.86546230316162,9,4889,12.0,88.0000228881836,4.0,1.0,0.0,1.0,5.0,6.0,18.01150894165039,2166.70751953125,0.0,0.0,4.49429988861084,10,4856,123.0,4.0,0.0,0.0,1.0,2.0,6.0,0.0,8.326963424682617,3000.589599609375,0.0,0.0,7.0440216064453125,9,5336,148.0,0.0,0.0,0.0,0.0,1.0,5.0,2.0,7.879553318023682,3315.835205078125,0.0,0.0,3.230236768722534,8,3347,27.0,0.0,0.0,0.0,0.0,2.0,12.0,5.0,26.992835998535156,1503.716552734375,0.0,0.0,12.24780559539795,10,4592,109.0,425.0,8.0,92.0000228881836,0.0,0.0,0.0,1.0,0.0,2.0,0.0,2.0,5.0,28.0,0.0,11.0,4.130786418914795,56.09217119216919,4085.294677734375,17062.975219726562,0.0,748.4327926635742,0.0,0.0,4.011024475097656,24.95540690422058,8,4260,6.0,80.0000228881836,0.0,0.0,1.0,1.0,4.0,5.0,17.027008056640625,1513.807373046875,0.0,0.0,3.3641397953033447,11,6052,138.0,4.0,0.0,1.0,1.0,0.0,2.0,3.0,7.926327705383301,7655.29541015625,100.51805877685547,0.0,5.973810195922852,9,5259,143.0,0.0,0.0,0.0,0.0,0.0,5.0,1.0,7.499765396118164,2706.636474609375,647.9147338867188,0.0,3.7842507362365723,8,3311,29.0,0.0,0.0,0.0,0.0,1.0,12.0,2.0,19.508283615112305,1101.9412841796875,0.0,0.0,7.822181701660156,2,1,7,23761,0,2,0,0,1,2,2,23474,0,0,0,0,16,11299,254.0,770.0,8.0,185.90002822875977,0.0,21.899999976158142,2.0,16.0,2.0,3.0,6.0,44.0,7.0,74.0,1.0,42.0,16.95206642150879,197.9037799835205,21409.728515625,61981.27099609375,1683.1031494140625,20745.690032958984,0.0,0.0,4.660694599151611,91.72777509689331,14,9944,35.0,132.00003051757812,8.0,3.0,0.0,7.0,10.0,15.0,44.916648864746094,6279.5634765625,1846.1693115234375,0.0,10.061051368713379,15,12005,205.0,13.899999618530273,1.899999976158142,4.0,1.0,9.0,8.0,4.0,23.24872398376465,11399.94140625,7079.0439453125,0.0,14.111624717712402,15,13257,234.0,31.999998092651367,12.0,6.0,0.0,9.0,12.0,4.0,25.786386489868164,16962.1328125,9881.923828125,0.0,14.150729179382324,13,7300,42.0,0.0,0.0,1.0,0.0,13.0,37.0,18.0,86.99995422363281,5929.90478515625,255.44979858398438,0.0,48.743675231933594,14,9065,196.0,712.0,16.0,139.10003662109375,0.0,0.0,0.0,3.0,2.0,16.0,2.0,6.0,9.0,69.0,3.0,28.0,25.305410385131836,152.1981382369995,12065.3896484375,45296.531494140625,3087.83154296875,3836.264335632324,0.0,0.0,9.063026428222656,70.17574310302734,11,6498,17.0,97.50003814697266,0.0,0.0,6.0,1.0,10.0,8.0,32.99264144897461,4224.8076171875,0.0,0.0,14.398365020751953,16,11584,255.0,12.0,0.0,3.0,3.0,0.0,7.0,4.0,15.061440467834473,16796.072265625,100.51805877685547,0.0,13.521574974060059,12,8655,206.0,13.599998474121094,0.0,0.0,4.0,1.0,8.0,5.0,18.711315155029297,9364.671875,647.9147338867188,0.0,11.069869041442871,11,5510,38.0,0.0,0.0,0.0,1.0,2.0,35.0,8.0,60.1273307800293,2845.590087890625,0.0,0.0,22.122907638549805,16,3,44,53805,2,4,1,11,3,16,6,41312,0,0,0,1
104366947889790212,108166997301178190,PCS Summer 2022,pcs_summer_2022,2022-06-23,2022-09-10,ESPORTSTMNT02:2884787,108166997302554570,1,Regular Season,regular_season,Regular Season,2022-07-23,2179,12.12.453.7699,200,3,200,104367068120825486,107700204561086446,PSG Talon,Deep Cross Gaming,200,PSG Hanabi,Gragas,PSG Burry,Poppy,PSG Gori,Yone,PSG Unified,Aphelios,PSG Kaiwing,Renata,DCG Leaky,Mordekaiser,DCG Hana,MonkeyKing,DCG Nestea,Taliyah,DCG Cryscata,Kalista,DCG Woody,Ashe,100,2,100,100,1,0,0,0,0,0,0,5,1582,33.0,108.0,0.0,28.0,0.0,0.0,0.0,2.0,0.0,2.0,0.0,3.0,1.0,5.0,0.0,1.0,0.0,7.422272652387619,443.96435546875,3590.7078247070312,0.0,0.0,0.0,0.0,3.662055253982544,10.80907416343689,4,2046,2.0,28.0,0.0,1.0,1.0,1.0,1.0,1.0,4.463663101196289,459.466552734375,0.0,0.0,0.30377197265625,5,1703,41.0,0.0,0.0,0.0,0.0,0.0,1.0,0.0,0.48743465542793274,1003.0237426757812,0.0,0.0,2.386810302734375,3,1428,24.0,0.0,0.0,0.0,1.0,1.0,1.0,0.0,0.5333333611488342,954.5545654296875,0.0,0.0,1.9517321586608887,4,1454,8.0,0.0,0.0,1.0,0.0,1.0,1.0,0.0,1.937841534614563,729.6986083984375,0.0,0.0,2.504704475402832,5,1675,40.0,99.0,0.0,23.999998092651367,0.0,0.0,0.0,2.0,0.0,2.0,0.0,2.0,1.0,7.0,0.0,2.0,0.0,10.115498483181,1167.8822021484375,5565.098159790039,0.0,112.92041015625,0.0,0.0,0.26910400390625,13.939435958862305,4,1434,1.0,23.999998092651367,0.0,0.0,0.0,0.0,1.0,1.0,4.640963077545166,57.60749816894531,0.0,0.0,0.0,4,1451,28.0,0.0,0.0,0.0,0.0,0.0,3.0,0.0,0.0,1017.6331176757812,0.0,0.0,3.5287563800811768,4,2174,29.0,0.0,0.0,1.0,1.0,1.0,1.0,0.0,0.9423155188560486,1930.661376953125,112.92041015625,0.0,2.632803201675415,4,1795,1.0,0.0,0.0,1.0,1.0,1.0,1.0,1.0,4.532219886779785,1391.31396484375,0.0,0.0,7.508772373199463,2,2,3,8213,0,0,0,0,2,2,2,8529,0,0,0,0,8,3385,88.0,288.0,0.0,64.00000762939453,0.0,0.0,0.0,4.0,0.0,2.0,0.0,6.0,3.0,17.0,0.0,6.0,3.1119565963745117,30.222018241882324,1135.1295166015625,8111.1195068359375,0.0,0.0,0.0,0.0,5.896552085876465,23.663216590881348,7,3926,4.0,64.00000762939453,0.0,2.0,1.0,2.0,4.0,1.0,8.151863098144531,1371.0235595703125,0.0,0.0,5.096286296844482,9,3593,96.0,0.0,0.0,0.0,0.0,1.0,4.0,2.0,4.706308841705322,2897.270751953125,0.0,0.0,6.230010986328125,7,3456,79.0,0.0,0.0,1.0,1.0,1.0,4.0,0.0,4.3074870109558105,1805.0889892578125,0.0,0.0,3.582740545272827,6,2604,21.0,0.0,0.0,1.0,0.0,2.0,2.0,3.0,9.944402694702148,902.606689453125,0.0,0.0,2.8576266765594482,8,3507,92.0,261.0,4.0,68.00000762939453,0.0,0.0,0.0,2.0,0.0,4.0,0.0,2.0,3.0,18.0,0.0,5.0,3.469705104827881,30.70803213119507,2305.241455078125,8859.589538574219,0.0,356.92633056640625,0.0,0.0,1.785888671875,23.417274236679077,7,2958,2.0,60.00000762939453,0.0,0.0,1.0,0.0,1.0,2.0,7.765963077545166,204.82904052734375,0.0,0.0,1.1002357006072998,8,3287,85.0,4.0,0.0,0.0,0.0,0.0,4.0,0.0,4.944918632507324,1684.0032958984375,0.0,0.0,6.255445957183838,7,3960,78.0,0.0,0.0,1.0,2.0,1.0,2.0,1.0,4.8739495277404785,2632.100341796875,356.92633056640625,0.0,3.690009593963623,6,2679,4.0,0.0,0.0,1.0,1.0,1.0,8.0,2.0,9.653495788574219,2033.4154052734375,0.0,0.0,10.585694313049316,4,2,6,16964,0,1,0,0,2,4,2,16391,0,0,0,0,11,5856,148.0,466.0,0.0,91.50001525878906,0.0,0.0,0.0,4.0,0.0,5.0,0.0,6.0,5.0,34.0,1.0,16.0,7.925826072692871,72.49463081359863,2254.5966796875,12911.675048828125,1588.4537353515625,1798.1355323791504,0.0,0.0,6.785873889923096,32.380889892578125,9,5259,8.0,91.50001525878906,0.0,2.0,2.0,2.0,4.0,5.0,14.410195350646973,1807.367431640625,0.0,0.0,6.813971042633057,11,5384,151.0,0.0,0.0,0.0,0.0,1.0,7.0,2.0,14.278772354125977,3534.110107421875,158.05218505859375,0.0,7.033233642578125,9,5135,130.0,0.0,0.0,1.0,2.0,1.0,7.0,2.0,11.410011291503906,2627.8935546875,0.0,0.0,6.0013957023620605,7,3543,29.0,0.0,0.0,1.0,1.0,2.0,11.0,6.0,24.469825744628906,2687.707275390625,51.62961196899414,0.0,5.746415615081787,11,6162,141.0,423.0,12.0,100.00001525878906,4.0,4.0,2.0,5.0,0.0,4.0,0.0,7.0,4.0,39.0,0.0,12.0,4.246910572052002,65.9596734046936,3456.4345703125,14545.874145507812,0.0,1394.715591430664,0.0,0.0,2.1356518268585205,37.36637878417969,9,4770,3.0,80.00001525878906,0.0,1.0,1.0,2.0,3.0,3.0,12.224295616149902,797.4742431640625,0.0,0.0,2.3342444896698,11,5137,137.0,8.0,0.0,0.0,0.0,0.0,6.0,1.0,8.26430892944336,3191.013916015625,0.0,0.0,10.739718437194824,9,6303,135.0,0.0,0.0,1.0,2.0,3.0,7.0,3.0,14.877747535705566,4543.775390625,1243.2396240234375,0.0,6.038912773132324,7,3818,7.0,0.0,0.0,1.0,1.0,2.0,19.0,5.0,26.346410751342773,2557.176025390625,151.47596740722656,0.0,16.11785125732422,4,5,6,25177,0,2,0,0,5,4,7,26190,0,0,0,0,17,14883,309.0,1038.0,8.5,205.7499885559082,0.0,1.5,1.0,6.0,2.0,13.0,1.0,10.0,16.0,120.0,18.0,84.0,59.696746826171875,297.76695251464844,10348.1474609375,45870.01171875,4609.09619140625,10131.217567443848,0.0,0.0,18.193784713745117,76.2717924118042,14,10348,30.0,149.64999389648438,1.5,2.0,4.0,3.0,14.0,18.0,53.986656188964844,7303.474609375,258.1429443359375,0.0,17.63697052001953,17,13566,323.0,19.599998474121094,0.0,0.0,1.0,2.0,11.0,15.0,45.23115921020508,12523.16015625,430.83795166015625,0.0,14.55132007598877,15,13894,325.0,27.999996185302734,0.0,2.0,4.0,1.0,21.0,24.0,58.08859634399414,11548.1962890625,4724.158203125,0.0,12.607728004455566,13,7821,51.0,0.0,0.0,1.0,2.0,3.0,58.0,9.0,80.7637939453125,4147.033203125,108.9822769165039,0.0,13.281989097595215,18,16638,300.0,989.0,55.5,283.2499809265137,7.0,11.000000298023224,8.0,13.0,0.0,6.0,0.0,24.0,10.0,148.0,3.0,65.0,21.36353874206543,320.7350959777832,18047.146484375,56452.8369140625,2930.022216796875,14175.127655029297,0.0,0.0,4.79072904586792,110.18050527572632,15,10172,20.0,148.19998168945312,3.200000286102295,1.0,2.0,6.0,12.0,15.0,52.11619567871094,3537.4248046875,358.8517761230469,0.0,7.872696876525879,18,13127,286.0,44.54999923706055,0.800000011920929,0.0,1.0,2.0,14.0,3.0,23.43979835510254,9813.1630859375,1127.658447265625,0.0,29.90645980834961,17,17466,351.0,35.0,0.0,2.0,2.0,8.0,15.0,20.0,58.68754196166992,12810.2216796875,8177.29541015625,0.0,14.608716011047363,14,9031,32.0,0.0,0.0,2.0,1.0,8.0,97.0,24.0,165.12802124023438,12244.880859375,1581.2998046875,0.0,53.00190353393555,6,13,10,60512,0,2,1,4,13,6,24,66434,1,3,0,7
104366947889790212,108166997301178190,PCS Summer 2022,pcs_summer_2022,2022-06-23,2022-09-10,ESPORTSTMNT02:2884768,108166997302554576,1,Regular Season,regular_season,Regular Season,2022-07-23,2008,12.12.453.7699,200,3,200,107760667929003738,108517492697602721,Frank Esports,Dewish Team,200,FAK YSKM,Irelia,FAK Holo,Trundle,FAK Pretender,Taliyah,FAK MnM,Zeri,FAK Rebirth,Yuumi,DWT Lacunae,Poppy,DWT WSL,Elise,DWT xiaotu,Gangplank,DWT BangTwo,Samira,DWT EnHoa,Alistar,200,5,200,200,0,2,1,200,4,1,200,4,1472,28.0,96.0,0.0,23.25,0.0,0.0,0.0,0.0,0.0,0.0,0.0,0.0,1.0,9.0,0.0,1.0,0.0,7.6527960896492,818.9434814453125,3496.624755859375,0.0,53.96876907348633,0.0,0.0,0.7646102905273438,7.289020001888275,4,1451,1.0,23.25,0.0,0.0,0.0,0.0,1.0,1.0,4.1517252922058105,304.249755859375,0.0,0.0,1.3394668102264404,5,1580,34.0,0.0,0.0,0.0,0.0,0.0,2.0,0.0,1.4378396272659302,774.5079956054688,53.96876907348633,0.0,3.3856935501098633,3,1591,33.0,0.0,0.0,0.0,0.0,0.0,2.0,0.0,1.5298978090286255,687.5712890625,0.0,0.0,1.2746026515960693,3,1125,0.0,0.0,0.0,0.0,0.0,0.0,3.0,0.0,0.5333333611488342,911.3522338867188,0.0,0.0,0.5246466994285583,5,1468,30.0,111.0,0.0,26.999998092651367,0.0,0.0,0.0,0.0,0.0,0.0,0.0,0.0,1.0,6.0,0.0,1.0,1.4385441541671753,6.789690345525742,824.6820678710938,1666.8565979003906,0.0,0.0,0.0,0.0,1.4927217960357666,4.182715058326721,4,1514,0.0,26.999998092651367,0.0,0.0,0.0,0.0,1.0,0.0,2.0008444786071777,60.17392349243164,0.0,0.0,0.0,5,1710,36.0,0.0,0.0,0.0,0.0,0.0,1.0,0.0,0.3333333432674408,715.9373779296875,0.0,0.0,1.0498430728912354,4,1664,39.0,0.0,0.0,0.0,0.0,0.0,1.0,1.0,1.4666666984558105,49.682193756103516,0.0,0.0,0.0,4,1132,6.0,0.0,0.0,0.0,0.0,0.0,2.0,0.0,1.5503016710281372,16.38103485107422,0.0,0.0,1.6401501893997192,0,0,0,7219,0,0,0,0,0,0,0,7488,0,0,0,0,8,3305,86.0,264.0,4.0,46.400001525878906,0.0,0.0,0.0,0.0,0.0,1.0,0.0,0.0,4.0,19.0,0.0,6.0,4.043037414550781,37.0753812789917,1075.110107421875,7163.779205322266,0.0,654.3347969055176,0.0,0.0,0.7646102905273438,16.74343240261078,6,2615,4.0,42.400001525878906,0.0,0.0,0.0,0.0,3.0,4.0,13.01636791229248,458.4593811035156,0.0,0.0,5.614734649658203,8,3200,83.0,0.0,0.0,0.0,0.0,0.0,4.0,1.0,6.401423454284668,2317.333740234375,53.96876907348633,0.0,7.554896831512451,6,3428,91.0,0.0,0.0,0.0,0.0,0.0,4.0,1.0,6.184494495391846,1476.3895263671875,600.3660278320312,0.0,1.5739679336547852,6,1967,0.0,0.0,0.0,0.0,1.0,0.0,4.0,0.0,7.430058002471924,1836.4864501953125,0.0,0.0,1.2352226972579956,8,3031,76.0,255.0,0.0,61.600013732910156,0.0,1.600000023841858,0.0,1.0,0.0,0.0,0.0,2.0,4.0,20.0,1.0,4.0,6.361492156982422,30.74821949005127,2151.80029296875,6027.689147949219,0.0,0.0,0.0,0.0,4.980983257293701,16.781359434127808,7,3279,0.0,61.600013732910156,1.600000023841858,1.0,0.0,0.0,3.0,0.0,7.558549880981445,807.35791015625,0.0,0.0,1.74505615234375,8,3636,86.0,0.0,0.0,0.0,0.0,1.0,3.0,1.0,3.150998592376709,1647.6553955078125,0.0,0.0,1.5477569103240967,6,3092,78.0,0.0,0.0,0.0,0.0,0.0,5.0,1.0,4.8787665367126465,603.0358276367188,0.0,0.0,0.6650390625,6,2207,15.0,0.0,0.0,0.0,0.0,1.0,5.0,1.0,8.798412322998047,817.8397216796875,0.0,0.0,7.84252405166626,0,1,0,14515,0,0,0,0,1,0,2,15245,0,1,0,0,10,5265,124.0,414.0,4.0,71.40000915527344,0.0,0.0,1.0,1.0,1.0,2.0,0.0,2.0,6.0,30.0,0.0,14.0,7.380453109741211,66.5039119720459,3483.699462890625,11224.933380126953,1379.3812255859375,2033.716022491455,0.0,0.0,4.104215621948242,26.33428943157196,9,4088,9.0,66.40000915527344,0.0,0.0,0.0,1.0,5.0,6.0,20.196226119995117,458.4593811035156,0.0,0.0,8.465239524841309,11,5046,140.0,0.0,0.0,0.0,0.0,1.0,6.0,1.0,7.326347351074219,2596.614501953125,53.96876907348633,0.0,7.894465446472168,9,5112,141.0,1.0,0.0,0.0,0.0,0.0,6.0,7.0,21.272829055786133,1730.5831298828125,600.3660278320312,0.0,1.9333947896957397,7,2868,0.0,0.0,0.0,0.0,1.0,0.0,7.0,0.0,10.328056335449219,2955.576904296875,0.0,0.0,3.936974048614502,10,4746,107.0,394.0,0.0,98.60001373291016,0.0,6.599999904632568,1.0,2.0,1.0,1.0,0.0,3.0,5.0,39.0,1.0,10.0,8.401311874389648,75.23325681686401,4532.9697265625,9826.125183105469,745.1556396484375,2323.8819580078125,0.0,0.0,10.380075454711914,24.575802206993103,9,5166,2.0,90.60001373291016,6.599999904632568,1.0,0.0,1.0,7.0,1.0,17.564998626708984,1924.324951171875,0.0,0.0,3.792236328125,11,6117,142.0,4.0,0.0,0.0,0.0,1.0,5.0,1.0,10.438549995422363,1947.9549560546875,348.2000732421875,0.0,1.8959273099899292,9,4858,119.0,4.0,0.0,0.0,0.0,0.0,6.0,1.0,7.562073230743408,603.0358276367188,1230.5262451171875,0.0,0.6650390625,7,3238,24.0,0.0,0.0,0.0,0.0,1.0,16.0,6.0,31.26632308959961,817.8397216796875,0.0,0.0,7.84252405166626,1,2,2,22379,0,0,0,0,2,1,3,24125,0,2,0,0,15,11065,240.0,825.0,12.0,167.40000534057617,0.0,0.0,1.0,5.0,6.0,17.0,3.0,14.0,14.0,90.0,3.0,60.0,21.656173706054688,221.5577621459961,8776.880859375,68608.41723632812,3077.181884765625,4187.900207519531,0.0,0.0,10.396561622619629,96.83523464202881,13,7685,26.0,102.40000915527344,0.0,0.0,6.0,2.0,11.0,23.0,59.29555892944336,3837.281494140625,0.0,0.0,24.965686798095703,16,11549,259.0,28.0,0.0,1.0,2.0,4.0,16.0,6.0,33.71018600463867,19278.42578125,510.352294921875,0.0,35.71961212158203,14,13440,295.0,24.999996185302734,0.0,3.0,1.0,1.0,12.0,28.0,56.264469146728516,27222.771484375,600.3660278320312,0.0,9.414274215698242,13,6265,5.0,0.0,0.0,0.0,2.0,4.0,37.0,0.0,50.63137435913086,9493.0576171875,0.0,0.0,16.339099884033203,16,10023,161.0,756.0,12.0,242.59994506835938,0.0,22.599998474121094,1.0,17.0,1.0,5.0,11.0,43.0,15.0,126.0,7.0,49.0,46.51186752319336,281.5712661743164,11522.5107421875,70710.00048828125,2431.961181640625,18789.974563598633,0.0,0.0,27.91891098022461,79.07924556732178,15,13289,32.0,166.59994506835938,22.599998474121094,6.0,0.0,9.0,29.0,15.0,68.4276123046875,20919.798828125,4397.47802734375,0.0,10.988919258117676,17,17015,261.0,44.0,0.0,1.0,3.0,11.0,10.0,2.0,26.53150177001953,19546.16015625,6030.4541015625,0.0,9.623689651489258,15,15256,266.0,20.0,0.0,9.0,0.0,2.0,16.0,15.0,49.112979888916016,13539.3828125,5867.734375,0.0,6.023841857910156,13,7971,36.0,0.0,0.0,0.0,1.0,10.0,56.0,10.0,90.9873046875,5182.14794921875,62.34687805175781,0.0,24.523883819580078,5,17,14,50004,0,0,0,2,17,5,43,63554,1,5,1,9
104366947889790212,108166997301178190,PCS Summer 2022,pcs_summer_2022,2022-06-23,2022-09-10,ESPORTSTMNT02:2884810,108166997302554602,1,Regular Season,regular_season,Regular Season,2022-07-23,1719,12.12.453.7699,100,1,100,106269804045322803,106269859169658575,Beyond Gaming,Impunity Esports,100,BYG Likai,Gwen,BYG Husha,LeeSin,BYG Minji,Ahri,BYG Wako,Zeri,BYG Kino,Leona,IMP Jackpot,Sejuani,IMP Alex,Viego,IMP Apex,Taliyah,IMP Lz,Aphelios,IMP Winnie ,Nautilus,100,5,100,100,2,0,0,0,0,0,0,5,1977,33.0,110.0,0.0,28.0,0.0,0.0,1.0,1.0,0.0,0.0,0.0,0.0,2.0,9.0,0.0,0.0,1.5333164930343628,8.333443522453308,1724.0482177734375,4148.446472167969,0.0,70.58067321777344,0.0,0.0,0.0,4.419577777385712,4,1561,1.0,28.0,0.0,0.0,0.0,0.0,2.0,0.0,1.7916667461395264,0.0,0.0,0.0,0.0,5,1570,37.0,0.0,0.0,0.0,0.0,0.0,2.0,0.0,1.5477083921432495,1100.8758544921875,70.58067321777344,0.0,1.5340576171875,4,1570,33.0,0.0,0.0,0.0,0.0,0.0,2.0,0.0,1.4602173566818237,902.7346801757812,0.0,0.0,0.6872474551200867,3,1125,6.0,0.0,0.0,0.0,0.0,0.0,1.0,0.0,2.0005345344543457,420.7877197265625,0.0,0.0,2.198272705078125,5,1374,25.0,96.0,0.0,27.999998092651367,0.0,0.0,0.0,0.0,1.0,1.0,0.0,0.0,1.0,6.0,0.0,0.0,1.5304787158966064,6.053309321403503,1147.149169921875,3226.5885314941406,0.0,0.0,0.0,0.0,2.3211941719055176,14.365541994571686,4,1578,0.0,27.999998092651367,0.0,0.0,0.0,0.0,1.0,0.0,1.5336754322052002,212.48318481445312,0.0,0.0,1.5139875411987305,5,1468,31.0,0.0,0.0,0.0,0.0,0.0,2.0,0.0,1.5036540031433105,546.5892944335938,0.0,0.0,0.9256951212882996,4,1597,34.0,0.0,0.0,0.0,0.0,0.0,1.0,0.0,0.0,921.4613647460938,0.0,0.0,1.7061470746994019,4,1132,6.0,0.0,0.0,0.0,0.0,0.0,1.0,0.0,1.4855011701583862,398.905517578125,0.0,0.0,7.898518085479736,1,0,0,7803,0,0,0,0,0,1,0,7149,0,0,0,0,8,3570,81.0,269.0,0.0,56.0,0.0,0.0,1.0,3.0,0.0,0.0,1.0,5.0,4.0,19.0,0.0,3.0,4.761528491973877,34.17910432815552,3217.859375,9781.887390136719,180.75653076171875,2317.464599609375,0.0,0.0,0.2230827510356903,10.347069948911667,6,3341,2.0,56.0,0.0,1.0,0.0,0.0,4.0,0.0,11.231441497802734,636.0064697265625,300.40185546875,0.0,0.0,8,3342,79.0,0.0,0.0,0.0,0.0,2.0,5.0,1.0,5.412489891052246,2214.59716796875,434.78826904296875,0.0,3.06622314453125,7,4110,91.0,0.0,0.0,1.0,0.0,1.0,3.0,1.0,6.722671031951904,2874.57958984375,1401.5179443359375,0.0,1.7846012115478516,6,2152,16.0,0.0,0.0,0.0,0.0,1.0,3.0,1.0,6.050973415374756,838.8447875976562,0.0,0.0,5.273162841796875,7,2570,56.0,245.0,0.0,60.000003814697266,0.0,0.0,0.0,0.0,2.0,3.0,0.0,0.0,4.0,17.0,0.0,4.0,3.1074867248535156,25.039331912994385,3136.0576171875,8591.728332519531,0.0,2227.70263671875,0.0,0.0,6.493937969207764,26.664036750793457,7,2986,5.0,56.000003814697266,0.0,0.0,0.0,0.0,4.0,2.0,7.430694580078125,1177.6749267578125,0.0,0.0,2.5286202430725098,8,3076,77.0,4.0,0.0,0.0,1.0,0.0,3.0,1.0,6.375555515289307,1880.1962890625,0.0,0.0,3.9375200271606445,7,3898,94.0,0.0,0.0,0.0,0.0,0.0,3.0,0.0,3.0731396675109863,1575.6612548828125,2227.70263671875,0.0,2.8733530044555664,6,2109,13.0,0.0,0.0,0.0,0.0,0.0,3.0,1.0,5.052455425262451,822.1382446289062,0.0,0.0,10.830605506896973,3,0,5,16515,0,0,0,0,0,3,0,14639,0,0,0,0,10,5613,111.0,399.0,0.0,81.00001525878906,0.0,0.0,3.0,6.0,1.0,5.0,1.0,13.0,6.0,35.0,0.0,8.0,9.581985473632812,54.458781242370605,5777.17919921875,23894.935668945312,976.1651000976562,4067.184814453125,0.0,0.0,2.1598641872406006,28.493263959884644,8,4755,5.0,81.00001525878906,0.0,1.0,2.0,2.0,6.0,1.0,13.84810733795166,2566.85546875,300.40185546875,0.0,2.177003860473633,10,4991,124.0,0.0,0.0,0.0,1.0,5.0,8.0,3.0,10.71848201751709,7480.11083984375,531.2311401367188,0.0,7.86822509765625,9,6241,137.0,0.0,0.0,2.0,0.0,3.0,5.0,1.0,8.511402130126953,6592.05224609375,2259.38671875,0.0,6.435124397277832,7,3188,22.0,0.0,0.0,0.0,1.0,2.0,10.0,3.0,11.79880428314209,1478.7379150390625,0.0,0.0,9.853046417236328,10,5300,96.0,369.0,0.0,89.20000457763672,0.0,0.0,2.0,5.0,3.0,6.0,3.0,14.0,6.0,33.0,2.0,8.0,9.511481285095215,57.861894607543945,5275.19384765625,22659.539306640625,945.9736938476562,4430.848571777344,0.0,0.0,10.75529956817627,53.87135624885559,9,4760,9.0,77.20000457763672,0.0,1.0,1.0,3.0,5.0,2.0,13.40837287902832,3388.8232421875,0.0,0.0,6.412153244018555,10,5202,113.0,8.0,0.0,1.0,1.0,4.0,5.0,1.0,9.244363784790039,6700.95751953125,1257.1722412109375,0.0,11.382054328918457,9,6154,131.0,4.0,0.0,1.0,0.0,1.0,7.0,2.0,11.22392749786377,5687.35498046875,2227.70263671875,0.0,3.8769829273223877,7,3222,20.0,0.0,0.0,0.0,1.0,3.0,10.0,1.0,14.473749160766602,1607.209716796875,0.0,0.0,21.444866180419922,6,5,13,24788,0,1,0,0,5,6,14,24638,0,0,0,0,16,12802,217.0,744.0,8.0,182.00003814697266,0.0,11.5,7.0,20.0,1.0,7.0,8.0,59.0,13.0,88.0,6.0,37.0,29.447301864624023,204.50271034240723,15124.9921875,66285.94653320312,7505.931640625,23172.251892089844,0.0,0.0,7.081382751464844,59.67137050628662,14,10500,19.0,145.20004272460938,6.699999809265137,1.0,3.0,15.0,15.0,4.0,37.43843460083008,6006.1298828125,3740.757568359375,0.0,5.377498626708984,15,12292,197.0,10.399999618530273,2.4000000953674316,8.0,1.0,9.0,13.0,6.0,35.59138107299805,18166.091796875,3198.042236328125,0.0,14.924338340759277,15,13934,273.0,18.399995803833008,2.4000000953674316,4.0,0.0,13.0,11.0,11.0,38.393211364746094,23615.12890625,8062.90576171875,0.0,11.886770248413086,12,7456,38.0,0.0,0.0,0.0,2.0,14.0,36.0,10.0,63.632381439208984,3373.603759765625,664.6146850585938,0.0,20.40138053894043,14,10458,194.0,680.0,12.0,162.00001335144043,0.0,0.0,3.0,7.0,6.0,20.0,4.0,21.0,10.0,81.0,5.0,29.0,33.07706069946289,181.26168823242188,11666.919921875,46540.13232421875,2083.234619140625,6152.7115478515625,0.0,0.0,23.326488494873047,100.49881267547607,12,8220,16.0,118.00001525878906,0.0,2.0,5.0,3.0,10.0,6.0,32.6963996887207,6374.84130859375,0.0,0.0,11.979427337646484,14,9227,189.0,19.999998092651367,0.0,1.0,3.0,6.0,12.0,7.0,35.89859390258789,12278.130859375,1841.7742919921875,0.0,22.256732940673828,13,11252,251.0,12.0,0.0,1.0,2.0,3.0,12.0,4.0,19.841861724853516,12973.6484375,2227.70263671875,0.0,8.204543113708496,10,5919,30.0,0.0,0.0,0.0,4.0,5.0,37.0,7.0,59.747772216796875,3246.591796875,0.0,0.0,34.73162078857422,20,7,59,56984,1,2,1,8,7,20,21,45076,0,1,0,2
104366947889790212,108166997301178190,PCS Summer 2022,pcs_summer_2022,2022-06-23,2022-09-10,ESPORTSTMNT02:2884797,108166997302620166,1,Regular Season,regular_season,Regular Season,2022-07-23,2105,12.12.453.7699,100,3,100,99566406490127625,107635420167535818,J Team,SEM9,100,JT Rock,Gangplank,JT Kongyue,Poppy,JT Uniboy,Sylas,JT Lilv,Aphelios,JT Enso,TahmKench,S9 N0name,Vladimir,S9 Arashi,MonkeyKing,S9 XieDoDo,Azir,S9 Axin,Sion,S9 QaspieL,Senna,100,3,100,200,1,1,0,0,0,0,0,5,1613,34.0,100.0,0.0,27.999998092651367,0.0,0.0,0.0,0.0,0.0,0.0,0.0,0.0,2.0,9.0,0.0,0.0,1.4627498388290405,7.853905439376831,2208.429443359375,6048.297897338867,0.0,0.0,0.0,0.0,0.7013839483261108,9.113375186920166,4,1565,0.0,27.999998092651367,0.0,0.0,0.0,0.0,1.0,0.0,2.3353497982025146,55.67204284667969,0.0,0.0,0.0,5,1528,31.0,0.0,0.0,0.0,0.0,0.0,2.0,0.0,1.0674519538879395,653.7156982421875,0.0,0.0,1.4863115549087524,4,1493,29.0,0.0,0.0,0.0,0.0,0.0,2.0,0.0,1.5134214162826538,2012.2647705078125,0.0,0.0,1.6106958389282227,4,1132,6.0,0.0,0.0,0.0,0.0,0.0,2.0,0.0,1.4749324321746826,1118.2159423828125,0.0,0.0,5.31498384475708,5,1605,35.0,96.0,0.0,27.999998092651367,0.0,0.0,0.0,0.0,0.0,0.0,0.0,0.0,1.0,7.0,0.0,1.0,1.5011329650878906,9.03939938545227,1135.4256591796875,4381.612243652344,0.0,46.29956817626953,0.0,0.0,0.0,10.052223443984985,4,1575,1.0,27.999998092651367,0.0,0.0,0.0,0.0,1.0,1.0,3.5589828491210938,0.0,0.0,0.0,0.0,5,1465,30.0,0.0,0.0,0.0,0.0,0.0,2.0,0.0,0.9739267826080322,979.7316284179688,0.0,0.0,0.7615442276000977,4,1451,28.0,0.0,0.0,0.0,0.0,0.0,1.0,0.0,1.4578737020492554,1054.362060546875,0.0,0.0,6.930357933044434,4,1372,2.0,0.0,0.0,0.0,0.0,0.0,2.0,0.0,1.5474830865859985,1212.0928955078125,46.29956817626953,0.0,2.360321283340454,0,0,0,7331,0,0,0,0,0,0,0,7468,0,0,0,0,8,3534,75.0,265.0,0.0,60.0000114440918,0.0,4.0,1.0,2.0,0.0,0.0,0.0,5.0,4.0,18.0,0.0,4.0,7.190067768096924,33.60058355331421,4440.80712890625,14982.757690429688,0.0,1977.5357666015625,0.0,0.0,1.5308924913406372,23.116982102394104,6,3336,1.0,60.0000114440918,4.0,1.0,0.0,1.0,3.0,1.0,11.401611328125,1596.4246826171875,0.0,0.0,3.9841113090515137,8,3513,92.0,0.0,0.0,0.0,0.0,0.0,3.0,2.0,6.013824462890625,1246.38427734375,797.30029296875,0.0,1.9849700927734375,7,3552,83.0,0.0,0.0,0.0,0.0,2.0,4.0,1.0,6.186814308166504,4521.54150390625,1180.2354736328125,0.0,3.904707908630371,6,2324,14.0,0.0,0.0,0.0,0.0,2.0,4.0,0.0,2.8082656860351562,3177.60009765625,0.0,0.0,11.712300300598145,8,3325,89.0,240.0,0.0,60.00000762939453,0.0,4.0,0.0,0.0,0.0,2.0,0.0,0.0,3.0,18.0,1.0,5.0,6.0865936279296875,28.902055978775024,2844.2724609375,10374.99072265625,429.81475830078125,476.1143264770508,0.0,0.0,0.0,21.269184112548828,7,3027,4.0,60.00000762939453,4.0,0.0,0.0,0.0,3.0,3.0,9.40099048614502,240.8125,0.0,0.0,0.0,8,3040,77.0,0.0,0.0,0.0,0.0,0.0,3.0,0.0,2.7742583751678467,2250.17626953125,0.0,0.0,1.3752498626708984,7,2679,63.0,0.0,0.0,0.0,1.0,0.0,3.0,0.0,3.3945608139038086,2222.481689453125,0.0,0.0,13.379475593566895,5,2516,7.0,0.0,0.0,0.0,1.0,0.0,6.0,1.0,7.245652675628662,2817.247802734375,46.29956817626953,0.0,6.514458656311035,2,0,5,16259,0,1,0,0,0,2,0,14587,0,0,0,0,11,5525,128.0,422.0,0.0,83.75001835823059,0.0,8.0,1.0,5.0,0.0,0.0,0.0,11.0,6.0,32.0,0.0,8.0,11.138243675231934,65.01162481307983,6576.20361328125,28999.410888671875,1021.3626098632812,4453.130432128906,0.0,0.0,3.985015869140625,46.52709436416626,9,4871,6.0,82.55001831054688,8.0,1.0,0.0,4.0,4.0,3.0,17.018278121948242,4326.509765625,0.0,0.0,15.548494338989258,11,6136,135.0,1.2000000476837158,0.0,3.0,0.0,0.0,4.0,3.0,9.481130599975586,3776.751708984375,1435.61181640625,0.0,5.232938289642334,9,5188,132.0,0.0,0.0,0.0,0.0,3.0,4.0,1.0,6.520147800445557,10340.806640625,1996.156005859375,0.0,8.064886093139648,8,3510,21.0,0.0,0.0,0.0,0.0,4.0,14.0,1.0,20.853824615478516,3979.13916015625,0.0,0.0,13.695759773254395,11,5291,141.0,397.0,0.0,84.00001525878906,0.0,8.0,0.0,0.0,0.0,5.0,0.0,0.0,5.0,32.0,1.0,10.0,7.62184476852417,55.73776960372925,4680.48193359375,17835.505126953125,893.186767578125,2290.8565368652344,0.0,0.0,0.0,35.71889638900757,9,4562,11.0,83.00001525878906,8.0,0.0,0.0,0.0,5.0,4.0,18.251724243164062,544.170166015625,0.0,0.0,0.0,10,4529,121.0,0.0,0.0,0.0,1.0,0.0,4.0,0.0,3.1075916290283203,4496.623046875,453.47882080078125,0.0,5.9767632484436035,9,4541,111.0,0.0,0.0,0.0,2.0,0.0,5.0,0.0,5.08308219909668,3215.12451171875,645.4591064453125,0.0,19.791061401367188,7,3775,13.0,1.0,0.0,0.0,2.0,0.0,13.0,5.0,21.673526763916016,4899.10546875,298.7318420410156,0.0,9.951071739196777,5,0,11,25230,0,1,0,0,0,5,0,22698,0,0,0,0,18,16383,308.0,924.0,8.399999618530273,261.5000171661377,0.4000000059604645,39.400000005960464,3.0,18.0,2.0,10.0,6.0,38.0,17.0,107.0,9.0,50.0,55.10479736328125,268.2885570526123,23402.041015625,100456.1943359375,4192.826171875,20484.954620361328,0.0,0.0,16.393848419189453,127.19061851501465,16,12179,24.0,166.3000030517578,15.0,3.0,1.0,8.0,17.0,15.0,63.285926818847656,12126.3642578125,312.2933654785156,0.0,45.95038604736328,18,16193,265.0,41.20000076293945,16.0,8.0,1.0,5.0,7.0,8.0,31.965330123901367,31115.353515625,7574.591796875,0.0,27.899892807006836,16,15149,293.0,45.600013732910156,8.0,3.0,3.0,8.0,8.0,10.0,26.481765747070312,25752.2109375,7531.94189453125,0.0,17.688764572143555,14,8464,34.0,0.0,0.0,1.0,3.0,11.0,58.0,8.0,91.45073699951172,8060.224609375,873.3013916015625,0.0,19.257726669311523,16,12536,275.0,807.0,16.499998092651367,190.24999523162842,0.0,10.399999618530273,0.0,10.0,3.0,18.0,6.0,30.0,14.0,109.0,1.0,50.0,29.62803840637207,256.99072265625,16717.119140625,69299.0712890625,1153.1480712890625,7212.536376953125,0.0,0.0,1.4426922798156738,103.45828485488892,14,10675,27.0,142.4499969482422,10.399999618530273,4.0,3.0,5.0,11.0,11.0,43.95363998413086,12011.71875,1245.5606689453125,0.0,12.783085823059082,16,11366,243.0,21.25,0.0,1.0,4.0,6.0,14.0,9.0,41.718284606933594,15546.544921875,2442.6650390625,0.0,14.281474113464355,15,10718,219.0,5.050000190734863,0.0,1.0,4.0,7.0,22.0,5.0,29.985857009887695,9180.3388671875,1032.9591064453125,0.0,44.646034240722656,13,10254,43.0,5.0,0.0,4.0,4.0,6.0,48.0,24.0,111.70490264892578,15843.349609375,1338.2034912109375,0.0,30.30499839782715,18,10,38,68368,2,3,1,9,10,18,30,55549,0,2,0,3
104366947889790212,108166997301178190,PCS Summer 2022,pcs_summer_2022,2022-06-23,2022-09-10,ESPORTSTMNT02:2914946,108166997302554550,1,Regular Season,regular_season,Regular Season,2022-07-24,1882,12.12.453.7699,100,3,100,107700199633958891,106269804045322803,CTBC Flying Oyster,Beyond Gaming,100,CFO Rest,Gangplank,CFO Gemini,Viego,CFO Mission,Viktor,CFO Shunn,Zeri,CFO Koala,Renata,BYG Likai,Gnar,BYG Husha,MonkeyKing,BYG Minji,Sylas,BYG Wako,Jinx,BYG Kino,TahmKench,200,6,100,200,0,2,0,0,0,0,0,5,1650,37.0,112.0,0.0,31.999998092651367,0.0,0.0,0.0,1.0,0.0,1.0,0.0,2.0,1.0,7.0,0.0,0.0,0.0,7.849396586418152,2028.6763916015625,5555.148422241211,0.0,320.7426986694336,0.0,0.0,0.29161956906318665,3.3580232858657837,4,1766,0.0,31.999998092651367,0.0,0.0,0.0,1.0,1.0,0.0,3.128410816192627,219.7467498779297,0.0,0.0,0.0,5,1665,35.0,0.0,0.0,0.0,1.0,0.0,1.0,0.0,1.7433998584747314,1439.3006591796875,0.0,0.0,0.0,3,2073,37.0,0.0,0.0,1.0,0.0,0.0,2.0,0.0,1.4703079462051392,953.0487670898438,222.59339904785156,0.0,0.31337007880210876,4,1317,3.0,0.0,0.0,0.0,0.0,1.0,2.0,0.0,1.5072779655456543,914.3758544921875,98.14929962158203,0.0,2.7530336380004883,5,1419,24.0,96.0,0.0,31.999998092651367,0.0,0.0,0.0,1.0,0.0,1.0,0.0,1.0,1.0,7.0,0.0,0.0,1.5033669471740723,8.670299530029297,733.8424072265625,2776.8482360839844,0.0,0.0,0.0,0.0,2.2521677017211914,6.5949612855911255,4,1898,0.0,27.999998092651367,0.0,1.0,0.0,0.0,1.0,0.0,1.9378342628479004,477.66400146484375,0.0,0.0,0.6684781908988953,5,1730,35.0,0.0,0.0,0.0,0.0,1.0,2.0,0.0,1.7445043325424194,348.0692138671875,0.0,0.0,1.4435017108917236,4,1587,31.0,4.0,0.0,0.0,0.0,0.0,1.0,0.0,1.5003409385681152,751.1817016601562,0.0,0.0,0.3423547148704529,3,1125,6.0,0.0,0.0,0.0,1.0,0.0,2.0,0.0,1.9842530488967896,466.0909118652344,0.0,0.0,1.8884589672088623,1,1,2,8471,0,0,0,0,1,1,1,7759,0,0,0,0,8,3915,92.0,274.0,0.0,64.40000534057617,0.0,1.5,0.0,1.0,0.0,2.0,0.0,2.0,4.0,23.0,1.0,4.0,3.9974231719970703,32.73134136199951,4058.297607421875,11422.357879638672,1525.464111328125,1901.8551712036133,0.0,0.0,1.2647114992141724,12.814500212669373,6,3137,2.0,60.40000534057617,1.5,0.0,1.0,1.0,2.0,2.0,11.647270202636719,418.0909118652344,0.0,0.0,0.0,8,3465,89.0,4.0,0.0,0.0,1.0,0.0,4.0,0.0,4.5332350730896,2993.423828125,0.0,0.0,1.507272720336914,6,3669,87.0,0.0,0.0,1.0,0.0,0.0,5.0,0.0,4.776938438415527,1985.9466552734375,278.24176025390625,0.0,1.2549164295196533,6,2234,4.0,0.0,0.0,0.0,0.0,1.0,8.0,1.0,7.776474475860596,1966.598876953125,98.14929962158203,0.0,8.787599563598633,8,2830,63.0,258.0,0.0,64.00001525878906,0.0,4.0,0.0,2.0,0.0,1.0,0.0,2.0,3.0,18.0,0.0,7.0,3.6604394912719727,36.323007106781006,1389.0433349609375,5890.6884765625,0.0,0.0,0.0,0.0,4.023684501647949,11.035242795944214,7,3581,0.0,60.00001525878906,4.0,2.0,0.0,0.0,3.0,0.0,7.932168483734131,802.444091796875,0.0,0.0,0.6684781908988953,8,3566,88.0,0.0,0.0,0.0,0.0,2.0,3.0,1.0,6.0413408279418945,1072.7030029296875,0.0,0.0,2.578362226486206,7,3379,90.0,4.0,0.0,0.0,0.0,0.0,4.0,3.0,9.012457847595215,1573.1771240234375,0.0,0.0,0.6268718838691711,6,2147,17.0,0.0,0.0,0.0,1.0,0.0,5.0,3.0,9.676600456237793,1053.3209228515625,0.0,0.0,3.137845993041992,1,2,2,16420,0,0,0,0,2,1,2,15503,0,0,0,0,11,6310,146.0,437.0,0.0,100.00001525878906,0.0,1.5,0.0,1.0,0.0,2.0,0.0,2.0,5.0,37.0,1.0,8.0,7.249476432800293,63.723557472229004,5743.72509765625,17551.82550048828,1525.464111328125,1901.8551712036133,0.0,0.0,1.5715947151184082,22.08566665649414,9,4605,4.0,92.00001525878906,1.5,0.0,1.0,1.0,3.0,3.0,15.172269821166992,736.1189575195312,0.0,0.0,0.0,11,5347,141.0,8.0,0.0,0.0,1.0,0.0,7.0,0.0,8.248147964477539,4906.22314453125,0.0,0.0,3.207139253616333,9,5734,139.0,0.0,0.0,1.0,0.0,0.0,8.0,1.0,10.025569915771484,2793.405517578125,278.24176025390625,0.0,2.285749673843384,7,3350,7.0,0.0,0.0,0.0,0.0,1.0,14.0,3.0,23.028093338012695,3372.352783203125,98.14929962158203,0.0,15.021183013916016,10,4746,118.0,447.0,1.0,97.0000228881836,0.0,8.0,0.0,2.0,0.0,1.0,0.0,2.0,5.0,33.0,0.0,16.0,5.2368364334106445,69.37460231781006,2798.76953125,9935.187805175781,0.0,2555.003173828125,0.0,0.0,5.47917366027832,15.722044169902802,9,5256,5.0,88.0000228881836,8.0,2.0,0.0,0.0,6.0,4.0,16.4697265625,870.6997680664062,712.8822021484375,0.0,0.6684781908988953,11,5958,150.0,4.0,0.0,0.0,0.0,2.0,4.0,4.0,11.608007431030273,1757.698486328125,593.4794921875,0.0,4.198256492614746,9,5910,150.0,4.0,0.0,0.0,0.0,0.0,6.0,5.0,13.168872833251953,3058.00244140625,1248.6414794921875,0.0,0.991060733795166,7,3236,24.0,0.0,0.0,0.0,1.0,0.0,12.0,3.0,22.891159057617188,1450.017578125,0.0,0.0,4.385075092315674,1,2,2,25346,0,0,0,0,2,1,2,25106,0,1,0,0,18,15308,291.0,875.0,27.999998092651367,211.4000267982483,4.0,14.400000005960464,1.0,12.0,0.0,5.0,8.0,36.0,15.0,122.0,5.0,47.0,40.1854133605957,251.077392578125,15536.3740234375,72307.05078125,6893.568359375,24152.0244140625,0.0,0.0,10.073813438415527,59.15416765213013,14,9875,28.0,131.00003051757812,10.0,1.0,2.0,8.0,12.0,17.0,56.8152961730957,9609.2919921875,2431.33837890625,0.0,8.968860626220703,17,13843,258.0,27.999998092651367,0.0,4.0,2.0,4.0,17.0,2.0,20.42864227294922,25838.830078125,4393.8125,0.0,10.43306827545166,15,15077,281.0,20.0,0.0,4.0,0.0,6.0,16.0,14.0,40.74855041503906,14404.96484375,9066.078125,0.0,6.1473164558410645,13,8349,17.0,4.400000095367432,0.4000000059604645,2.0,1.0,10.0,62.0,9.0,92.89949035644531,6917.58984375,1367.22705078125,0.0,23.531108856201172,16,10894,217.0,825.0,21.999998092651367,198.60003089904785,0.0,12.0,0.0,5.0,1.0,13.0,3.0,9.0,16.0,95.0,3.0,54.0,20.633413314819336,240.6004180908203,7930.9345703125,44692.521728515625,3362.3642578125,9175.7509765625,0.0,0.0,16.28455352783203,54.000349044799805,13,9340,25.0,128.60003662109375,8.0,2.0,4.0,1.0,12.0,11.0,42.73733139038086,4051.870361328125,1528.1251220703125,0.0,4.332174301147461,15,11971,248.0,15.999998092651367,0.0,1.0,2.0,3.0,8.0,10.0,30.3599910736084,10022.2294921875,1265.8126220703125,0.0,11.545226097106934,15,13568,305.0,31.999998092651367,4.0,2.0,2.0,1.0,14.0,24.0,75.43482971191406,18669.779296875,3019.448974609375,0.0,13.711329460144043,11,6258,30.0,0.0,0.0,0.0,4.0,1.0,45.0,6.0,71.43485260009766,4017.7080078125,0.0,0.0,8.127065658569336,12,5,36,62452,2,2,1,8,5,13,9,52031,0,2,0,4
104366947889790212,108166997301178190,PCS Summer 2022,pcs_summer_2022,2022-06-23,2022-09-10,ESPORTSTMNT02:2914930,108166997302554564,1,Regular Season,regular_season,Regular Season,2022-07-24,1995,12.12.453.7699,100,3,200,107700204561086446,106269859169658575,Deep Cross Gaming,Impunity Esports,100,DCG Leaky,Gragas,DCG Hana,Poppy,DCG Nestea,Yone,DCG Cryscata,Aphelios,DCG Woody,Renata,IMP Jackpot,Sejuani,IMP Alex,MonkeyKing,IMP Apex,Swain,IMP Lz,Kalista,IMP Winnie ,Amumu,200,5,200,200,1,1,0,0,0,0,0,5,1616,32.0,114.0,0.0,27.999998092651367,0.0,0.0,0.0,0.0,0.0,2.0,0.0,0.0,1.0,6.0,0.0,2.0,0.0,10.077776432037354,1317.89111328125,4301.118103027344,0.0,0.0,0.0,0.0,6.393348693847656,10.564144998788834,4,1575,1.0,27.999998092651367,0.0,0.0,0.0,0.0,1.0,1.0,3.2894957065582275,525.7260131835938,0.0,0.0,0.590813159942627,5,1661,39.0,0.0,0.0,0.0,0.0,0.0,2.0,0.0,1.5003736019134521,529.6669311523438,0.0,0.0,0.8420562744140625,3,1559,33.0,0.0,0.0,0.0,1.0,0.0,1.0,1.0,2.784513473510742,928.97265625,0.0,0.0,0.05064144730567932,4,1198,9.0,0.0,0.0,0.0,1.0,0.0,1.0,0.0,2.5033936500549316,998.8613891601562,0.0,0.0,2.6872854232788086,5,1339,23.0,90.0,0.0,23.999998092651367,0.0,0.0,0.0,2.0,0.0,0.0,0.0,3.0,2.0,8.0,0.0,0.0,1.553314447402954,4.1682151556015015,1347.499267578125,4134.034606933594,0.0,0.0,0.0,0.0,4.379631042480469,17.89391255378723,4,1950,2.0,23.999998092651367,0.0,1.0,0.0,0.0,2.0,0.0,1.4466572999954224,449.99951171875,0.0,0.0,1.8203614950180054,5,1545,35.0,0.0,0.0,0.0,0.0,0.0,2.0,0.0,0.5015767216682434,819.0911865234375,0.0,0.0,5.184504508972168,3,2001,26.0,0.0,0.0,1.0,0.0,1.0,2.0,0.0,0.3333333432674408,743.3359985351562,0.0,0.0,0.660476565361023,3,1297,4.0,0.0,0.0,0.0,0.0,2.0,0.0,0.0,0.3333333432674408,774.108642578125,0.0,0.0,5.848938941955566,0,2,0,7609,0,0,0,0,2,0,3,8132,0,0,0,0,8,3353,87.0,263.0,0.0,56.00000762939453,0.0,0.0,0.0,1.0,0.0,2.0,0.0,2.0,3.0,14.0,0.0,3.0,3.540522813796997,29.04533314704895,2318.53271484375,8505.943115234375,0.0,83.89812469482422,0.0,0.0,10.727653503417969,20.857801347970963,6,2945,3.0,56.00000762939453,0.0,0.0,0.0,1.0,2.0,2.0,9.49491024017334,1057.60107421875,0.0,0.0,2.6521642208099365,8,3201,83.0,0.0,0.0,0.0,0.0,0.0,3.0,0.0,4.7223100662231445,2614.413330078125,0.0,0.0,4.6616363525390625,6,3246,73.0,0.0,0.0,1.0,1.0,0.0,3.0,1.0,4.305933475494385,1359.015625,83.89812469482422,0.0,0.05064144730567932,6,2267,17.0,0.0,0.0,0.0,1.0,1.0,3.0,0.0,6.981656551361084,1156.38037109375,0.0,0.0,2.7657058238983154,8,2854,69.0,247.0,0.0,45.60000228881836,0.0,0.0,0.0,2.0,0.0,1.0,0.0,3.0,3.0,15.0,1.0,3.0,6.283224582672119,25.012239456176758,2575.131103515625,7517.72265625,0.0,0.0,0.0,0.0,5.689626216888428,23.527639389038086,6,3170,10.0,45.60000228881836,0.0,1.0,0.0,0.0,2.0,1.0,5.3924970626831055,449.99951171875,0.0,0.0,1.8203614950180054,8,3090,84.0,0.0,0.0,0.0,0.0,0.0,4.0,0.0,5.030253887176514,2625.77685546875,0.0,0.0,9.146408081054688,6,3526,72.0,0.0,0.0,1.0,1.0,1.0,3.0,1.0,4.250908374786377,1092.70654296875,0.0,0.0,1.022304654121399,5,2230,12.0,0.0,0.0,0.0,0.0,2.0,3.0,0.0,4.055355548858643,774.108642578125,0.0,0.0,5.848938941955566,1,2,2,15012,0,0,0,0,2,1,3,14870,0,1,0,0,11,5871,140.0,437.0,4.0,96.00001525878906,0.0,0.0,0.0,4.0,0.0,3.0,1.0,6.0,4.0,31.0,0.0,9.0,5.445291042327881,63.8255352973938,6432.4345703125,19462.441040039062,1098.591796875,4488.45166015625,0.0,0.0,20.146961212158203,42.37519693374634,9,4589,6.0,88.00001525878906,0.0,0.0,0.0,2.0,4.0,3.0,17.791778564453125,2216.820068359375,0.0,0.0,5.936142444610596,11,5556,141.0,4.0,0.0,1.0,0.0,0.0,6.0,0.0,5.898749351501465,5744.3671875,0.0,0.0,8.976516723632812,8,6682,123.0,0.0,0.0,3.0,1.0,0.0,5.0,3.0,9.821203231811523,3750.5830078125,3389.85986328125,0.0,3.143641948699951,7,3641,27.0,0.0,0.0,0.0,2.0,3.0,12.0,3.0,24.868513107299805,1318.2362060546875,0.0,0.0,4.171934604644775,10,4330,109.0,403.0,0.0,80.0,0.0,0.0,0.0,3.0,1.0,4.0,0.0,4.0,4.0,27.0,1.0,10.0,7.980646133422852,51.581706523895264,5644.01123046875,14862.382446289062,0.0,702.6660766601562,0.0,0.0,9.925325393676758,38.62772488594055,8,4631,10.0,76.0,0.0,1.0,0.0,0.0,3.0,1.0,5.725830554962158,1586.8499755859375,0.0,0.0,3.641833782196045,10,5252,136.0,4.0,0.0,0.0,0.0,0.0,5.0,0.0,7.090865135192871,3928.162353515625,702.6660766601562,0.0,10.8744535446167,9,5556,124.0,0.0,0.0,2.0,2.0,1.0,5.0,3.0,9.803407669067383,2150.60791015625,0.0,0.0,2.374760389328003,7,3589,24.0,0.0,0.0,0.0,1.0,3.0,10.0,5.0,20.98095703125,1552.7509765625,0.0,0.0,11.811351776123047,4,3,6,26339,0,0,0,1,3,4,4,23358,0,2,0,0,16,14988,219.0,853.0,20.0,217.49997901916504,4.0,17.500000476837158,8.0,25.0,2.0,12.0,9.0,60.0,15.0,99.0,5.0,51.0,40.272884368896484,268.5416488647461,28375.142578125,100951.7236328125,4206.16943359375,18432.923370361328,0.0,0.0,42.970863342285156,139.4060640335083,15,9594,28.0,135.99998474121094,0.0,0.0,2.0,16.0,12.0,8.0,45.10205078125,10289.255859375,866.0524291992188,0.0,36.25123596191406,17,14696,278.0,33.999996185302734,6.000000476837158,5.0,2.0,8.0,13.0,8.0,44.99956512451172,29070.626953125,488.6092224121094,0.0,33.546470642089844,16,16565,284.0,23.499998092651367,7.5,9.0,2.0,8.0,12.0,14.0,37.97075271606445,26607.640625,11328.603515625,0.0,11.946556091308594,13,9062,44.0,4.0,0.0,3.0,4.0,19.0,47.0,16.0,100.19639587402344,6609.0576171875,1543.48876953125,0.0,14.690937995910645,16,10066,201.0,773.0,13.0,172.00002098083496,0.0,0.0,1.0,12.0,4.0,25.0,2.0,23.0,17.0,102.0,4.0,41.0,29.74370002746582,216.03453063964844,12409.7978515625,57132.71435546875,457.6854553222656,1299.6961822509766,0.0,0.0,22.370302200317383,121.08793306350708,14,11354,35.0,126.4000244140625,0.0,4.0,3.0,4.0,9.0,12.0,38.9366569519043,12884.55859375,0.0,0.0,12.748922348022461,16,11532,244.0,15.0,0.0,2.0,4.0,4.0,6.0,5.0,20.4242000579834,14333.8896484375,702.6660766601562,0.0,34.61054229736328,15,13856,262.0,17.59999656677246,0.0,5.0,6.0,4.0,14.0,9.0,35.63296127319336,11396.1279296875,139.3446502685547,0.0,7.662258625030518,12,7287,31.0,0.0,0.0,0.0,8.0,9.0,56.0,11.0,91.29701232910156,6108.34033203125,0.0,0.0,43.69590759277344,25,12,60,64905,1,3,0,8,12,25,23,54095,0,2,1,1
104366947889790212,108166997301178190,PCS Summer 2022,pcs_summer_2022,2022-06-23,2022-09-10,ESPORTSTMNT02:2914943,108166997302554582,1,Regular Season,regular_season,Regular Season,2022-07-24,1662,12.12.453.7699,100,1,200,107700211633200412,108517492697602721,Meta Falcon Team,Dewish Team,100,MFT Taco,Mordekaiser,MFT 665,Viego,MFT Hong2,Corki,MFT Whale,Zeri,MFT 1SSUE,Leona,DWT Lacunae,Gwen,DWT WSL,Poppy,DWT xiaotu,Taliyah,DWT BangTwo,Aphelios,DWT EnHoa,Nautilus,200,3,100,200,1,1,0,0,0,0,0,5,1598,35.0,107.0,0.0,28.0,0.0,0.0,0.0,0.0,0.0,0.0,0.0,0.0,2.0,7.0,0.0,0.0,0.0,2.9690511226654053,579.1080932617188,1538.0069580078125,0.0,0.0,0.0,0.0,0.2677459716796875,3.68996661901474,4,1588,0.0,28.0,0.0,0.0,0.0,0.0,2.0,0.0,0.0,0.0,0.0,0.0,0.0,5,1737,42.0,0.0,0.0,0.0,0.0,0.0,1.0,0.0,1.5292154550552368,287.06988525390625,0.0,0.0,0.0,3,1437,26.0,0.0,0.0,0.0,0.0,0.0,1.0,0.0,0.0,599.5169677734375,0.0,0.0,0.37374061346054077,3,1090,4.0,0.0,0.0,0.0,0.0,0.0,1.0,0.0,1.4398356676101685,72.31201171875,0.0,0.0,3.0484800338745117,5,1591,34.0,119.0,0.0,35.75,0.0,4.0,0.0,0.0,0.0,0.0,0.0,0.0,2.0,7.0,0.0,0.0,0.3333333432674408,6.008111447095871,321.076904296875,2730.2818603515625,0.0,0.0,0.0,0.0,0.0,9.408496260643005,4,1678,1.0,33.75,2.0,0.0,0.0,0.0,2.0,0.0,2.6086573600769043,0.0,0.0,0.0,0.0,5,1736,41.0,2.0,2.0,0.0,0.0,0.0,1.0,0.0,1.5213290452957153,622.88037109375,0.0,0.0,1.9780176877975464,4,1626,38.0,0.0,0.0,0.0,0.0,0.0,1.0,0.0,0.0,1261.314697265625,0.0,0.0,3.4289560317993164,4,1111,5.0,0.0,0.0,0.0,0.0,0.0,1.0,0.0,1.5447916984558105,525.0098876953125,0.0,0.0,4.001522541046143,0,0,0,7450,0,0,0,0,0,0,0,7742,0,0,0,0,8,3240,88.0,288.0,0.0,71.00001525878906,0.0,8.0,0.0,0.0,0.0,0.0,0.0,0.0,4.0,19.0,0.0,3.0,5.676983833312988,27.497761726379395,1618.8079833984375,2866.7120361328125,0.0,759.4131164550781,0.0,0.0,0.8913972973823547,4.313617944717407,7,3264,0.0,71.00001525878906,8.0,0.0,0.0,0.0,4.0,0.0,7.193181037902832,0.0,0.0,0.0,0.0,8,3565,99.0,0.0,0.0,0.0,0.0,0.0,2.0,1.0,3.362548828125,542.3331298828125,0.0,0.0,0.0,7,3328,89.0,0.0,0.0,0.0,0.0,0.0,4.0,2.0,5.82391881942749,633.2589111328125,619.2391967773438,0.0,0.37374061346054077,6,2114,12.0,0.0,0.0,0.0,0.0,0.0,5.0,0.0,5.441129207611084,72.31201171875,140.17391967773438,0.0,3.0484800338745117,8,3413,95.0,287.0,0.0,70.00001525878906,0.0,4.0,0.0,0.0,0.0,0.0,0.0,0.0,4.0,19.0,1.0,2.0,6.830839157104492,27.666796684265137,1001.1491088867188,4387.531799316406,0.0,0.0,0.0,0.0,0.7532563805580139,15.507913172245026,7,3073,2.0,68.00001525878906,2.0,0.0,0.0,0.0,4.0,1.0,9.043758392333984,0.0,0.0,0.0,0.0,8,3315,91.0,2.0,2.0,0.0,0.0,0.0,3.0,0.0,2.7700157165527344,1296.1820068359375,0.0,0.0,7.324178218841553,7,3140,87.0,0.0,0.0,0.0,0.0,0.0,4.0,0.0,4.54042911529541,1565.1907958984375,0.0,0.0,3.4289560317993164,5,2034,12.0,0.0,0.0,0.0,0.0,0.0,4.0,0.0,4.481754302978516,525.0098876953125,0.0,0.0,4.001522541046143,0,0,0,15511,0,0,0,0,0,0,0,14975,0,1,0,0,11,5284,142.0,462.0,6.0,102.0000228881836,0.0,8.0,0.0,0.0,0.0,1.0,0.0,0.0,5.0,38.0,1.0,14.0,8.864723205566406,77.63578128814697,3492.06103515625,7611.761901855469,0.0,1648.7737731933594,0.0,0.0,0.9751875996589661,7.005162060260773,9,4678,11.0,96.0000228881836,8.0,0.0,0.0,0.0,7.0,3.0,17.624242782592773,292.44036865234375,0.0,0.0,0.97564697265625,10,5583,144.0,0.0,0.0,0.0,1.0,0.0,4.0,1.0,4.975706100463867,1675.60107421875,0.0,0.0,0.0,9,5396,142.0,0.0,0.0,0.0,0.0,0.0,6.0,5.0,15.053746223449707,2079.347412109375,1508.599853515625,0.0,2.005847454071045,7,3204,23.0,0.0,0.0,0.0,0.0,0.0,16.0,4.0,31.11736297607422,72.31201171875,140.17391967773438,0.0,3.0484800338745117,10,4891,132.0,443.0,2.0,104.00003051757812,0.0,6.0,0.0,1.0,0.0,0.0,0.0,2.0,6.0,37.0,1.0,9.0,11.199583053588867,56.943389892578125,2722.482421875,8625.703399658203,0.0,276.3726806640625,0.0,0.0,1.4407013654708862,25.558962106704712,9,5175,12.0,94.00003051757812,2.0,1.0,0.0,0.0,6.0,3.0,15.98668384552002,425.9982604980469,0.0,0.0,1.4243372678756714,11,5694,151.0,3.0,3.0,0.0,0.0,1.0,5.0,2.0,8.48642635345459,2319.06884765625,276.3726806640625,0.0,10.922025680541992,9,4582,128.0,4.0,0.0,0.0,0.0,0.0,7.0,1.0,8.560561180114746,2286.67578125,0.0,0.0,5.057569980621338,7,3080,20.0,1.0,1.0,0.0,0.0,1.0,13.0,2.0,12.710135459899902,871.4780883789062,0.0,0.0,6.714327812194824,0,1,0,24145,0,1,0,0,1,0,2,23422,0,1,0,0,16,11091,230.0,806.0,30.0,222.30002403259277,8.0,27.80000001192093,0.0,17.0,0.0,3.0,6.0,51.0,7.0,76.0,5.0,50.0,24.765371322631836,214.64450645446777,11279.5556640625,57732.241455078125,2454.5087890625,15342.939453125,0.0,0.0,3.03678560256958,49.77208411693573,14,10413,23.0,135.9000244140625,13.0,4.0,1.0,10.0,11.0,13.0,43.05170822143555,6511.54248046875,1333.32080078125,0.0,9.536578178405762,17,14133,252.0,38.0,6.0,4.0,1.0,11.0,13.0,4.0,25.09976577758789,15209.1884765625,4966.82763671875,0.0,0.3834899663925171,15,14584,264.0,18.399999618530273,0.800000011920929,8.0,0.0,8.0,10.0,14.0,36.134490966796875,21980.140625,5665.49365234375,0.0,10.015702247619629,12,7663,37.0,0.0,0.0,1.0,1.0,16.0,35.0,14.0,85.59317016601562,2751.814208984375,922.78857421875,0.0,26.799528121948242,15,9799,236.0,753.0,14.0,167.70004272460938,0.0,6.0,0.0,3.0,3.0,17.0,2.0,10.0,11.0,85.0,3.0,30.0,23.95746612548828,169.45746421813965,8885.88671875,41123.745361328125,3180.51025390625,4632.1229248046875,0.0,0.0,5.1227216720581055,82.10472297668457,12,8369,21.0,129.20004272460938,2.0,2.0,4.0,1.0,12.0,11.0,39.826873779296875,3875.3486328125,0.0,0.0,14.182140350341797,14,10493,243.0,11.5,3.0,1.0,2.0,2.0,9.0,4.0,17.661495208740234,16847.00390625,822.892333984375,0.0,32.070709228515625,12,8549,214.0,12.0,0.0,0.0,4.0,2.0,13.0,4.0,28.910612106323242,9273.5126953125,628.7203369140625,0.0,8.760197639465332,11,5706,39.0,1.0,1.0,0.0,4.0,3.0,40.0,8.0,59.101016998291016,2241.993408203125,0.0,0.0,21.96895408630371,17,3,51,57884,2,2,1,7,3,17,10,42916,0,2,0,2
104366947889790212,108166997301178190,PCS Summer 2022,pcs_summer_2022,2022-06-23,2022-09-10,ESPORTSTMNT02:2914962,108166997302554600,1,Regular Season,regular_season,Regular Season,2022-07-24,1886,12.12.453.7699,100,1,100,107760667929003738,99566406490127625,Frank Esports,J Team,100,FAK YSKM,Camille,FAK Holo,Viego,FAK Pretender,Sylas,FAK MnM,Zeri,FAK Keres,Rakan,JT Rock,Sejuani,JT Kongyue,MonkeyKing,JT Uniboy,Ahri,JT Lilv,Twitch,JT Enso,Yuumi,100,5,100,100,2,0,1,100,3,0,0,5,1647,38.0,110.0,0.0,27.999998092651367,0.0,0.0,0.0,1.0,0.0,0.0,0.0,2.0,1.0,6.0,0.0,0.0,1.5500003099441528,5.836268603801727,1240.0137939453125,3380.5873413085938,0.0,0.0,0.0,0.0,1.0726498365402222,6.259676426649094,4,1679,1.0,27.999998092651367,0.0,0.0,0.0,1.0,1.0,0.0,0.5977712273597717,260.02777099609375,0.0,0.0,1.552121639251709,5,1619,37.0,0.0,0.0,0.0,0.0,0.0,1.0,0.0,1.468153476715088,567.0193481445312,0.0,0.0,1.622537612915039,3,1899,28.0,0.0,0.0,1.0,0.0,0.0,1.0,0.0,0.0,782.6677856445312,0.0,0.0,0.3409768044948578,3,1200,6.0,0.0,0.0,0.0,0.0,1.0,2.0,0.0,2.220343589782715,530.858642578125,0.0,0.0,1.6713905334472656,5,1514,31.0,88.0,0.0,28.0,0.0,0.0,0.0,0.0,0.0,1.0,0.0,0.0,1.0,6.0,0.0,1.0,0.0,7.591211795806885,482.19219970703125,3068.760498046875,0.0,0.0,0.0,0.0,1.161383032798767,4.81609582901001,4,1575,1.0,28.0,0.0,0.0,0.0,0.0,1.0,1.0,4.665441513061523,0.0,0.0,0.0,0.0,5,1614,34.0,0.0,0.0,0.0,0.0,0.0,1.0,0.0,1.4849286079406738,1089.4422607421875,0.0,0.0,1.27850341796875,3,1314,22.0,0.0,0.0,0.0,0.0,0.0,2.0,0.0,1.4408416748046875,945.26806640625,0.0,0.0,1.1506346464157104,3,1065,0.0,0.0,0.0,0.0,1.0,0.0,1.0,0.0,0.0,551.8579711914062,0.0,0.0,1.2255747318267822,1,0,2,8044,0,0,0,0,0,1,0,7082,0,0,0,0,8,3528,80.0,264.0,4.0,76.4000015258789,0.0,0.0,1.0,5.0,0.0,1.0,1.0,7.0,4.0,22.0,0.0,5.0,6.720163822174072,34.92566919326782,2332.129150390625,10023.215637207031,0.0,0.0,0.0,0.0,1.5108822584152222,13.550030589103699,7,3710,3.0,64.4000015258789,0.0,1.0,0.0,3.0,3.0,2.0,7.11451530456543,2152.898681640625,0.0,0.0,4.802209377288818,8,3543,85.0,4.0,0.0,1.0,1.0,0.0,3.0,0.0,2.970813751220703,2297.357421875,0.0,0.0,3.946587562561035,7,4070,84.0,4.0,0.0,2.0,0.0,0.0,3.0,2.0,7.163274765014648,2559.512451171875,0.0,0.0,1.090484380722046,5,2226,12.0,0.0,0.0,0.0,0.0,3.0,9.0,1.0,10.956901550292969,681.3179321289062,0.0,0.0,2.199867010116577,8,3385,74.0,218.0,0.0,56.00000762939453,0.0,0.0,1.0,1.0,0.0,5.0,0.0,2.0,4.0,17.0,1.0,6.0,6.215071678161621,30.072659730911255,2443.614990234375,9544.50439453125,0.0,0.0,0.0,0.0,4.9361891746521,12.58808696269989,6,2932,8.0,52.00000762939453,0.0,0.0,1.0,1.0,3.0,2.0,10.441421508789062,1514.0286865234375,0.0,0.0,2.6048731803894043,8,3132,71.0,4.0,0.0,0.0,1.0,1.0,3.0,0.0,2.938326597213745,2277.603271484375,0.0,0.0,1.27850341796875,6,2730,65.0,0.0,0.0,0.0,1.0,0.0,3.0,3.0,6.1117448806762695,2184.661865234375,0.0,0.0,1.6091407537460327,5,1857,0.0,0.0,0.0,0.0,2.0,0.0,4.0,0.0,4.366095066070557,1124.5955810546875,0.0,0.0,2.1593804359436035,5,1,7,17077,0,1,0,0,1,5,2,14036,0,0,0,0,11,5781,139.0,441.0,4.0,112.00001525878906,0.0,0.0,1.0,6.0,0.0,2.0,2.0,11.0,7.0,40.0,0.0,9.0,8.951760292053223,69.52257633209229,3847.33154296875,16891.111938476562,1025.111328125,3633.7273864746094,0.0,0.0,2.5249814987182617,19.97191333770752,9,5214,6.0,96.00001525878906,0.0,1.0,0.0,4.0,4.0,3.0,15.052143096923828,2507.19580078125,453.4705505371094,0.0,4.9305291175842285,11,5606,141.0,4.0,0.0,2.0,1.0,0.0,3.0,0.0,5.720151901245117,4064.353271484375,0.0,0.0,7.077816486358643,10,6283,136.0,8.0,0.0,2.0,0.0,1.0,5.0,4.0,11.86414909362793,5596.9501953125,2155.1455078125,0.0,2.5348281860351562,7,3291,19.0,0.0,0.0,0.0,1.0,4.0,21.0,2.0,27.934371948242188,875.2811279296875,0.0,0.0,2.9037580490112305,11,5077,126.0,372.0,0.0,80.0000228881836,0.0,0.0,1.0,2.0,1.0,6.0,1.0,5.0,5.0,25.0,2.0,14.0,9.327351570129395,54.899380683898926,4975.32080078125,17716.077270507812,0.0,0.0,0.0,0.0,9.238768577575684,24.12199854850769,8,4191,11.0,76.0000228881836,0.0,0.0,1.0,1.0,5.0,5.0,17.402896881103516,2635.438720703125,0.0,0.0,4.533714294433594,10,5207,124.0,4.0,0.0,1.0,1.0,1.0,4.0,3.0,11.279784202575684,3944.85009765625,0.0,0.0,3.90509033203125,9,4316,110.0,0.0,0.0,0.0,1.0,1.0,5.0,4.0,9.290108680725098,4117.201171875,0.0,0.0,1.7446439266204834,7,2767,1.0,0.0,0.0,0.0,2.0,1.0,6.0,0.0,7.599239349365234,2043.2664794921875,0.0,0.0,4.69978141784668,6,2,11,26175,0,2,0,0,2,6,5,21558,0,0,0,0,18,14791,278.0,834.0,26.5,259.4999752044678,14.0,32.5,6.0,21.0,0.0,7.0,7.0,50.0,11.0,124.0,4.0,34.0,30.862098693847656,246.8825569152832,16131.09375,65542.55834960938,3887.905517578125,21264.34600830078,0.0,0.0,9.838470458984375,57.4111909866333,15,11418,16.0,170.3999786376953,5.100000381469727,2.0,1.0,15.0,11.0,6.0,33.95363235473633,8931.92578125,2828.309814453125,0.0,11.730814933776855,17,14492,258.0,28.799997329711914,8.399999618530273,8.0,1.0,5.0,5.0,3.0,24.751808166503906,18746.31640625,5670.79248046875,0.0,16.443317413330078,16,14588,251.0,33.79999923706055,5.0,5.0,2.0,9.0,15.0,11.0,46.524803161621094,18918.05859375,7880.265625,0.0,5.874788284301758,12,7765,31.0,0.0,0.0,0.0,3.0,14.0,82.0,10.0,110.79021453857422,2815.163818359375,997.0725708007812,0.0,13.523799896240234,16,10720,264.0,786.0,6.0,138.00003051757812,0.0,0.0,1.0,7.0,3.0,21.0,4.0,19.0,11.0,65.0,6.0,49.0,30.272573471069336,180.68550300598145,10025.3232421875,52665.24072265625,0.0,0.0,0.0,0.0,15.248496055603027,69.48941564559937,12,8393,33.0,108.00003051757812,0.0,2.0,5.0,4.0,10.0,21.0,56.56107711791992,10782.2265625,0.0,0.0,17.592430114746094,16,11456,277.0,12.0,0.0,1.0,3.0,4.0,5.0,12.0,28.22671127319336,14997.908203125,0.0,0.0,13.016157150268555,13,10189,208.0,12.0,0.0,2.0,5.0,2.0,10.0,9.0,20.889156341552734,11266.50390625,0.0,0.0,3.6312527656555176,11,6238,4.0,0.0,0.0,1.0,5.0,5.0,29.0,1.0,44.735984802246094,5593.27880859375,0.0,0.0,20.001079559326172,21,7,50,63054,1,4,1,9,7,21,19,46996,0,0,0,0
104366947889790212,108166997301178190,PCS Summer 2022,pcs_summer_2022,2022-06-23,2022-09-10,ESPORTSTMNT02:2914954,108166997302554626,1,Regular Season,regular_season,Regular Season,2022-07-24,1302,12.12.453.7699,100,2,100,104367068120825486,107635420167535818,PSG Talon,SEM9,100,PSG Hanabi,Gwen,PSG Burry,XinZhao,PSG Gori,Azir,PSG Unified,Zeri,PSG Kaiwing,Yuumi,S9 N0name,Jax,S9 Arashi,Viego,S9 XieDoDo,Sylas,S9 Axin,Jinx,S9 QaspieL,Blitzcrank,200,2,0,100,2,0,0,0,0,0,0,4,1374,25.0,102.0,0.0,23.999998092651367,0.0,0.0,0.0,0.0,0.0,0.0,0.0,0.0,1.0,8.0,0.0,1.0,0.0,7.002669930458069,957.3885498046875,5096.208068847656,0.0,0.0,0.0,0.0,0.0,3.6826460361480713,4,1498,1.0,23.999998092651367,0.0,0.0,0.0,0.0,1.0,1.0,2.4396488666534424,0.0,0.0,0.0,0.0,5,1608,39.0,0.0,0.0,0.0,0.0,0.0,2.0,0.0,1.5273650884628296,1961.992919921875,0.0,0.0,1.458009123802185,4,1619,37.0,0.0,0.0,0.0,0.0,0.0,2.0,0.0,1.5420184135437012,1426.4188232421875,0.0,0.0,1.3751863241195679,4,1065,0.0,0.0,0.0,0.0,0.0,0.0,2.0,0.0,1.4936375617980957,750.4077758789062,0.0,0.0,0.8494505882263184,5,1514,31.0,105.0,0.0,35.99999809265137,0.0,0.0,0.0,0.0,0.0,0.0,0.0,0.0,1.0,6.0,0.0,0.0,1.4661695957183838,6.399981737136841,1843.8621826171875,2896.9294052124023,0.0,59.42280578613281,0.0,0.0,4.325279235839844,7.559334993362427,4,1655,0.0,31.999998092651367,0.0,0.0,0.0,0.0,1.0,0.0,3.237901449203491,0.0,0.0,0.0,0.0,5,1486,29.0,0.0,0.0,0.0,0.0,0.0,1.0,0.0,0.0,287.0460510253906,0.0,0.0,1.385026216506958,4,1717,38.0,4.0,0.0,0.0,0.0,0.0,1.0,0.0,0.0,664.409912109375,59.42280578613281,0.0,1.584991455078125,4,1153,7.0,0.0,0.0,0.0,0.0,0.0,2.0,0.0,1.6959106922149658,101.61125946044922,0.0,0.0,0.2640380859375,0,0,0,7164,0,0,0,0,0,0,0,7525,0,0,0,0,7,3066,63.0,245.0,0.0,51.999996185302734,0.0,0.0,1.0,5.0,0.0,0.0,1.0,15.0,4.0,21.0,1.0,7.0,7.009490013122559,34.364689350128174,2842.223876953125,17201.302734375,0.0,1874.480125427246,0.0,0.0,1.0050172805786133,16.4544415473938,7,4064,6.0,51.999996185302734,0.0,1.0,0.0,4.0,4.0,3.0,7.683863162994385,1932.542724609375,792.3234252929688,0.0,3.96777081489563,8,4336,90.0,0.0,0.0,1.0,0.0,2.0,4.0,1.0,5.920343399047852,5302.88232421875,956.6499633789062,0.0,5.285261631011963,7,4040,85.0,0.0,0.0,2.0,0.0,3.0,5.0,1.0,8.660286903381348,4177.34716796875,0.0,0.0,2.5919997692108154,6,2428,1.0,0.0,0.0,0.0,0.0,5.0,4.0,1.0,5.090705871582031,2946.306640625,125.5067367553711,0.0,3.6043920516967773,8,3453,80.0,242.0,0.0,64.00001525878906,0.0,0.0,0.0,0.0,0.0,5.0,0.0,0.0,3.0,18.0,1.0,3.0,3.2995028495788574,28.33838129043579,3678.391357421875,7996.532775878906,807.5849609375,1141.1458435058594,0.0,0.0,6.568534851074219,18.081457510590553,6,2959,3.0,60.00001525878906,0.0,0.0,2.0,0.0,4.0,2.0,11.402363777160645,567.627685546875,0.0,0.0,0.08782781660556793,8,2956,70.0,0.0,0.0,0.0,1.0,0.0,3.0,0.0,2.7856078147888184,1016.1625366210938,0.0,0.0,1.951737642288208,6,3059,75.0,4.0,0.0,0.0,1.0,0.0,4.0,0.0,6.031278610229492,2090.78466796875,333.5608825683594,0.0,5.597228050231934,5,2070,14.0,0.0,0.0,0.0,1.0,0.0,4.0,0.0,4.8196282386779785,643.5665283203125,0.0,0.0,3.876129150390625,5,0,15,17934,0,0,0,1,0,5,0,14497,0,1,0,0,10,4987,104.0,411.0,0.0,89.5,0.0,5.5,1.0,12.0,1.0,1.0,4.0,30.0,7.0,41.0,1.0,14.0,11.341690063476562,81.01291990280151,6952.169921875,33268.64990234375,1361.4803466796875,9606.361633300781,0.0,0.0,2.388458490371704,30.203145742416382,10,6174,17.0,85.5,5.5,1.0,0.0,9.0,6.0,8.0,24.820472717285156,4692.42138671875,792.3234252929688,0.0,7.646860122680664,11,6888,143.0,4.0,0.0,2.0,0.0,5.0,6.0,1.0,6.544830799102783,10045.0810546875,2473.607177734375,0.0,8.551846504211426,10,7865,145.0,0.0,0.0,6.0,0.0,3.0,7.0,2.0,14.511317253112793,6959.6767578125,4107.57861328125,0.0,2.953918933868408,8,4428,2.0,0.0,0.0,2.0,0.0,9.0,15.0,2.0,23.79460906982422,4619.30078125,871.3720703125,0.0,8.66206169128418,10,4998,119.0,387.0,0.0,96.00003051757812,0.0,0.0,0.0,1.0,1.0,12.0,1.0,2.0,4.0,33.0,2.0,7.0,8.049610137939453,54.89523696899414,6268.7978515625,14755.957397460938,807.5849609375,3334.44384765625,0.0,0.0,7.692680358886719,30.646649420261383,9,4405,9.0,92.00003051757812,0.0,0.0,3.0,0.0,6.0,2.0,14.074933052062988,1341.13720703125,0.0,0.0,0.9822459816932678,10,4815,119.0,0.0,0.0,1.0,2.0,0.0,6.0,0.0,6.028369903564453,2262.97802734375,0.0,0.0,4.346873760223389,8,4576,116.0,4.0,0.0,0.0,4.0,0.0,7.0,2.0,10.424460411071777,2848.12890625,2526.85888671875,0.0,9.560182571411133,7,3264,24.0,0.0,0.0,0.0,2.0,1.0,10.0,1.0,16.31786346435547,2034.9154052734375,0.0,0.0,8.064666748046875,12,1,30,30342,0,1,0,3,1,12,2,22058,0,1,0,2,13,8155,149.0,553.0,1.75,139.2500114440918,0.0,21.499999046325684,5.0,24.0,1.0,2.0,6.0,53.0,12.0,68.0,3.0,25.0,24.407926559448242,165.88113403320312,11903.486328125,65637.3837890625,1361.4803466796875,19265.325439453125,0.0,0.0,4.039714813232422,49.83471345901489,12,8559,27.0,112.70001220703125,16.69999885559082,2.0,0.0,13.0,9.0,12.0,40.32277297973633,8704.4541015625,1387.9276123046875,0.0,9.997509002685547,13,9865,185.0,12.799999237060547,4.800000190734863,4.0,1.0,8.0,9.0,2.0,22.969261169433594,17987.669921875,5499.08154296875,0.0,12.44936466217041,13,11424,189.0,12.0,0.0,10.0,0.0,7.0,11.0,5.0,30.29387092590332,16121.2587890625,9183.056640625,0.0,5.948754787445068,11,6915,3.0,0.0,0.0,3.0,0.0,19.0,27.0,3.0,47.88730239868164,10920.5146484375,1833.779296875,0.0,17.399370193481445,13,7336,177.0,552.0,12.0,129.00003099441528,0.0,5.0,0.0,2.0,1.0,24.0,1.0,3.0,8.0,60.0,3.0,16.0,13.290228843688965,111.15309715270996,6848.56005859375,27019.271484375,1498.6253662109375,4025.4842529296875,0.0,0.0,8.140386581420898,51.469183921813965,11,5809,15.0,108.00003051757812,4.0,0.0,6.0,0.0,10.0,3.0,21.4141845703125,4308.8212890625,0.0,0.0,4.5294904708862305,13,7737,176.0,4.000000476837158,0.0,2.0,4.0,0.0,7.0,0.0,8.532526969909668,7032.62060546875,0.0,0.0,10.300602912902832,10,6564,156.0,4.0,0.0,0.0,8.0,1.0,11.0,6.0,21.593135833740234,4659.67529296875,2526.85888671875,0.0,12.293412208557129,9,4343,28.0,1.0,1.0,0.0,5.0,1.0,24.0,4.0,46.323020935058594,4169.59423828125,0.0,0.0,16.205291748046875,24,2,53,44918,1,2,0,8,2,24,3,31789,0,1,0,2
104366947889790212,108166997301178190,PCS Summer 2022,pcs_summer_2022,2022-06-23,2022-09-10,ESPORTSTMNT03:2884181,108166997302489010,1,Regular Season,regular_season,Regular Season,2022-07-29,1710,12.13.454.106,200,1,100,107760667929003738,107700199633958891,Frank Esports,CTBC Flying Oyster,200,FAK YSKM,Fiora,FAK Holo,Viego,FAK Pretender,Sylas,FAK MnM,Ashe,FAK Keres,TahmKench,CFO Rest,Gnar,CFO Gemini,Poppy,CFO Mission,Taliyah,CFO Shunn,Aphelios,CFO Koala,Bard,100,4,200,200,1,1,0,0,0,0,0,5,1661,38.0,113.0,0.0,27.999998092651367,0.0,0.0,0.0,0.0,0.0,0.0,0.0,0.0,1.0,8.0,0.0,1.0,0.0,7.846867650747299,1591.48486328125,3869.290138244629,0.0,0.0,0.0,0.0,2.0389437675476074,12.229921340942383,4,1575,1.0,27.999998092651367,0.0,0.0,0.0,0.0,1.0,1.0,3.6490561962127686,122.9512710571289,0.0,0.0,0.968017578125,5,1549,34.0,0.0,0.0,0.0,0.0,0.0,2.0,0.0,1.7961921691894531,408.01165771484375,0.0,0.0,1.1964147090911865,4,1577,34.0,0.0,0.0,0.0,0.0,0.0,2.0,0.0,0.3333333432674408,938.6827392578125,0.0,0.0,4.450659275054932,3,1125,6.0,0.0,0.0,0.0,0.0,0.0,2.0,0.0,2.0682859420776367,808.1596069335938,0.0,0.0,3.5758860111236572,5,1549,32.0,115.0,0.0,27.999998092651367,0.0,0.0,0.0,0.0,0.0,0.0,0.0,0.0,1.0,7.0,0.0,3.0,0.0,10.02429711818695,1227.2550048828125,3810.1260986328125,0.0,0.0,0.0,0.0,0.697526216506958,4.123619616031647,4,1585,2.0,27.999998092651367,0.0,0.0,0.0,0.0,1.0,2.0,4.102969169616699,0.0,0.0,0.0,0.0,5,1654,39.0,0.0,0.0,0.0,0.0,0.0,2.0,0.0,0.7249219417572021,894.2811279296875,0.0,0.0,0.9784312844276428,4,1591,35.0,0.0,0.0,0.0,0.0,0.0,2.0,0.0,1.4558213949203491,1105.307861328125,0.0,0.0,1.9871853590011597,4,1142,7.0,0.0,0.0,0.0,0.0,0.0,1.0,1.0,3.7405846118927,583.2821044921875,0.0,0.0,0.46047675609588623,0,0,0,7487,0,0,0,0,0,0,0,7521,0,0,0,0,8,3397,94.0,286.0,0.0,68.00000762939453,0.0,0.0,0.0,0.0,0.0,0.0,0.0,0.0,4.0,18.0,0.0,5.0,3.1120493412017822,35.762906312942505,3058.03076171875,7932.779273986816,0.0,0.0,0.0,0.0,2.327209711074829,22.686296939849854,7,3101,1.0,68.00000762939453,0.0,0.0,0.0,0.0,2.0,1.0,9.5177001953125,122.9512710571289,0.0,0.0,0.968017578125,8,3364,94.0,0.0,0.0,0.0,0.0,0.0,3.0,1.0,5.131120204925537,1136.78759765625,0.0,0.0,3.7830541133880615,6,3131,79.0,0.0,0.0,0.0,0.0,0.0,4.0,0.0,6.241142749786377,1852.660400390625,0.0,0.0,10.035940170288086,5,2219,18.0,0.0,0.0,0.0,0.0,0.0,5.0,3.0,11.760893821716309,1762.3492431640625,0.0,0.0,5.572075366973877,8,3257,87.0,288.0,0.0,64.0000114440918,0.0,4.0,0.0,0.0,0.0,0.0,0.0,0.0,3.0,17.0,0.0,6.0,3.08927583694458,29.351073265075684,2937.0859375,8790.9248046875,0.0,0.0,0.0,0.0,2.6426920890808105,14.88985788822174,7,2977,7.0,56.0000114440918,4.0,0.0,0.0,0.0,2.0,4.0,10.109546661376953,0.0,0.0,0.0,0.0,8,3459,88.0,8.0,0.0,0.0,0.0,0.0,4.0,0.0,3.885014533996582,1937.1419677734375,0.0,0.0,2.881077527999878,7,3292,90.0,0.0,0.0,0.0,0.0,0.0,3.0,0.0,4.390353202819824,2056.27880859375,0.0,0.0,1.9871853590011597,6,2107,16.0,0.0,0.0,0.0,0.0,0.0,5.0,2.0,7.876883029937744,1860.4180908203125,0.0,0.0,7.378902912139893,0,0,0,15212,0,1,0,0,0,0,0,15092,0,0,0,0,11,5316,139.0,448.0,0.0,103.0000228881836,0.0,11.0,1.0,3.0,0.0,0.0,0.0,5.0,6.0,34.0,0.0,13.0,10.419416427612305,76.39687633514404,4560.02099609375,16823.86669921875,373.9378662109375,1169.0172119140625,0.0,0.0,3.1362874507904053,41.82048010826111,9,5294,6.0,102.7500228881836,11.0,2.0,0.0,0.0,4.0,4.0,16.32756233215332,2929.852294921875,0.0,0.0,4.656424045562744,11,5217,150.0,0.0,0.0,0.0,0.0,2.0,4.0,2.0,8.744718551635742,3347.538818359375,0.0,0.0,6.3121018409729,9,4891,126.0,0.25,0.0,0.0,0.0,1.0,8.0,1.0,14.74085521697998,3417.29248046875,795.079345703125,0.0,19.911602020263672,7,3390,27.0,0.0,0.0,0.0,0.0,2.0,12.0,6.0,26.164323806762695,2569.162109375,0.0,0.0,7.804064750671387,11,5294,135.0,447.0,5.5,90.50001335144043,0.0,8.0,0.0,0.0,0.0,3.0,0.0,0.0,6.0,31.0,1.0,17.0,6.4454450607299805,65.60393333435059,4254.55712890625,18658.438232421875,569.0347900390625,3265.874755859375,0.0,0.0,3.6624107360839844,30.89549231529236,8,4500,12.0,69.00001525878906,8.0,0.0,1.0,0.0,3.0,7.0,19.672121047973633,1659.552490234375,470.98492431640625,0.0,5.315488338470459,11,5882,143.0,15.999998092651367,0.0,0.0,0.0,0.0,6.0,3.0,15.095805168151855,4205.173828125,564.3003540039062,0.0,5.038824081420898,9,5556,131.0,0.0,0.0,0.0,0.0,0.0,6.0,2.0,8.150707244873047,4642.88525390625,1256.816162109375,0.0,3.611421823501587,7,3814,26.0,0.0,0.0,0.0,2.0,0.0,10.0,4.0,16.23985481262207,3896.26953125,404.738525390625,0.0,13.26734733581543,3,0,5,24108,0,1,0,0,0,3,0,25046,0,0,0,2,14,9243,218.0,755.0,11.25,161.75,0.0,11.0,1.0,4.0,4.0,8.0,0.0,8.0,13.0,91.0,4.0,43.0,26.004905700683594,222.7769775390625,14698.490234375,57167.94677734375,373.9378662109375,5923.781005859375,0.0,0.0,7.308972358703613,113.76410388946533,12,8423,19.0,142.25,11.0,2.0,0.0,1.0,9.0,12.0,43.74237060546875,5446.78515625,459.8506164550781,0.0,9.963014602661133,15,10180,254.0,8.0,0.0,1.0,1.0,2.0,5.0,10.0,32.638404846191406,10427.376953125,3385.951171875,0.0,17.66029167175293,13,9233,231.0,0.25,0.0,0.0,1.0,2.0,22.0,9.0,51.69578552246094,21748.404296875,1399.5927734375,0.0,66.71234893798828,11,5729,33.0,0.0,0.0,0.0,2.0,3.0,42.0,8.0,68.69551086425781,4846.89013671875,304.4485778808594,0.0,12.119476318359375,17,12451,255.0,779.0,10.0,195.7500457763672,0.0,25.499996662139893,4.0,8.0,0.0,4.0,2.0,12.0,11.0,81.0,5.0,50.0,42.262027740478516,225.69326400756836,16670.154296875,58923.6669921875,2967.82421875,19453.232666015625,0.0,0.0,14.740595817565918,86.96929931640625,14,9089,21.0,120.60004425048828,19.09999656677246,2.0,1.0,2.0,11.0,15.0,44.70611572265625,6829.12744140625,1429.3592529296875,0.0,17.688081741333008,16,12071,248.0,44.400001525878906,6.400000095367432,0.0,0.0,4.0,7.0,6.0,28.863548278808594,17245.673828125,2427.53076171875,0.0,14.58641242980957,14,11322,211.0,20.75,0.0,1.0,0.0,2.0,15.0,9.0,31.718467712402344,10879.255859375,11400.4580078125,0.0,5.48195743560791,12,7911,44.0,0.0,0.0,1.0,3.0,2.0,37.0,15.0,78.14310455322266,7299.45556640625,1228.0604248046875,0.0,34.472251892089844,4,8,8,42808,0,3,0,2,8,4,12,52844,2,1,1,10
104366947889790212,108166997301178190,PCS Summer 2022,pcs_summer_2022,2022-06-23,2022-09-10,ESPORTSTMNT03:2884218,108166997302554572,1,Regular Season,regular_season,Regular Season,2022-07-29,1371,12.13.454.106,200,3,200,107635420167535818,107700204561086446,SEM9,Deep Cross Gaming,200,S9 N0name,Zeri,S9 Arashi,MonkeyKing,S9 XieDoDo,Vayne,S9 Axin,Sion,S9 QaspieL,Yuumi,DCG Leaky,Gnar,DCG Hana,XinZhao,DCG Nestea,Sylas,DCG Cryscata,Jinx,DCG Woody,Nautilus,200,6,200,100,1,1,0,0,0,0,0,5,1605,35.0,96.0,0.0,28.39999771118164,0.0,0.0,0.0,0.0,0.0,0.0,0.0,0.0,1.0,8.0,0.0,0.0,0.0,4.177996873855591,670.8872680664062,1513.3453063964844,0.0,0.0,0.0,0.0,0.7024831771850586,2.3403655290603638,4,1627,0.0,28.39999771118164,0.0,0.0,0.0,0.0,3.0,0.0,2.105707883834839,0.0,0.0,0.0,0.0,5,1535,32.0,0.0,0.0,0.0,0.0,0.0,1.0,0.0,0.6158521175384521,335.47491455078125,0.0,0.0,0.0,3,1437,28.0,0.0,0.0,0.0,0.0,0.0,2.0,0.0,1.4564368724822998,89.31631469726562,0.0,0.0,1.3045196533203125,3,1099,1.0,0.0,0.0,0.0,0.0,0.0,1.0,0.0,0.0,417.66680908203125,0.0,0.0,0.3333626985549927,5,1668,40.0,119.0,0.0,35.99999809265137,0.0,0.0,0.0,0.0,0.0,0.0,0.0,0.0,2.0,8.0,0.0,1.0,1.4745157957077026,8.451666831970215,434.0909118652344,1627.0948791503906,139.28663635253906,139.28663635253906,0.0,0.0,1.4334659576416016,5.659895718097687,4,1665,1.0,31.999998092651367,0.0,0.0,0.0,0.0,2.0,1.0,4.064169883728027,0.0,0.0,0.0,0.0,5,1661,39.0,0.0,0.0,0.0,0.0,0.0,2.0,0.0,1.4375238418579102,0.0,0.0,0.0,0.0,4,1615,31.0,4.0,0.0,0.0,0.0,0.0,0.0,0.0,0.0,807.2963256835938,0.0,0.0,0.36573392152786255,3,1167,8.0,0.0,0.0,0.0,0.0,0.0,2.0,0.0,1.4754573106765747,385.7076416015625,0.0,0.0,3.8606958389282227,0,0,0,7303,0,0,0,0,0,0,0,7776,0,0,0,0,8,3024,75.0,231.0,0.0,59.749996185302734,0.0,0.0,0.0,0.0,1.0,1.0,0.0,0.0,3.0,19.0,0.0,2.0,3.079211950302124,20.279699563980103,1153.369384765625,3707.001953125,0.0,0.0,0.0,0.0,1.4184290170669556,8.78989326953888,7,3093,4.0,59.749996185302734,0.0,0.0,0.0,0.0,5.0,1.0,8.539338111877441,58.6947021484375,0.0,0.0,0.0,8,3225,85.0,0.0,0.0,0.0,0.0,0.0,4.0,1.0,3.161104917526245,869.5172729492188,0.0,0.0,0.0,6,2814,66.0,0.0,0.0,0.0,0.0,0.0,3.0,0.0,3.2952489852905273,657.7694702148438,0.0,0.0,6.350347518920898,5,1891,1.0,0.0,0.0,0.0,0.0,0.0,4.0,0.0,2.2047955989837646,967.651123046875,0.0,0.0,1.0211167335510254,8,3849,97.0,297.0,0.0,75.60001373291016,0.0,7.600000381469727,0.0,1.0,0.0,0.0,1.0,1.0,3.0,20.0,0.0,8.0,4.519197463989258,35.54346513748169,1804.928466796875,4289.560195922852,957.3364868164062,3834.2410278320312,0.0,0.0,6.226046085357666,14.721080362796783,7,3143,3.0,67.60001373291016,7.600000381469727,0.0,0.0,0.0,5.0,3.0,12.632270812988281,0.0,0.0,0.0,0.0,9,3714,96.0,4.0,0.0,0.0,0.0,0.0,3.0,0.0,3.8166909217834473,236.0786895751953,0.0,0.0,2.0276801586151123,7,4179,82.0,4.0,0.0,1.0,0.0,0.0,4.0,1.0,5.768068313598633,1728.752197265625,2876.904541015625,0.0,0.36573392152786255,5,2092,19.0,0.0,0.0,0.0,0.0,0.0,5.0,4.0,8.80723762512207,519.8008422851562,0.0,0.0,6.101620197296143,0,1,0,14047,0,0,0,0,1,0,1,16977,0,1,0,0,10,4854,117.0,364.0,0.0,80.1500015258789,0.0,0.0,0.0,1.0,1.0,2.0,1.0,1.0,6.0,31.0,1.0,11.0,11.069202423095703,52.66290330886841,2767.123779296875,9811.445739746094,0.0,0.0,0.0,0.0,2.5121099948883057,17.831701397895813,9,4991,10.0,80.1500015258789,0.0,1.0,0.0,0.0,7.0,5.0,18.902738571166992,939.9682006835938,0.0,0.0,1.20135498046875,10,4908,136.0,0.0,0.0,0.0,0.0,0.0,6.0,2.0,8.117605209350586,1504.33935546875,0.0,0.0,0.26824951171875,8,4129,99.0,0.0,0.0,0.0,1.0,0.0,4.0,2.0,7.445249080657959,2562.037841796875,0.0,0.0,12.300920486450195,7,2781,2.0,0.0,0.0,0.0,0.0,0.0,8.0,1.0,7.128108024597168,2037.9765625,0.0,0.0,1.549066424369812,11,6105,153.0,461.0,5.0,113.60002136230469,0.0,13.100000381469727,0.0,2.0,1.0,1.0,1.0,2.0,4.0,36.0,1.0,15.0,6.019197463989258,72.49936103820801,4394.0234375,12153.124389648438,2112.2607421875,6704.775390625,0.0,0.0,11.641035079956055,33.12605166435242,9,4531,4.0,99.60002136230469,13.100000381469727,0.0,0.0,0.0,8.0,4.0,23.269760131835938,1145.2757568359375,0.0,0.0,2.345499277114868,11,5635,151.0,4.0,0.0,0.0,0.0,0.0,6.0,0.0,5.38968563079834,990.806640625,0.0,0.0,3.846445083618164,9,7276,124.0,5.0,0.0,2.0,0.0,0.0,5.0,1.0,9.93021297454834,4497.5390625,4592.5146484375,0.0,2.607774257659912,7,3234,29.0,0.0,0.0,0.0,0.0,1.0,13.0,9.0,27.890504837036133,1125.4794921875,0.0,0.0,12.685297966003418,1,2,1,21663,0,0,0,0,2,1,2,26781,0,2,0,1,13,7472,177.0,539.0,7.0,95.1500015258789,0.0,0.0,0.0,4.0,4.0,17.0,3.0,11.0,9.0,52.0,2.0,28.0,17.485401153564453,124.02537536621094,7876.6962890625,29697.7841796875,0.0,0.0,0.0,0.0,4.829939365386963,49.737825870513916,11,7684,25.0,88.1500015258789,0.0,3.0,3.0,1.0,9.0,11.0,35.02250289916992,5951.76611328125,0.0,0.0,9.28416633605957,13,7806,203.0,0.0,0.0,0.0,3.0,2.0,8.0,8.0,25.987730026245117,4171.33984375,0.0,0.0,3.82965087890625,10,6078,130.0,0.0,0.0,1.0,5.0,2.0,5.0,6.0,17.85750389099121,8498.48046875,0.0,0.0,24.759384155273438,9,4288,4.0,0.0,0.0,0.0,2.0,3.0,21.0,1.0,27.672237396240234,3199.50146484375,0.0,0.0,7.034685134887695,15,11705,197.0,628.0,25.0,201.60002517700195,8.0,41.10000038146973,3.0,17.0,1.0,4.0,11.0,50.0,6.0,57.0,1.0,28.0,8.845129013061523,144.334566116333,12031.685546875,48160.935302734375,6734.19140625,21064.445587158203,0.0,0.0,21.337799072265625,103.04254913330078,13,8656,23.0,127.60002899169922,21.100000381469727,3.0,1.0,8.0,8.0,8.0,38.80458068847656,6537.18408203125,0.0,0.0,13.421294212341309,14,11981,211.0,19.999998092651367,4.0,6.0,0.0,7.0,10.0,3.0,23.886075973510742,10744.08203125,2846.143798828125,0.0,20.484407424926758,13,12238,162.0,28.999998092651367,8.0,5.0,1.0,8.0,7.0,6.0,21.381772994995117,14884.8037109375,11212.2998046875,0.0,12.609633445739746,11,6252,35.0,0.0,0.0,0.0,1.0,16.0,26.0,10.0,51.41700744628906,3963.179931640625,271.8105773925781,0.0,35.189414978027344,4,17,11,33328,0,0,0,0,17,4,50,50832,1,3,1,9
104366947889790212,108166997301178190,PCS Summer 2022,pcs_summer_2022,2022-06-23,2022-09-10,ESPORTSTMNT03:2884198,108166997302554578,1,Regular Season,regular_season,Regular Season,2022-07-29,1936,12.13.454.106,100,1,100,106269859169658575,108517492697602721,Impunity Esports,Dewish Team,100,IMP Jackpot,Gwen,IMP Alex,MonkeyKing,IMP Husky,Galio,IMP Lz,Sivir,IMP Yusin,Yuumi,DWT Lacunae,Kled,DWT WSL,Qiyana,DWT xiaotu,Azir,DWT BangTwo,Zeri,DWT EnHoa,Alistar,200,5,100,100,1,1,0,0,0,0,0,5,1633,37.0,107.0,0.0,31.999998092651367,0.0,0.0,0.0,0.0,0.0,0.0,0.0,0.0,1.0,7.0,0.0,0.0,0.0,7.474621295928955,1226.934326171875,2919.281967163086,0.0,0.0,0.0,0.0,0.0,0.8688288927078247,4,1642,0.0,31.999998092651367,0.0,0.0,0.0,0.0,2.0,0.0,2.961500883102417,175.53143310546875,0.0,0.0,0.0,5,1689,41.0,0.0,0.0,0.0,0.0,0.0,2.0,0.0,1.4824143648147583,89.65519714355469,0.0,0.0,0.0,4,1480,29.0,0.0,0.0,0.0,0.0,0.0,1.0,0.0,1.5016014575958252,832.8385009765625,0.0,0.0,0.0,4,1085,0.0,0.0,0.0,0.0,0.0,0.0,1.0,0.0,1.5291045904159546,594.322509765625,0.0,0.0,0.8688288927078247,4,1272,19.0,98.0,0.0,23.999998092651367,0.0,0.0,0.0,0.0,0.0,0.0,0.0,0.0,1.0,7.0,0.0,0.0,1.5393548011779785,5.3237550258636475,500.0812683105469,1417.1548614501953,0.0,0.0,0.0,0.0,0.4422159492969513,1.445735976099968,4,1519,0.0,23.999998092651367,0.0,0.0,0.0,0.0,2.0,0.0,1.5034652948379517,214.20970153808594,0.0,0.0,0.7928639650344849,5,1696,41.0,0.0,0.0,0.0,0.0,0.0,1.0,0.0,0.7333333492279053,702.8638916015625,0.0,0.0,0.2106560617685318,3,1549,33.0,0.0,0.0,0.0,0.0,0.0,1.0,0.0,1.547601580619812,0.0,0.0,0.0,0.0,3,1111,5.0,0.0,0.0,0.0,0.0,0.0,2.0,0.0,0.0,0.0,0.0,0.0,0.0,0,0,0,7529,0,0,0,0,0,0,0,7147,0,0,0,0,8,3258,77.0,269.0,0.0,70.80001068115234,0.0,2.8000001907348633,0.0,1.0,0.0,0.0,1.0,3.0,3.0,19.0,0.0,4.0,3.139766216278076,31.007869720458984,4611.6494140625,9855.025909423828,451.46087646484375,451.46087646484375,0.0,0.0,0.9349556565284729,10.893276274204254,7,3320,2.0,70.80001068115234,2.8000001907348633,0.0,0.0,1.0,3.0,2.0,10.3695707321167,467.0168762207031,0.0,0.0,0.60797119140625,8,3488,98.0,0.0,0.0,0.0,0.0,1.0,5.0,2.0,7.653939247131348,971.4794921875,0.0,0.0,1.476409912109375,7,3398,92.0,0.0,0.0,0.0,0.0,0.0,4.0,0.0,4.74509859085083,1390.0244140625,0.0,0.0,0.0,6,2357,0.0,0.0,0.0,1.0,0.0,0.0,4.0,0.0,5.099494934082031,2414.855712890625,0.0,0.0,7.873939514160156,7,2614,56.0,263.0,0.0,56.950008392333984,0.0,0.0,0.0,0.0,0.0,1.0,0.0,0.0,4.0,24.0,0.0,4.0,4.307249069213867,29.35100269317627,1259.5787353515625,4663.6048583984375,0.0,0.0,0.0,0.0,1.576589822769165,8.099263429641724,6,2913,2.0,56.950008392333984,0.0,0.0,0.0,0.0,5.0,2.0,7.5332441329956055,326.5149230957031,0.0,0.0,1.2474712133407593,8,3390,97.0,0.0,0.0,0.0,0.0,0.0,4.0,1.0,5.372673034667969,2433.898681640625,0.0,0.0,2.9785308837890625,7,3400,96.0,0.0,0.0,0.0,0.0,0.0,4.0,1.0,4.805622100830078,323.2532653808594,0.0,0.0,0.6727285385131836,5,2033,12.0,0.0,0.0,0.0,1.0,0.0,7.0,0.0,7.33221435546875,320.3592529296875,0.0,0.0,1.6239429712295532,1,0,3,15821,0,0,0,0,0,1,0,14350,0,1,0,0,10,5795,125.0,422.0,2.0,96.80001831054688,1.5,4.300000190734863,0.0,1.0,1.0,3.0,1.0,3.0,4.0,34.0,0.0,16.0,6.4078264236450195,67.83530616760254,7102.26318359375,16559.247436523438,1354.9561767578125,1539.457275390625,0.0,0.0,1.458791732788086,19.102864265441895,9,4904,6.0,94.80001831054688,2.8000001907348633,0.0,0.0,1.0,4.0,6.0,17.619571685791016,2252.95458984375,184.5010986328125,0.0,3.6059436798095703,11,5230,150.0,0.0,0.0,0.0,0.0,1.0,11.0,5.0,19.82747459411621,1674.5052490234375,0.0,0.0,3.628997802734375,9,5328,140.0,0.0,0.0,0.0,1.0,0.0,6.0,4.0,13.124808311462402,2066.802734375,0.0,0.0,0.0,7,3368,1.0,0.0,0.0,1.0,1.0,0.0,9.0,1.0,10.85562515258789,3462.7216796875,0.0,0.0,10.409131050109863,10,4147,101.0,418.0,0.0,92.70002746582031,0.0,5.5,0.0,3.0,0.0,1.0,0.0,5.0,6.0,44.0,1.0,11.0,5.851317882537842,66.58924055099487,2572.64208984375,11021.319213867188,0.0,4429.583435058594,0.0,0.0,2.7784905433654785,18.151661038398743,9,5902,7.0,92.70002746582031,5.5,3.0,0.0,0.0,10.0,6.0,20.3355655670166,2805.427490234375,485.41192626953125,0.0,3.8535008430480957,11,5486,147.0,0.0,0.0,0.0,0.0,1.0,6.0,1.0,10.231005668640137,3233.996337890625,1227.0645751953125,0.0,3.6241517066955566,10,6122,146.0,0.0,0.0,0.0,0.0,2.0,6.0,1.0,8.516737937927246,1352.3414306640625,2717.10693359375,0.0,1.0221654176712036,7,3143,17.0,0.0,0.0,0.0,1.0,2.0,16.0,2.0,21.654613494873047,1056.911865234375,0.0,0.0,6.873352527618408,1,3,3,24625,0,0,0,1,3,1,5,24800,0,1,0,1,17,14062,268.0,918.0,22.0,218.79998016357422,5.5,18.299999237060547,3.0,10.0,1.0,4.0,4.0,27.0,6.0,96.0,8.0,66.0,24.589797973632812,232.8714599609375,17686.40625,62048.48095703125,12067.2197265625,21671.768798828125,0.0,0.0,3.7254254817962646,42.1690890789032,15,11480,32.0,159.79998779296875,8.799999237060547,3.0,0.0,5.0,11.0,28.0,58.81023025512695,9941.5341796875,1785.8642578125,0.0,9.979120254516602,17,11787,273.0,4.0,0.0,2.0,0.0,3.0,21.0,9.0,48.63610076904297,6572.90771484375,2131.177978515625,0.0,10.514366149902344,16,14999,343.0,32.99999237060547,4.0,1.0,2.0,7.0,16.0,20.0,49.031494140625,18832.736328125,5687.5068359375,0.0,1.2128820419311523,13,7659,2.0,0.0,0.0,1.0,1.0,8.0,42.0,1.0,51.803836822509766,9014.896484375,0.0,0.0,16.737295150756836,15,9233,220.0,906.0,8.0,208.6999797821045,0.0,17.5,0.0,4.0,3.0,10.0,0.0,7.0,16.0,127.0,5.0,51.0,31.068613052368164,260.7523937225342,5773.36865234375,37828.411865234375,0.0,7674.324523925781,0.0,0.0,5.899948596954346,48.62715482711792,14,11102,40.0,166.69998168945312,17.5,3.0,1.0,0.0,31.0,22.0,80.92767333984375,6918.97509765625,485.41192626953125,0.0,11.828327178955078,17,12831,300.0,13.5,0.0,1.0,3.0,1.0,13.0,6.0,34.30534744262695,13980.96875,4083.33203125,0.0,9.342551231384277,16,13490,316.0,20.499998092651367,0.0,0.0,0.0,3.0,11.0,10.0,34.08900451660156,9056.4736328125,3105.58056640625,0.0,7.718700408935547,12,6385,30.0,0.0,0.0,0.0,3.0,3.0,56.0,8.0,80.36175537109375,2098.625732421875,0.0,0.0,13.837627410888672,10,4,27,59987,2,3,1,9,4,10,7,53041,0,1,0,3
104366947889790212,108166997301178190,PCS Summer 2022,pcs_summer_2022,2022-06-23,2022-09-10,ESPORTSTMNT03:2884238,108166997302554614,1,Regular Season,regular_season,Regular Season,2022-07-29,1933,12.13.454.106,200,3,200,106269804045322803,104367068120825486,Beyond Gaming,PSG Talon,200,BYG Likai,Gnar,BYG Husha,Trundle,BYG Minji,Akali,BYG Wako,Zeri,BYG Kino,Yuumi,PSG Hanabi,Sejuani,PSG Burry,LeeSin,PSG Gori,Sylas,PSG Unified,Sivir,PSG Kaiwing,Nautilus,200,2,200,200,1,1,1,200,3,0,0,5,1577,34.0,97.0,0.0,28.0,0.0,0.0,0.0,0.0,0.0,2.0,0.0,0.0,1.0,6.0,0.0,0.0,0.0,6.013279974460602,543.6597290039062,2686.969108581543,0.0,0.0,0.0,0.0,0.73174649477005,3.460769236087799,4,1570,0.0,28.0,0.0,0.0,0.0,0.0,1.0,0.0,2.0024399757385254,97.37706756591797,0.0,0.0,1.65889573097229,5,1381,23.0,0.0,0.0,0.0,1.0,0.0,1.0,0.0,1.5143481492996216,1651.341796875,0.0,0.0,0.5822005867958069,3,1563,34.0,0.0,0.0,0.0,1.0,0.0,2.0,0.0,0.3607017397880554,242.72409057617188,0.0,0.0,0.0,3,1132,6.0,0.0,0.0,0.0,0.0,0.0,1.0,0.0,2.1357901096343994,151.86642456054688,0.0,0.0,0.4879264235496521,4,1521,30.0,109.0,0.0,27.999996185302734,0.0,4.0,0.0,2.0,0.0,0.0,0.0,4.0,1.0,5.0,0.0,1.0,1.5462989807128906,6.38139146566391,499.9685363769531,3824.0729064941406,0.0,0.0,0.0,0.0,1.7643638849258423,8.57845413684845,4,2249,0.0,27.999996185302734,4.0,2.0,0.0,0.0,1.0,0.0,0.6666666865348816,551.1401977539062,0.0,0.0,0.6277964115142822,5,1802,36.0,0.0,0.0,0.0,0.0,2.0,1.0,0.0,0.0,1824.7999267578125,0.0,0.0,3.7345151901245117,4,1677,37.0,0.0,0.0,0.0,0.0,1.0,2.0,0.0,1.5017592906951904,759.6819458007812,0.0,0.0,0.0,3,1154,6.0,0.0,0.0,0.0,0.0,1.0,0.0,1.0,2.6666665077209473,188.4822998046875,0.0,0.0,2.4517786502838135,0,2,0,7223,0,0,0,0,2,0,4,8403,0,0,0,0,8,3403,84.0,253.0,0.0,58.00000762939453,0.0,0.0,0.0,2.0,0.0,3.0,1.0,3.0,3.0,17.0,0.0,2.0,3.2147276401519775,18.541115045547485,3016.930419921875,12374.868530273438,62.592830657958984,62.592830657958984,0.0,0.0,5.232540130615234,14.38792335987091,7,3365,2.0,58.00000762939453,0.0,1.0,0.0,1.0,3.0,1.0,7.510746002197266,1853.9766845703125,0.0,0.0,5.151917934417725,8,3130,61.0,0.0,0.0,1.0,2.0,0.0,4.0,0.0,1.8476815223693848,4548.7744140625,0.0,0.0,1.408324956893921,7,3285,92.0,0.0,0.0,0.0,1.0,0.0,3.0,1.0,2.424656391143799,2129.118896484375,0.0,0.0,0.9875752925872803,6,2096,14.0,0.0,0.0,0.0,0.0,1.0,4.0,0.0,3.5433034896850586,826.068115234375,0.0,0.0,1.6075650453567505,8,3164,85.0,265.0,0.0,66.00000309944153,0.0,6.000000238418579,0.0,3.0,1.0,2.0,0.0,4.0,4.0,17.0,0.0,4.0,3.0948050022125244,26.220668077468872,1971.245849609375,10633.639465332031,0.0,0.0,0.0,0.0,4.775358200073242,19.658869743347168,7,3701,2.0,64.80000305175781,4.800000190734863,2.0,0.0,0.0,3.0,1.0,6.3509039878845215,1898.80517578125,0.0,0.0,3.4963607788085938,8,3523,77.0,1.2000000476837158,1.2000000476837158,1.0,1.0,2.0,3.0,0.0,4.285888195037842,4470.46240234375,0.0,0.0,6.523135185241699,7,3258,84.0,0.0,0.0,0.0,0.0,1.0,5.0,0.0,6.289071083068848,1574.10693359375,0.0,0.0,0.0,6,2124,17.0,0.0,0.0,0.0,0.0,1.0,2.0,3.0,6.199999809265137,719.0191040039062,0.0,0.0,4.864015579223633,2,3,3,15279,0,0,0,0,3,2,4,15770,0,1,0,0,11,5499,143.0,424.0,0.0,78.00001525878906,0.0,0.0,0.0,2.0,0.0,6.0,1.0,3.0,6.0,34.0,1.0,8.0,9.62267017364502,57.10168790817261,5662.3701171875,21514.2099609375,468.14068603515625,468.14068603515625,0.0,0.0,7.685755252838135,26.905511140823364,8,4481,6.0,78.00001525878906,0.0,1.0,1.0,1.0,5.0,2.0,16.544527053833008,2407.67041015625,0.0,0.0,7.127792835235596,10,4739,108.0,0.0,0.0,1.0,3.0,0.0,6.0,0.0,7.273313999176025,8274.5869140625,0.0,0.0,2.1943323612213135,9,4969,148.0,0.0,0.0,0.0,1.0,0.0,5.0,5.0,10.913102149963379,3334.10498046875,0.0,0.0,1.3315916061401367,7,2995,19.0,0.0,0.0,0.0,1.0,1.0,12.0,0.0,12.748074531555176,1835.4775390625,0.0,0.0,8.566039085388184,11,5074,139.0,434.0,0.0,94.00001835823059,0.0,6.000000238418579,0.0,6.0,1.0,2.0,2.0,12.0,7.0,34.0,1.0,13.0,15.387184143066406,70.48436117172241,4044.1630859375,20202.830932617188,0.0,1165.3560791015625,0.0,0.0,9.113454818725586,33.713767528533936,9,5639,5.0,92.80001831054688,4.800000190734863,2.0,0.0,3.0,5.0,3.0,13.145950317382812,3699.574462890625,0.0,0.0,5.18534517288208,11,5982,125.0,1.2000000476837158,1.2000000476837158,4.0,1.0,2.0,4.0,0.0,5.219221591949463,8883.9697265625,0.0,0.0,9.725845336914062,9,5473,138.0,0.0,0.0,0.0,0.0,1.0,7.0,2.0,13.243884086608887,2192.81787109375,1165.3560791015625,0.0,0.0,8,3458,27.0,0.0,0.0,0.0,0.0,4.0,11.0,7.0,23.488121032714844,1382.3057861328125,0.0,0.0,9.689122200012207,2,6,3,22683,0,1,0,0,6,2,12,25626,0,1,0,0,16,11991,271.0,848.0,8.0,140.80001831054688,0.0,0.0,0.0,4.0,3.0,20.0,2.0,8.0,16.0,92.0,5.0,40.0,32.54370880126953,211.8428077697754,10650.4853515625,55591.0107421875,2461.084716796875,2461.084716796875,0.0,0.0,25.002622604370117,63.194387912750244,14,8861,26.0,128.80001831054688,0.0,2.0,5.0,2.0,11.0,10.0,44.704097747802734,6469.0224609375,0.0,0.0,12.578054428100586,15,9816,212.0,0.0,0.0,2.0,6.0,1.0,12.0,5.0,29.04998779296875,14916.1318359375,0.0,0.0,2.5982275009155273,14,11725,311.0,4.0,0.0,0.0,3.0,1.0,9.0,17.0,38.24971008300781,18379.353515625,0.0,0.0,7.083414554595947,12,6056,28.0,0.0,0.0,0.0,3.0,2.0,44.0,3.0,67.29530334472656,5176.017578125,0.0,0.0,15.932068824768066,17,11117,219.0,843.0,8.0,241.2000217437744,4.0,47.700002670288086,0.0,20.0,3.0,4.0,12.0,57.0,13.0,103.0,6.0,47.0,38.520626068115234,244.67662239074707,10302.5791015625,83902.7958984375,1759.999267578125,20442.60708618164,0.0,0.0,19.49021339416504,89.10891938209534,15,12472,28.0,149.6000213623047,13.600000381469727,6.0,0.0,9.0,16.0,8.0,42.2377815246582,11190.0546875,2563.443115234375,0.0,13.22446346282959,17,14241,241.0,31.19999885559082,13.700000762939453,6.0,1.0,11.0,8.0,2.0,15.300905227661133,27957.05859375,2932.21142578125,0.0,26.721412658691406,17,17974,322.0,52.400001525878906,16.400001525878906,7.0,0.0,8.0,12.0,19.0,66.03781127929688,30844.53515625,12971.9755859375,0.0,2.7756569385528564,14,8862,33.0,0.0,0.0,1.0,0.0,17.0,54.0,12.0,82.57949829101562,3608.568359375,214.97769165039062,0.0,26.897172927856445,4,20,8,48449,0,1,0,1,20,4,57,64666,4,4,2,10
104366947889790212,108166997301178190,PCS Summer 2022,pcs_summer_2022,2022-06-23,2022-09-10,ESPORTSTMNT03:2894716,108166997302489008,1,Regular Season,regular_season,Regular Season,2022-07-30,1541,12.13.454.106,100,2,100,107700199633958891,108517492697602721,CTBC Flying Oyster,Dewish Team,100,CFO Rest,Irelia,CFO Gemini,LeeSin,CFO Mission,Azir,CFO Shunn,Zeri,CFO Koala,Alistar,DWT Lacunae,Gnar,DWT WSL,XinZhao,DWT xiaotu,Viktor,DWT BangTwo,Sivir,DWT EnHoa,Gragas,200,6,100,100,2,0,0,0,0,0,0,5,1556,34.0,117.0,0.0,31.999998092651367,0.0,4.0,0.0,0.0,0.0,0.0,0.0,0.0,2.0,6.0,0.0,1.0,1.4614379405975342,7.2001633644104,468.58990478515625,3301.370086669922,0.0,0.0,0.0,0.0,0.0,1.8018532693386078,4,1665,0.0,31.999998092651367,4.0,0.0,0.0,0.0,1.0,0.0,1.750572919845581,348.1365661621094,0.0,0.0,0.0,5,1665,35.0,0.0,0.0,0.0,0.0,0.0,1.0,0.0,0.0,1581.521728515625,0.0,0.0,1.4817733764648438,4,1713,42.0,0.0,0.0,0.0,0.0,0.0,2.0,1.0,2.9548192024230957,903.1218872070312,0.0,0.0,0.32007989287376404,3,1132,6.0,0.0,0.0,0.0,0.0,0.0,0.0,0.0,1.0333333015441895,0.0,0.0,0.0,0.0,5,1633,36.0,105.0,0.0,27.999998092651367,0.0,0.0,0.0,0.0,0.0,0.0,0.0,0.0,2.0,7.0,0.0,0.0,0.0,3.4693692326545715,1160.20263671875,2791.1981811523438,0.0,0.0,0.0,0.0,3.069547653198242,5.245258033275604,4,1550,0.0,27.999998092651367,0.0,0.0,0.0,0.0,2.0,0.0,1.3828659057617188,428.3299560546875,0.0,0.0,1.471203327178955,5,1535,32.0,0.0,0.0,0.0,0.0,0.0,1.0,0.0,0.0,791.17724609375,0.0,0.0,0.0,3,1527,31.0,0.0,0.0,0.0,0.0,0.0,1.0,0.0,1.5531699657440186,293.3828125,0.0,0.0,0.0,3,1132,6.0,0.0,0.0,0.0,0.0,0.0,1.0,0.0,0.5333333611488342,118.10552978515625,0.0,0.0,0.704507052898407,0,0,0,7731,0,0,0,0,0,0,0,7377,0,0,0,0,8,3369,83.0,281.0,4.0,62.0,0.0,8.0,0.0,3.0,0.0,0.0,1.0,4.0,3.0,17.0,0.0,5.0,2.9531102180480957,27.863826751708984,1315.8099365234375,10236.18814086914,0.0,1276.719482421875,0.0,0.0,0.9233910441398621,11.913228452205658,7,3932,1.0,56.0,8.0,3.0,0.0,0.0,3.0,1.0,5.08147668838501,2851.891845703125,0.0,0.0,3.669027328491211,8,3761,87.0,0.0,0.0,0.0,0.0,2.0,5.0,1.0,6.6083831787109375,3803.194580078125,542.750244140625,0.0,4.136013507843018,7,3639,96.0,2.0,0.0,0.0,0.0,0.0,4.0,1.0,6.444848537445068,2121.879638671875,733.96923828125,0.0,1.3671696186065674,5,2193,14.0,0.0,0.0,0.0,0.0,1.0,2.0,2.0,6.776008129119873,143.41213989257812,0.0,0.0,1.817626953125,8,3055,77.0,254.0,0.0,56.00001525878906,0.0,4.0,0.0,0.0,1.0,3.0,0.0,0.0,4.0,20.0,0.0,3.0,5.317541122436523,28.231223106384277,3370.31640625,8144.587554931641,0.0,241.51486206054688,0.0,0.0,8.23382568359375,14.37614369392395,6,2822,2.0,56.00001525878906,4.0,0.0,1.0,0.0,4.0,1.0,9.820637702941895,1374.893798828125,0.0,0.0,3.9893956184387207,8,2889,68.0,0.0,0.0,0.0,1.0,0.0,4.0,1.0,4.000168323516846,2211.2412109375,0.0,0.0,0.7319223880767822,6,3326,90.0,0.0,0.0,0.0,0.0,0.0,4.0,0.0,4.754263401031494,949.796630859375,241.51486206054688,0.0,0.0,6,2149,17.0,0.0,0.0,0.0,0.0,0.0,4.0,1.0,4.3386125564575195,238.33950805664062,0.0,0.0,1.4210000038146973,3,0,4,16894,0,0,0,0,0,3,0,14241,0,1,0,0,11,5977,126.0,444.0,12.0,102.40000915527344,0.0,12.399999618530273,1.0,6.0,2.0,4.0,1.0,4.0,4.0,31.0,1.0,12.0,7.692477226257324,66.38341236114502,4725.2041015625,19556.67333984375,1427.2523193359375,6509.4154052734375,0.0,0.0,3.4596242904663086,22.26577925682068,9,5787,2.0,88.40000915527344,12.399999618530273,4.0,1.0,0.0,6.0,2.0,14.31229019165039,4599.642578125,0.0,0.0,6.831490993499756,11,6925,143.0,0.0,0.0,1.0,1.0,2.0,6.0,2.0,12.775067329406738,7445.0263671875,1487.963134765625,0.0,6.833080291748047,9,6327,152.0,2.0,0.0,0.0,0.0,0.0,7.0,3.0,11.522225379943848,2370.99169921875,3594.199951171875,0.0,1.3671696186065674,7,3411,21.0,0.0,0.0,0.0,0.0,1.0,8.0,4.0,20.08135223388672,415.80859375,0.0,0.0,3.7744140625,10,5197,113.0,388.0,0.0,81.0000228881836,0.0,4.0,0.0,4.0,2.0,6.0,2.0,4.0,6.0,33.0,0.0,9.0,9.043171882629395,58.246610164642334,6516.130859375,19352.351318359375,2425.5703125,4089.389678955078,0.0,0.0,10.679410934448242,26.492060899734497,9,4634,7.0,77.0000228881836,4.0,1.0,2.0,1.0,4.0,1.0,10.320637702941895,3212.846435546875,1086.267822265625,0.0,7.151155471801758,11,5189,106.0,0.0,0.0,2.0,2.0,0.0,4.0,2.0,7.177201747894287,5499.85986328125,336.03668212890625,0.0,2.1351211071014404,9,6157,140.0,4.0,0.0,1.0,0.0,0.0,6.0,3.0,13.058338165283203,3050.720947265625,241.51486206054688,0.0,0.0,8,3321,22.0,0.0,0.0,0.0,0.0,1.0,13.0,3.0,18.647260665893555,1072.793212890625,0.0,0.0,6.526373386383057,6,4,4,28427,0,1,0,2,4,6,4,24498,0,1,0,1,16,11820,237.0,772.0,23.999998092651367,193.99999618530273,1.5,29.499998092651367,2.0,15.0,2.0,8.0,7.0,32.0,6.0,69.0,3.0,37.0,18.256540298461914,173.93224906921387,9643.205078125,57057.53161621094,4098.80029296875,23397.887954711914,0.0,0.0,5.553012371063232,43.587570905685425,13,9905,12.0,136.0,15.999998092651367,5.0,2.0,7.0,13.0,9.0,33.30169677734375,9364.109375,2059.750244140625,0.0,9.636911392211914,16,14051,243.0,12.0,0.0,7.0,2.0,5.0,6.0,7.0,30.10809326171875,26045.7578125,5082.2080078125,0.0,13.474571228027344,14,12501,251.0,21.999998092651367,12.0,1.0,0.0,5.0,12.0,10.0,36.08952713012695,9968.8212890625,11976.1181640625,0.0,3.0090134143829346,11,6602,29.0,0.0,0.0,0.0,2.0,8.0,32.0,8.0,56.1763916015625,2035.6380615234375,181.01124572753906,0.0,11.9140625,14,9007,192.0,677.0,9.5,133.5000286102295,0.0,4.0,1.0,8.0,4.0,15.0,3.0,13.0,11.0,80.0,0.0,30.0,18.53044891357422,164.27785301208496,10707.73828125,46422.630126953125,2425.5703125,4089.389678955078,0.0,0.0,16.126161575317383,47.49441719055176,12,8059,23.0,104.00003051757812,4.0,2.0,5.0,3.0,9.0,8.0,32.559600830078125,4937.4072265625,1086.267822265625,0.0,10.338369369506836,15,9480,192.0,8.0,0.0,4.0,4.0,2.0,9.0,6.0,20.18776512145996,14377.7939453125,336.03668212890625,0.0,6.615553855895996,13,10104,238.0,11.999998092651367,0.0,1.0,1.0,4.0,14.0,7.0,31.239723205566406,13549.8037109375,241.51486206054688,0.0,0.0,11,5263,32.0,0.0,0.0,0.0,1.0,1.0,37.0,9.0,61.76031494140625,2849.886962890625,0.0,0.0,14.414332389831543,15,8,32,54879,2,3,1,10,8,15,13,41913,0,1,0,1
104366947889790212,108166997301178190,PCS Summer 2022,pcs_summer_2022,2022-06-23,2022-09-10,ESPORTSTMNT03:2894780,108166997302554568,1,Regular Season,regular_season,Regular Season,2022-07-30,1713,12.13.454.106,100,3,100,107700204561086446,107700211633200412,Deep Cross Gaming,Meta Falcon Team,100,DCG Leaky,Gwen,DCG Hana,XinZhao,DCG Nestea,Taliyah,DCG Cryscata,Zeri,DCG Woody,Yuumi,MFT Taco,Mordekaiser,MFT 665,MonkeyKing,MFT Hong2,Seraphine,MFT Whale,Sivir,MFT 1SSUE,Nautilus,100,3,100,200,0,2,1,100,6,0,0,5,1465,30.0,105.0,0.0,29.499998092651367,0.0,0.0,0.0,0.0,0.0,0.0,0.0,0.0,1.0,7.0,0.0,0.0,0.4110366702079773,6.303792417049408,401.3115234375,1529.7597045898438,0.0,0.0,0.0,0.0,0.0,2.6861053109169006,4,1604,0.0,29.499998092651367,0.0,0.0,0.0,0.0,2.0,0.0,2.5872411727905273,0.0,0.0,0.0,0.0,5,1654,39.0,0.0,0.0,0.0,0.0,0.0,2.0,0.0,1.7737969160079956,281.0528869628906,0.0,0.0,1.7880016565322876,4,1553,36.0,0.0,0.0,0.0,0.0,0.0,1.0,0.0,0.0,406.8641357421875,0.0,0.0,0.0,4,1125,0.0,0.0,0.0,0.0,0.0,0.0,1.0,0.0,1.5317176580429077,440.5311584472656,0.0,0.0,0.898103654384613,5,1482,31.0,109.0,0.0,28.0,0.0,0.0,0.0,0.0,0.0,0.0,0.0,0.0,2.0,9.0,0.0,1.0,0.0,8.121073484420776,861.8218383789062,1657.14013671875,0.0,0.0,0.0,0.0,0.267608642578125,2.969121217727661,4,1575,1.0,28.0,0.0,0.0,0.0,0.0,1.0,1.0,4.708453178405762,0.0,0.0,0.0,0.0,5,1696,41.0,0.0,0.0,0.0,0.0,0.0,2.0,0.0,1.8791872262954712,371.5526123046875,0.0,0.0,0.21901988983154297,3,1481,30.0,0.0,0.0,0.0,0.0,0.0,2.0,0.0,0.0,351.1280822753906,0.0,0.0,0.0,4,1090,6.0,0.0,0.0,0.0,0.0,0.0,2.0,0.0,1.5334330797195435,72.63760375976562,0.0,0.0,2.482492685317993,0,0,0,7401,0,0,0,0,0,0,0,7324,0,0,0,0,8,3082,79.0,260.0,0.0,71.60001373291016,0.0,8.0,0.0,0.0,0.0,0.0,0.0,0.0,3.0,17.0,0.0,6.0,1.923692226409912,29.143954277038574,723.92578125,2838.21044921875,85.80001068115234,970.0606918334961,0.0,0.0,0.27834686636924744,6.679370254278183,7,3246,2.0,71.60001373291016,8.0,0.0,0.0,0.0,4.0,2.0,8.904640197753906,0.0,0.0,0.0,0.0,8,3311,91.0,0.0,0.0,0.0,0.0,0.0,4.0,2.0,10.004608154296875,766.9523315429688,0.0,0.0,4.447866439819336,6,3424,87.0,0.0,0.0,0.0,0.0,0.0,2.0,1.0,3.702056884765625,406.8641357421875,884.2606811523438,0.0,0.0,6,1947,1.0,0.0,0.0,0.0,0.0,0.0,4.0,1.0,4.608956813812256,940.4682006835938,0.0,0.0,1.9531569480895996,8,3190,85.0,282.0,0.0,70.400007635355,0.0,8.400000005960464,0.0,0.0,0.0,0.0,0.0,0.0,3.0,18.0,0.0,7.0,3.063666820526123,33.96414613723755,915.7959594726562,2475.835235595703,0.0,0.0,0.0,0.0,0.267608642578125,2.969121217727661,7,3244,3.0,70.00000762939453,8.0,0.0,0.0,0.0,3.0,3.0,13.280946731567383,0.0,0.0,0.0,0.0,9,3481,101.0,0.4000000059604645,0.4000000059604645,0.0,0.0,0.0,3.0,1.0,4.450382232666016,499.97442626953125,0.0,0.0,0.21901988983154297,6,3150,79.0,0.0,0.0,0.0,0.0,0.0,4.0,0.0,6.153146266937256,987.42724609375,0.0,0.0,0.0,6,2067,14.0,0.0,0.0,0.0,0.0,0.0,5.0,3.0,7.0160040855407715,72.63760375976562,0.0,0.0,2.482492685317993,0,0,0,15010,0,1,0,0,0,0,0,15132,0,0,0,0,11,4991,127.0,420.0,12.0,111.60002136230469,0.0,12.0,0.0,4.0,0.0,0.0,1.0,13.0,4.0,30.0,0.0,9.0,5.4861860275268555,52.393983364105225,1918.1846923828125,12315.374633789062,85.80001068115234,3992.014335632324,0.0,0.0,1.061487078666687,22.99760502576828,9,5507,8.0,99.60002136230469,12.0,2.0,0.0,2.0,6.0,4.0,15.944787979125977,2315.887451171875,0.0,0.0,4.060553550720215,11,5724,146.0,0.0,0.0,1.0,0.0,3.0,6.0,3.0,14.145220756530762,3631.7001953125,0.0,0.0,12.311466217041016,9,6444,138.0,0.0,0.0,1.0,0.0,3.0,5.0,1.0,6.965912342071533,2299.990234375,3777.14599609375,0.0,0.33605271577835083,7,3089,1.0,0.0,0.0,0.0,0.0,4.0,9.0,1.0,9.851876258850098,2149.612060546875,129.06832885742188,0.0,5.228045463562012,11,5558,143.0,439.0,8.0,100.00001373887062,0.0,8.400000005960464,0.0,0.0,0.0,4.0,0.0,0.0,6.0,35.0,0.0,11.0,6.555859565734863,67.45527935028076,1689.34765625,7492.171531677246,668.0816650390625,872.1729125976562,0.0,0.0,0.574676513671875,13.275449275970459,9,4585,5.0,91.60001373291016,8.0,0.0,1.0,0.0,4.0,5.0,17.405946731567383,76.0278549194336,0.0,0.0,0.60430908203125,11,5355,151.0,0.4000000059604645,0.4000000059604645,0.0,1.0,0.0,5.0,1.0,6.233049392700195,2316.9443359375,0.0,0.0,3.484449863433838,8,5241,120.0,0.0,0.0,0.0,1.0,0.0,8.0,0.0,11.349428176879883,2747.52099609375,204.09124755859375,0.0,0.0,7,3010,20.0,0.0,0.0,0.0,1.0,0.0,12.0,5.0,25.910995483398438,662.3306884765625,0.0,0.0,8.612013816833496,4,0,13,25755,0,2,0,1,0,4,0,23749,0,0,0,0,16,11962,233.0,826.0,37.5,240.85000228881836,4.0,43.999996185302734,2.0,17.0,4.0,4.0,5.0,38.0,10.0,82.0,2.0,41.0,18.958833694458008,197.5219326019287,13520.4033203125,54544.54638671875,3815.519775390625,25545.97119140625,0.0,0.0,7.601020336151123,68.31054162979126,15,11447,39.0,139.60000610351562,27.999996185302734,6.0,0.0,6.0,11.0,16.0,50.163150787353516,9064.013671875,3121.622314453125,0.0,14.159825325012207,17,12855,262.0,31.75,4.0,3.0,0.0,7.0,12.0,5.0,34.624717712402344,12295.2626953125,3740.7265625,0.0,24.993772506713867,16,15228,284.0,31.999996185302734,8.0,5.0,0.0,6.0,12.0,11.0,37.90523910522461,12073.16015625,14144.2421875,0.0,8.670257568359375,13,7589,8.0,0.0,0.0,1.0,0.0,14.0,37.0,7.0,55.869991302490234,7591.70654296875,723.8603515625,0.0,12.885665893554688,16,11504,246.0,829.0,12.0,146.50002145767212,0.0,12.400000005960464,3.0,4.0,4.0,17.0,0.0,5.0,8.0,77.0,0.0,38.0,19.319183349609375,200.28473472595215,12356.44140625,32645.697998046875,2546.40185546875,7194.5269775390625,0.0,0.0,4.536420822143555,49.201833724975586,12,8288,24.0,120.10002136230469,12.0,1.0,4.0,1.0,8.0,17.0,49.771385192871094,4829.6806640625,1280.55908203125,0.0,4.90460205078125,16,10902,274.0,6.400000095367432,0.4000000059604645,0.0,3.0,3.0,10.0,5.0,28.528913497924805,6616.7626953125,2407.117431640625,0.0,22.755290985107422,13,10379,253.0,8.0,0.0,0.0,3.0,1.0,15.0,7.0,32.33454895019531,7409.85693359375,960.4486083984375,0.0,0.0,11,5713,32.0,0.0,0.0,0.0,3.0,0.0,36.0,9.0,70.33070373535156,1432.956298828125,0.0,0.0,17.00551986694336,17,4,38,59081,2,4,1,10,4,17,5,46786,0,0,0,3
104366947889790212,108166997301178190,PCS Summer 2022,pcs_summer_2022,2022-06-23,2022-09-10,ESPORTSTMNT03:2894732,108166997302554592,1,Regular Season,regular_season,Regular Season,2022-07-30,1728,12.13.454.106,200,2,100,107760667929003738,106269804045322803,Frank Esports,Beyond Gaming,100,FAK YSKM,Jax,FAK Holo,MonkeyKing,FAK Pretender,Swain,FAK MnM,Zeri,FAK Keres,Alistar,BYG Likai,Sejuani,BYG Husha,Trundle,BYG Minji,Ahri,BYG Wako,Sivir,BYG Kino,Yuumi,100,6,100,200,0,2,0,0,0,0,0,4,1479,31.0,103.0,0.0,31.999998092651367,0.0,1.5,0.0,0.0,0.0,0.0,0.0,0.0,2.0,9.0,0.0,0.0,0.0,6.325494408607483,961.4762573242188,3175.112548828125,206.09893798828125,206.09893798828125,0.0,0.0,2.7511520385742188,10.103919267654419,4,1650,0.0,31.999998092651367,1.5,0.0,0.0,0.0,1.0,0.0,1.537394404411316,0.0,0.0,0.0,0.0,5,1465,28.0,0.0,0.0,0.0,0.0,0.0,2.0,0.0,1.5299862623214722,1358.2646484375,0.0,0.0,3.671828031539917,4,1685,38.0,0.0,0.0,0.0,0.0,0.0,2.0,0.0,1.5487769842147827,593.519287109375,0.0,0.0,0.7172832489013672,4,1118,6.0,0.0,0.0,0.0,0.0,0.0,2.0,0.0,1.709336757659912,261.85235595703125,0.0,0.0,2.963655948638916,5,1374,24.0,90.0,0.0,26.399999618530273,0.0,0.0,0.0,0.0,0.0,0.0,0.0,0.0,1.0,6.0,0.0,0.0,0.0,3.3223389387130737,1325.1431884765625,5008.6983642578125,0.0,0.0,0.0,0.0,3.2560832500457764,7.16520631313324,4,1515,2.0,26.399999618530273,0.0,0.0,0.0,0.0,1.0,0.0,1.8822476863861084,0.0,0.0,0.0,0.0,5,1535,32.0,0.0,0.0,0.0,0.0,0.0,2.0,0.0,0.0,1508.7432861328125,0.0,0.0,2.6212921142578125,4,1542,32.0,0.0,0.0,0.0,0.0,0.0,0.0,0.0,0.0,1228.146728515625,0.0,0.0,0.0,4,1205,0.0,0.0,0.0,0.0,0.0,0.0,2.0,0.0,1.4400912523269653,946.6651611328125,0.0,0.0,1.2878309488296509,0,0,0,7397,0,0,0,0,0,0,0,7171,0,0,0,0,8,3213,79.0,267.0,0.0,64.00000762939453,0.0,1.5,0.0,1.0,0.0,1.0,0.0,0.0,4.0,20.0,1.0,8.0,4.100046634674072,35.48090934753418,1784.7220458984375,6970.80419921875,900.05419921875,900.05419921875,0.0,0.0,3.7301254272460938,14.215104460716248,7,2952,3.0,60.00000762939453,1.5,0.0,0.0,0.0,3.0,3.0,12.063692092895508,362.4168701171875,0.0,0.0,0.0,8,3613,79.0,4.0,0.0,1.0,1.0,0.0,5.0,1.0,7.99547004699707,2290.8486328125,0.0,0.0,4.110445499420166,7,3433,91.0,0.0,0.0,0.0,0.0,0.0,4.0,1.0,5.708337783813477,1895.75244140625,0.0,0.0,1.4173678159713745,6,2051,15.0,0.0,0.0,0.0,0.0,0.0,4.0,2.0,5.613362789154053,637.064208984375,0.0,0.0,4.957165718078613,8,2935,70.0,238.0,0.0,52.0,0.0,0.0,0.0,1.0,0.0,1.0,0.0,1.0,4.0,23.0,0.0,5.0,4.9527058601379395,34.814714431762695,1967.74462890625,9694.506927490234,0.0,0.0,0.0,0.0,4.9413862228393555,14.617855429649353,6,3130,4.0,52.0,0.0,1.0,0.0,0.0,3.0,1.0,8.60883903503418,301.2852478027344,0.0,0.0,1.328167200088501,8,3318,81.0,0.0,0.0,0.0,1.0,1.0,7.0,1.0,8.622672080993652,3126.70263671875,0.0,0.0,6.6882476806640625,6,3205,81.0,0.0,0.0,0.0,0.0,0.0,4.0,1.0,5.729150295257568,2607.489990234375,0.0,0.0,0.0,6,2059,2.0,0.0,0.0,0.0,0.0,0.0,5.0,2.0,6.9013471603393555,1691.284423828125,0.0,0.0,1.660054326057434,1,1,0,15262,0,1,0,0,1,1,1,14647,0,0,0,0,11,5129,138.0,461.0,4.0,90.2500228881836,0.0,1.5,0.0,1.0,0.0,2.0,0.0,0.0,6.0,39.0,1.0,19.0,7.373843669891357,78.67607641220093,2981.47412109375,11153.519775390625,900.05419921875,1994.3465576171875,0.0,0.0,4.738914489746094,26.769179224967957,8,4224,7.0,82.2500228881836,1.5,0.0,1.0,0.0,4.0,5.0,19.16256332397461,416.9268798828125,0.0,0.0,1.219482421875,11,5394,135.0,4.0,0.0,1.0,1.0,0.0,7.0,1.0,8.923741340637207,4502.12646484375,0.0,0.0,13.321476936340332,10,5694,151.0,0.0,0.0,0.0,0.0,0.0,6.0,3.0,15.201933860778809,2573.682861328125,1094.2923583984375,0.0,1.4173678159713745,7,3323,30.0,0.0,0.0,0.0,0.0,0.0,16.0,9.0,28.013994216918945,679.3094482421875,0.0,0.0,6.071937561035156,11,4561,118.0,397.0,0.0,84.0,0.0,0.0,0.0,2.0,0.0,1.0,0.0,3.0,6.0,41.0,0.0,11.0,8.490432739257812,66.9252700805664,2758.732177734375,15265.790588378906,0.0,84.00213623046875,0.0,0.0,5.613670825958252,23.708289623260498,9,4998,9.0,84.0,0.0,2.0,0.0,0.0,5.0,4.0,14.882246017456055,479.37286376953125,0.0,0.0,4.066890239715576,10,5212,135.0,0.0,0.0,0.0,1.0,2.0,10.0,3.0,14.940272331237793,5550.62744140625,0.0,0.0,8.34888744354248,8,5340,133.0,0.0,0.0,0.0,0.0,0.0,6.0,2.0,10.458516120910645,3271.089599609375,84.00213623046875,0.0,0.0,7,3093,2.0,0.0,0.0,0.0,0.0,1.0,14.0,2.0,18.1538028717041,3205.968505859375,0.0,0.0,5.6788411140441895,1,2,0,23764,0,1,0,0,2,1,3,23204,0,1,0,0,16,12543,223.0,788.0,20.0,170.65003967285156,4.0,9.5,4.0,17.0,2.0,4.0,7.0,49.0,10.0,96.0,1.0,52.0,27.11551284790039,234.42172813415527,12646.87890625,62471.151611328125,4706.58740234375,19588.231811523438,0.0,0.0,10.64876651763916,72.44248056411743,14,10278,23.0,118.65003967285156,1.5,4.0,1.0,12.0,8.0,18.0,52.79056930541992,8863.3056640625,1392.4306640625,0.0,11.358233451843262,16,10941,221.0,12.0,0.0,2.0,1.0,11.0,11.0,7.0,26.99259376525879,15347.140625,2376.46630859375,0.0,27.89539909362793,16,14286,285.0,20.0,4.0,6.0,0.0,9.0,13.0,12.0,43.75668716430664,22351.599609375,10270.3017578125,0.0,5.020208835601807,12,7118,36.0,0.0,0.0,1.0,0.0,10.0,54.0,14.0,83.76636505126953,3262.226806640625,842.4456787109375,0.0,17.519872665405273,15,9138,205.0,707.0,8.0,151.60001182556152,0.0,7.600000381469727,1.0,4.0,4.0,17.0,1.0,8.0,16.0,99.0,2.0,40.0,28.02623176574707,215.7240695953369,9694.6357421875,55820.2998046875,1380.729248046875,1658.7162246704102,0.0,0.0,17.420385360717773,71.39494037628174,13,8331,21.0,123.60001373291016,7.600000381469727,2.0,2.0,2.0,12.0,14.0,46.0743293762207,8739.8701171875,0.0,0.0,22.457351684570312,14,10223,224.0,4.0,0.0,1.0,5.0,2.0,23.0,12.0,49.23367691040039,15448.4521484375,88.6580581665039,0.0,17.94853401184082,13,10653,255.0,15.999998092651367,0.0,0.0,3.0,1.0,12.0,10.0,41.77080535888672,15195.8486328125,189.32891845703125,0.0,0.0,11,5478,2.0,0.0,0.0,0.0,3.0,2.0,36.0,2.0,50.61902618408203,6741.4931640625,0.0,0.0,13.568669319152832,17,4,49,55166,1,2,1,7,4,17,8,43823,0,2,0,2
104366947889790212,108166997301178190,PCS Summer 2022,pcs_summer_2022,2022-06-23,2022-09-10,ESPORTSTMNT03:2894757,108166997302554608,1,Regular Season,regular_season,Regular Season,2022-07-30,1583,12.13.454.106,200,3,200,107635420167535818,106269859169658575,SEM9,Impunity Esports,200,S9 N0name,Jax,S9 Arashi,Trundle,S9 Lezar,Vex,S9 XieDoDo,Aphelios,S9 Axin,Lulu,IMP Jackpot,Fiora,IMP Alex,MonkeyKing,IMP Husky,Sylas,IMP Lz,Jinx,IMP Yusin,Rakan,200,2,200,100,1,1,1,200,4,0,0,5,1521,30.0,104.0,0.0,31.5,0.0,4.0,0.0,0.0,0.0,1.0,0.0,0.0,1.0,6.0,0.0,0.0,0.0,6.794772624969482,1057.751708984375,4617.818115234375,0.0,0.0,0.0,0.0,3.6257247924804688,11.618441224098206,4,1639,0.0,31.5,4.0,0.0,0.0,0.0,1.0,0.0,1.7733733654022217,0.0,0.0,0.0,0.0,5,1675,40.0,0.0,0.0,0.0,0.0,0.0,1.0,0.0,1.5173470973968506,829.068115234375,0.0,0.0,1.019940733909607,4,1496,33.0,0.0,0.0,0.0,0.0,0.0,1.0,0.0,1.5078222751617432,1470.39306640625,0.0,0.0,3.123626708984375,3,1279,1.0,0.0,0.0,0.0,1.0,0.0,2.0,0.0,1.996229887008667,1260.605224609375,0.0,0.0,3.849148988723755,5,1521,31.0,106.0,0.0,23.999998092651367,0.0,0.0,0.0,1.0,0.0,0.0,0.0,2.0,2.0,7.0,0.0,0.0,0.0,5.640244126319885,1022.7498168945312,2295.5061264038086,0.0,0.0,0.0,0.0,0.9931681156158447,4.723696321249008,4,1921,2.0,23.999998092651367,0.0,1.0,0.0,0.0,2.0,0.0,1.744226336479187,375.8359375,0.0,0.0,0.0,5,1661,39.0,0.0,0.0,0.0,0.0,0.0,1.0,0.0,1.4582855701446533,92.1323471069336,0.0,0.0,0.2624107301235199,3,1506,28.0,0.0,0.0,0.0,0.0,1.0,1.0,0.0,0.0,413.01226806640625,0.0,0.0,2.422447919845581,3,1215,6.0,0.0,0.0,0.0,0.0,1.0,1.0,0.0,2.437732219696045,391.7757568359375,0.0,0.0,1.0456695556640625,0,1,0,7610,0,0,0,0,1,0,2,7824,0,0,0,0,8,3497,69.0,237.0,0.0,64.00001525878906,0.0,4.0,2.0,2.0,1.0,2.0,0.0,8.0,2.0,14.0,0.0,3.0,1.490723967552185,25.089104652404785,2215.875732421875,10584.771240234375,0.0,0.0,0.0,0.0,4.838859558105469,23.74714708328247,7,3278,3.0,64.00001525878906,4.0,0.0,0.0,2.0,3.0,3.0,9.591964721679688,1294.189453125,0.0,0.0,3.275662422180176,8,3360,88.0,0.0,0.0,0.0,0.0,2.0,3.0,0.0,5.386327266693115,1843.630126953125,0.0,0.0,3.5551886558532715,6,3011,76.0,0.0,0.0,0.0,0.0,2.0,3.0,0.0,1.8411556482315063,3036.111328125,0.0,0.0,3.123626708984375,6,2284,1.0,0.0,0.0,0.0,1.0,2.0,3.0,0.0,6.778933048248291,2194.964599609375,0.0,0.0,8.95380973815918,8,3128,66.0,250.0,0.0,60.0000114440918,0.0,0.0,1.0,2.0,1.0,2.0,0.0,2.0,3.0,20.0,0.0,4.0,3.269710063934326,28.416856288909912,3373.608642578125,7559.146911621094,0.0,0.0,0.0,0.0,1.6380341053009033,13.21371877193451,6,3312,2.0,56.0000114440918,0.0,1.0,0.0,0.0,4.0,0.0,7.562699317932129,1366.2208251953125,0.0,0.0,2.680006265640259,8,3329,84.0,4.0,0.0,0.0,0.0,0.0,3.0,0.0,2.8145995140075684,717.9004516601562,0.0,0.0,0.7545443773269653,6,3138,81.0,0.0,0.0,0.0,0.0,1.0,4.0,0.0,3.0796141624450684,1040.060302734375,0.0,0.0,2.7699496746063232,6,2234,17.0,0.0,0.0,0.0,1.0,1.0,6.0,4.0,11.69023323059082,1061.356689453125,0.0,0.0,5.371184349060059,2,2,8,15430,0,0,0,0,2,2,2,15141,0,0,0,0,10,5222,104.0,379.0,0.0,88.00002899765968,0.0,4.0,2.0,2.0,2.0,4.0,0.0,8.0,3.0,29.0,0.0,8.0,3.674830436706543,51.61752223968506,5196.91064453125,17266.1162109375,381.8853759765625,982.5750732421875,0.0,0.0,7.804496765136719,36.180620193481445,9,4880,6.0,87.60002899169922,4.0,0.0,0.0,2.0,5.0,3.0,16.336074829101562,2169.97705078125,600.689697265625,0.0,5.499935626983643,11,5203,145.0,0.0,0.0,0.0,0.0,2.0,5.0,4.0,12.274352073669434,2873.526123046875,0.0,0.0,6.2432684898376465,8,4451,121.0,0.4000000059604645,0.0,0.0,0.0,2.0,6.0,0.0,6.4454545974731445,4088.024658203125,0.0,0.0,4.857501983642578,7,3237,3.0,0.0,0.0,0.0,2.0,2.0,10.0,1.0,12.886810302734375,2937.677734375,0.0,0.0,11.77541732788086,10,4849,109.0,413.0,0.0,100.0000228881836,0.0,0.0,1.0,4.0,1.0,2.0,1.0,4.0,6.0,33.0,0.0,8.0,6.95879602432251,57.681684494018555,6254.45166015625,13196.153747558594,953.0271606445312,5418.198425292969,0.0,0.0,2.5118844509124756,19.70768654346466,9,5294,6.0,88.0000228881836,0.0,2.0,0.0,0.0,4.0,1.0,10.703455924987793,1951.7137451171875,456.1942138671875,0.0,3.892530679702759,11,5416,138.0,8.0,0.0,0.0,0.0,0.0,5.0,0.0,4.7068095207214355,717.9004516601562,278.23651123046875,0.0,0.7545443773269653,9,6061,133.0,4.0,0.0,1.0,0.0,1.0,4.0,2.0,8.752654075622559,2158.787109375,3666.199462890625,0.0,4.418997764587402,8,3682,27.0,0.0,0.0,0.0,1.0,2.0,14.0,5.0,26.559968948364258,2113.30078125,64.54107666015625,0.0,8.129729270935059,2,4,8,22993,0,0,0,0,4,2,4,25302,0,1,0,1,14,9688,183.0,634.0,13.19999885559082,132.50003147125244,0.0,4.0,3.0,3.0,3.0,18.0,0.0,12.0,7.0,68.0,1.0,29.0,11.262436866760254,143.40822887420654,7798.92626953125,43225.826171875,381.8853759765625,1329.4777526855469,0.0,0.0,11.10631275177002,96.30529499053955,12,7172,24.0,106.40003204345703,4.0,0.0,4.0,3.0,9.0,9.0,34.382606506347656,6361.87841796875,600.689697265625,0.0,17.717021942138672,14,8698,205.0,6.0,0.0,0.0,3.0,3.0,8.0,4.0,17.634700775146484,12938.5712890625,346.9026794433594,0.0,25.663780212402344,12,7967,204.0,6.90000057220459,0.0,0.0,3.0,3.0,11.0,4.0,19.809587478637695,11933.96484375,0.0,0.0,19.029008865356445,11,5429,18.0,0.0,0.0,0.0,5.0,3.0,33.0,11.0,60.31889724731445,4192.4853515625,0.0,0.0,22.78917121887207,16,11802,208.0,704.0,15.499998092651367,205.5000286102295,5.0,15.0,5.0,18.0,1.0,3.0,5.0,40.0,8.0,69.0,1.0,34.0,20.14516830444336,164.47967910766602,16253.62890625,54921.60791015625,4675.33056640625,25075.592529296875,0.0,0.0,4.620248317718506,64.34970140457153,13,10595,21.0,122.00003051757812,6.0,6.0,1.0,4.0,7.0,12.0,36.12993621826172,7511.4697265625,5229.0966796875,0.0,11.9004487991333,16,11611,223.0,23.0,2.0,3.0,0.0,7.0,5.0,1.0,9.681465148925781,11142.146484375,6103.65380859375,0.0,11.904936790466309,14,12258,213.0,45.0,2.0,4.0,0.0,10.0,8.0,8.0,32.439796447753906,14746.3076171875,8608.2392578125,0.0,15.889552116394043,12,7284,39.0,0.0,0.0,0.0,1.0,14.0,41.0,12.0,66.08331298828125,5268.05517578125,459.272216796875,0.0,20.034515380859375,3,18,12,38954,0,0,0,1,18,3,40,53550,3,4,1,11
104366947889790212,108166997301178190,PCS Summer 2022,pcs_summer_2022,2022-06-23,2022-09-10,ESPORTSTMNT03:2885194,108166997302489006,1,Regular Season,regular_season,Regular Season,2022-07-31,2891,12.13.454.106,100,3,200,107700199633958891,107700204561086446,CTBC Flying Oyster,Deep Cross Gaming,200,CFO Rest,Gangplank,CFO Gemini,Viego,CFO Mission,Taliyah,CFO Shunn,Zeri,CFO Koala,Alistar,DCG Leaky,Gnar,DCG Hana,MonkeyKing,DCG Nestea,Galio,DCG Cryscata,Sivir,DCG Woody,Yuumi,100,3,200,200,0,2,1,200,6,1,200,5,1582,34.0,119.0,0.0,36.00000762939453,0.0,0.0,0.0,0.0,0.0,0.0,0.0,0.0,1.0,6.0,0.0,2.0,0.0,9.685584306716919,1606.233642578125,2974.603530883789,0.0,0.0,0.0,0.0,0.3014727532863617,8.412126898765564,4,1737,1.0,36.00000762939453,0.0,0.0,0.0,0.0,0.0,1.0,3.325000047683716,0.0,0.0,0.0,0.0,5,1661,39.0,0.0,0.0,0.0,0.0,0.0,2.0,0.0,1.4754178524017334,687.4774169921875,0.0,0.0,2.530731201171875,4,1673,38.0,0.0,0.0,0.0,0.0,0.0,2.0,1.0,3.3825109004974365,446.9395446777344,0.0,0.0,0.35747650265693665,4,1111,7.0,0.0,0.0,0.0,0.0,0.0,1.0,0.0,1.5026555061340332,233.9529266357422,0.0,0.0,5.222446441650391,5,1577,34.0,95.0,0.0,27.999998092651367,0.0,0.0,0.0,0.0,0.0,0.0,0.0,0.0,0.0,6.0,0.0,0.0,0.0,4.5320068299770355,871.8154907226562,2913.529083251953,0.0,0.0,0.0,0.0,2.8079800605773926,3.505174458026886,4,1578,0.0,27.999998092651367,0.0,0.0,0.0,0.0,1.0,0.0,2.002551794052124,0.0,0.0,0.0,0.0,5,1507,30.0,0.0,0.0,0.0,0.0,0.0,2.0,0.0,1.4627883434295654,145.09567260742188,0.0,0.0,0.0,4,1507,30.0,0.0,0.0,0.0,0.0,0.0,1.0,0.0,0.7333333492279053,852.24755859375,0.0,0.0,0.0,4,1206,1.0,0.0,0.0,0.0,0.0,0.0,2.0,0.0,0.3333333432674408,1044.370361328125,0.0,0.0,0.6971943974494934,0,0,0,7764,0,0,0,0,0,0,0,7375,0,0,0,0,8,3054,60.0,248.0,0.0,60.00000762939453,0.0,4.0,1.0,2.0,1.0,6.0,0.0,1.0,3.0,12.0,0.0,6.0,4.8833417892456055,31.618613243103027,5933.70849609375,12194.078125,0.0,710.8517456054688,0.0,0.0,4.917821407318115,26.483273148536682,6,2918,4.0,60.00000762939453,4.0,0.0,1.0,0.0,2.0,3.0,11.67280387878418,1089.728271484375,0.0,0.0,1.417858600616455,8,3278,88.0,0.0,0.0,0.0,1.0,0.0,3.0,0.0,4.590939521789551,1257.427734375,710.8517456054688,0.0,4.666003704071045,8,3536,83.0,0.0,0.0,1.0,1.0,0.0,3.0,1.0,4.685539245605469,2847.60888671875,0.0,0.0,1.4201337099075317,5,2123,13.0,0.0,0.0,0.0,2.0,1.0,1.0,2.0,5.785988807678223,1065.604736328125,0.0,0.0,14.061455726623535,8,3899,82.0,236.0,0.0,48.00000762939453,0.0,0.0,2.0,6.0,0.0,2.0,1.0,13.0,3.0,17.0,0.0,2.0,2.2412190437316895,17.0934339761734,3603.974853515625,14007.20556640625,500.7426452636719,681.0419769287109,0.0,0.0,8.091875076293945,21.521511793136597,6,3197,0.0,48.00000762939453,0.0,1.0,1.0,2.0,2.0,0.0,3.4998860359191895,1583.1884765625,0.0,0.0,3.621772527694702,8,4208,73.0,0.0,0.0,2.0,0.0,3.0,4.0,1.0,6.598453044891357,2020.621826171875,0.0,0.0,5.03192138671875,7,3337,79.0,0.0,0.0,0.0,1.0,2.0,2.0,0.0,1.0666667222976685,3797.497802734375,180.29933166503906,0.0,0.0,6,2878,2.0,0.0,0.0,1.0,0.0,5.0,6.0,1.0,3.687209129333496,3001.922607421875,0.0,0.0,4.775942802429199,2,6,1,14909,0,1,0,0,6,2,13,17519,0,0,0,0,10,5076,106.0,430.0,1.5,101.50001525878906,0.0,4.0,1.0,2.0,1.0,6.0,0.0,1.0,6.0,34.0,0.0,13.0,8.482508659362793,71.67838287353516,7062.9833984375,13647.373779296875,1028.118408203125,1996.173828125,0.0,0.0,5.555407524108887,28.425325989723206,8,4331,10.0,88.00001525878906,4.0,0.0,1.0,0.0,3.0,4.0,19.652761459350586,1166.3507080078125,0.0,0.0,1.417858600616455,11,5540,149.0,12.0,0.0,0.0,1.0,0.0,6.0,1.0,9.509093284606934,1292.2181396484375,968.055419921875,0.0,5.296092987060547,10,5713,140.0,0.0,0.0,1.0,1.0,0.0,6.0,5.0,16.287288665771484,3017.8046875,0.0,0.0,1.4201337099075317,7,3272,25.0,0.0,0.0,0.0,2.0,1.0,13.0,3.0,17.74673080444336,1108.016845703125,0.0,0.0,14.735833168029785,11,6257,138.0,403.0,4.0,88.00001525878906,0.0,0.0,2.0,6.0,0.0,2.0,1.0,13.0,5.0,30.0,1.0,13.0,7.283107757568359,61.14651966094971,7638.4716796875,20617.925537109375,1298.813232421875,1654.7716369628906,0.0,0.0,14.867786407470703,28.96598219871521,9,4694,4.0,76.00001525878906,0.0,1.0,1.0,2.0,2.0,4.0,13.083219528198242,2115.05126953125,0.0,0.0,3.621772527694702,11,6470,130.0,4.0,0.0,2.0,0.0,3.0,6.0,2.0,13.299910545349121,2020.621826171875,0.0,0.0,5.03192138671875,9,5155,127.0,4.0,0.0,0.0,1.0,2.0,4.0,3.0,7.245048522949219,4548.0947265625,355.9584045410156,0.0,0.0,7,3790,4.0,0.0,0.0,1.0,0.0,5.0,13.0,3.0,20.235233306884766,4295.68603515625,0.0,0.0,5.444501876831055,2,6,1,23932,0,1,0,0,6,2,13,26366,0,1,0,0,18,22705,348.0,1204.0,56.70000457763672,360.69996643066406,1.5,46.4999942779541,4.0,11.0,4.0,17.0,3.0,23.0,16.0,171.0,3.0,75.0,49.529747009277344,427.69394302368164,27247.22265625,85602.42724609375,6222.1142578125,15989.873016357422,0.0,0.0,16.735727310180664,101.2283067703247,17,12075,30.0,173.19993591308594,27.499996185302734,0.0,3.0,1.0,23.0,18.0,68.86749267578125,4231.33154296875,114.23873901367188,0.0,5.452188491821289,18,19651,355.0,56.0,5.5,4.0,4.0,5.0,16.0,6.0,56.99509048461914,23666.302734375,4344.95849609375,0.0,28.39923095703125,18,22323,433.0,74.8000259399414,11.999998092651367,3.0,2.0,5.0,20.0,33.0,101.28888702392578,25931.634765625,5308.5615234375,0.0,13.055180549621582,16,10263,38.0,0.0,0.0,0.0,4.0,9.0,96.0,15.0,151.01272583007812,4525.935546875,0.0,0.0,37.58597946166992,18,22153,402.0,1221.0,30.799999237060547,294.8999900817871,6.800000190734863,24.90000009536743,5.0,17.0,3.0,11.0,1.0,34.0,20.0,148.0,22.0,90.0,65.36212921142578,383.0743217468262,24920.224609375,113577.2841796875,17075.26953125,22040.820892333984,0.0,0.0,33.55150604248047,111.52705478668213,18,14871,57.0,181.69998168945312,14.5,2.0,3.0,8.0,20.0,31.0,96.01071166992188,10402.0517578125,824.6942138671875,0.0,9.904295921325684,18,16752,258.0,16.0,0.0,4.0,2.0,6.0,13.0,7.0,42.23881912231445,14979.35546875,515.5166625976562,0.0,30.31474494934082,18,25710,497.0,66.40000915527344,3.5999999046325684,5.0,2.0,5.0,19.0,24.0,67.26609802246094,43981.88671875,3439.1826171875,0.0,10.754354476928711,17,11007,7.0,0.0,0.0,1.0,1.0,14.0,76.0,6.0,112.19656372070312,19293.765625,186.15786743164062,0.0,27.002153396606445,11,17,23,87017,1,2,2,7,17,11,34,90493,3,5,2,8
104366947889790212,108166997301178190,PCS Summer 2022,pcs_summer_2022,2022-06-23,2022-09-10,ESPORTSTMNT03:2885176,108166997302554580,1,Regular Season,regular_season,Regular Season,2022-07-31,1655,12.13.454.106,100,3,100,106269804045322803,108517492697602721,Beyond Gaming,Dewish Team,100,BYG Likai,Gwen,BYG Husha,MonkeyKing,BYG SeNBon,Azir,BYG Wako,Kalista,BYG Kino,Nautilus,DWT Lacunae,Gangplank,DWT WSL,Trundle,DWT xiaotu,Viktor,DWT BangTwo,Ashe,DWT EnHoa,TahmKench,100,3,100,100,2,0,1,100,6,0,0,4,1528,25.0,105.0,0.0,24.0,0.0,1.5,0.0,2.0,0.0,0.0,1.0,2.0,2.0,8.0,0.0,0.0,1.458961009979248,6.531343936920166,1024.94775390625,3178.1770935058594,32.693477630615234,143.01564407348633,0.0,0.0,0.0,6.692196011543274,4,1800,0.0,24.0,1.5,1.0,0.0,0.0,2.0,0.0,1.8834571838378906,119.57708740234375,0.0,0.0,0.0,5,1626,37.0,0.0,0.0,0.0,0.0,0.0,2.0,0.0,1.50077223777771,673.7667846679688,0.0,0.0,0.5839002132415771,4,2095,37.0,0.0,0.0,1.0,0.0,0.0,0.0,0.0,0.25,1112.6151123046875,110.3221664428711,0.0,1.8518613576889038,4,1310,6.0,0.0,0.0,0.0,0.0,1.0,2.0,0.0,1.4381535053253174,247.27035522460938,0.0,0.0,4.256434440612793,4,1347,20.0,82.0,0.0,23.999996185302734,0.0,4.000000476837158,0.0,0.0,1.0,2.0,0.0,0.0,0.0,6.0,0.0,0.0,0.0,5.160349726676941,1625.64697265625,2842.8734283447266,0.0,0.0,0.0,0.0,0.0,2.487042486667633,4,1456,1.0,23.999996185302734,4.000000476837158,0.0,0.0,0.0,2.0,0.0,1.5104782581329346,0.0,0.0,0.0,0.5042321681976318,5,1570,33.0,0.0,0.0,0.0,0.0,0.0,1.0,0.0,0.0,748.0840454101562,0.0,0.0,0.0,2,1160,15.0,0.0,0.0,0.0,1.0,0.0,2.0,0.0,1.676378846168518,228.9026336669922,0.0,0.0,1.2899574041366577,3,1129,13.0,0.0,0.0,0.0,0.0,0.0,1.0,0.0,1.9734926223754883,240.23977661132812,0.0,0.0,0.6928529143333435,2,0,2,8359,0,0,0,0,0,2,0,6662,0,0,0,0,8,3189,75.0,266.0,0.0,48.00000762939453,0.0,5.5,0.0,2.0,0.0,2.0,1.0,2.0,5.0,23.0,0.0,4.0,7.559675693511963,36.117107629776,3672.303466796875,10283.634490966797,32.693477630615234,712.9083824157715,0.0,0.0,1.281423807144165,17.417513012886047,6,3072,4.0,48.00000762939453,5.5,1.0,1.0,0.0,4.0,1.0,8.568020820617676,1582.23828125,0.0,0.0,1.9321774244308472,8,3103,80.0,0.0,0.0,0.0,0.0,0.0,3.0,0.0,3.404691457748413,1802.699462890625,0.0,0.0,2.123483180999756,7,4072,94.0,0.0,0.0,1.0,0.0,0.0,7.0,3.0,11.690272331237793,2770.885498046875,680.2149047851562,0.0,4.1730852127075195,5,2328,13.0,0.0,0.0,0.0,1.0,1.0,4.0,0.0,4.894447326660156,455.5077819824219,0.0,0.0,7.90734338760376,8,3326,66.0,236.0,0.0,56.0,0.0,12.0,1.0,2.0,1.0,2.0,0.0,2.0,5.0,19.0,1.0,6.0,8.043560028076172,31.574358463287354,4368.421875,8758.477111816406,0.0,0.0,0.0,0.0,0.17131921648979187,11.095246285200119,6,3172,2.0,56.0,12.0,1.0,0.0,0.0,3.0,0.0,4.797861099243164,282.4476318359375,0.0,0.0,2.72092342376709,8,3222,85.0,0.0,0.0,0.0,0.0,0.0,3.0,0.0,4.311015605926514,1994.63427734375,0.0,0.0,0.0,5,2762,58.0,0.0,0.0,0.0,1.0,1.0,4.0,1.0,5.093779563903809,1419.0113525390625,0.0,0.0,5.618865489959717,6,2327,25.0,0.0,0.0,0.0,0.0,1.0,4.0,4.0,9.328142166137695,693.9619750976562,0.0,0.0,2.5841381549835205,2,2,2,15764,0,1,0,0,2,2,2,14809,0,0,0,0,11,5156,126.0,428.0,8.0,92.00001525878906,0.0,9.5,0.0,2.0,0.0,5.0,1.0,2.0,5.0,46.0,1.0,15.0,10.184675216674805,84.53391170501709,4652.263671875,14705.197937011719,32.693477630615234,1214.382167816162,0.0,0.0,1.281423807144165,26.806283712387085,8,4663,7.0,68.00001525878906,9.5,1.0,2.0,0.0,6.0,3.0,16.784563064575195,2275.59619140625,167.0243377685547,0.0,4.424548149108887,11,5222,133.0,4.0,0.0,0.0,0.0,0.0,6.0,2.0,10.002596855163574,3303.646484375,181.3915252685547,0.0,3.3822522163391113,10,6411,141.0,12.0,0.0,1.0,0.0,0.0,11.0,6.0,22.904499053955078,3801.5537109375,833.2728271484375,0.0,5.725234031677246,7,3395,21.0,0.0,0.0,0.0,3.0,1.0,18.0,3.0,24.657577514648438,672.1378784179688,0.0,0.0,11.992825508117676,11,4956,105.0,396.0,0.0,80.80000305175781,0.0,16.0,1.0,5.0,1.0,2.0,2.0,12.0,7.0,32.0,1.0,15.0,15.221487045288086,74.67319059371948,6533.291015625,15280.747436523438,0.0,202.4642791748047,0.0,0.0,3.453336000442505,23.19754648208618,9,4957,8.0,80.80000305175781,16.0,2.0,0.0,2.0,3.0,3.0,16.06325912475586,1077.3277587890625,0.0,0.0,4.5619707107543945,11,5465,143.0,0.0,0.0,1.0,0.0,2.0,3.0,0.0,5.311015605926514,3772.28662109375,202.4642791748047,0.0,1.0486109256744385,8,4571,106.0,0.0,0.0,1.0,1.0,2.0,6.0,4.0,16.209522247314453,2188.4248046875,0.0,0.0,7.512192726135254,8,3407,34.0,0.0,0.0,0.0,0.0,4.0,13.0,7.0,21.86790657043457,1709.417236328125,0.0,0.0,6.62143611907959,2,5,2,24847,0,2,0,1,5,2,12,23356,0,0,0,0,16,11546,228.0,766.0,28.0,205.0000171661377,4.0,30.5,3.0,12.0,0.0,7.0,7.0,34.0,15.0,106.0,7.0,40.0,38.5458984375,225.84494018554688,15971.08203125,47969.6982421875,4802.89306640625,12441.827209472656,0.0,0.0,5.143314838409424,74.2059588432312,13,9025,14.0,125.60002136230469,17.5,2.0,3.0,6.0,10.0,5.0,32.59469985961914,5814.34130859375,844.741943359375,0.0,10.962313652038574,16,11241,220.0,24.0,8.0,3.0,1.0,5.0,14.0,6.0,36.08357238769531,11377.134765625,983.5625610351562,0.0,11.596037864685059,15,14220,275.0,27.399995803833008,1.0,4.0,0.0,6.0,25.0,17.0,52.736263275146484,12022.8779296875,5174.9189453125,0.0,15.930922508239746,11,6836,29.0,0.0,0.0,0.0,3.0,10.0,42.0,5.0,65.88450622558594,2784.26220703125,635.710693359375,0.0,30.5733699798584,14,9244,180.0,720.0,7.199999809265137,135.0000123977661,0.0,16.0,1.0,7.0,3.0,12.0,4.0,20.0,14.0,81.0,2.0,43.0,29.10768699645996,189.82673263549805,12433.8779296875,38100.796875,1149.211669921875,3681.6318359375,0.0,0.0,6.402327537536621,57.99739646911621,12,8102,28.0,114.70001220703125,16.0,2.0,2.0,4.0,5.0,13.0,33.04048156738281,2890.505126953125,676.2747192382812,0.0,15.440613746643066,15,11027,260.0,6.600000381469727,0.0,2.0,1.0,3.0,8.0,2.0,13.453207015991211,12608.8603515625,1328.17529296875,0.0,5.748085975646973,12,8848,201.0,6.5,0.0,2.0,3.0,3.0,13.0,10.0,42.1766357421875,6335.4365234375,527.9701538085938,0.0,21.332035064697266,11,5942,51.0,0.0,0.0,0.0,3.0,6.0,41.0,16.0,72.04872131347656,3832.116943359375,0.0,0.0,9.074334144592285,12,7,34,52868,1,4,1,7,7,12,20,43163,0,0,0,3
104366947889790212,108166997301178190,PCS Summer 2022,pcs_summer_2022,2022-06-23,2022-09-10,ESPORTSTMNT03:2885159,108166997302554596,1,Regular Season,regular_season,Regular Season,2022-07-31,2167,12.13.454.106,200,3,200,104367068120825486,107760667929003738,PSG Talon,Frank Esports,200,PSG Hanabi,Gwen,PSG Burry,XinZhao,PSG Gori,Taliyah,PSG Unified,Senna,PSG Kaiwing,TahmKench,FAK YSKM,Camille,FAK Holo,Viego,FAK Pretender,Ahri,FAK MnM,Aphelios,FAK Keres,Alistar,200,3,200,100,2,0,1,200,5,0,0,4,1356,24.0,89.0,0.0,31.199996948242188,0.0,3.200000286102295,0.0,0.0,1.0,1.0,0.0,0.0,1.0,6.0,0.0,1.0,1.477494478225708,10.347346901893616,1435.890380859375,4187.075347900391,0.0,0.0,0.0,0.0,0.0,8.677013397216797,4,1498,0.0,27.199996948242188,3.200000286102295,0.0,0.0,0.0,1.0,0.0,2.8364217281341553,567.818359375,0.0,0.0,2.5430047512054443,5,1559,36.0,0.0,0.0,0.0,0.0,0.0,1.0,0.0,1.4836957454681396,716.8504638671875,0.0,0.0,1.6860438585281372,4,1344,2.0,0.0,0.0,0.0,0.0,0.0,1.0,1.0,3.1060657501220703,1036.2022705078125,0.0,0.0,3.0869498252868652,4,1542,27.0,4.0,0.0,0.0,0.0,0.0,2.0,0.0,1.4436691999435425,430.3138732910156,0.0,0.0,1.36101496219635,5,1714,22.0,106.0,0.0,24.0,0.0,0.0,1.0,1.0,0.0,0.0,0.0,1.0,1.0,9.0,0.0,0.0,0.0,5.272877752780914,1024.2264404296875,2737.360565185547,0.0,0.0,0.0,0.0,2.823895215988159,8.710766792297363,4,1734,1.0,24.0,0.0,0.0,0.0,1.0,2.0,0.0,1.2612367868423462,457.11859130859375,0.0,0.0,2.758934497833252,5,1668,40.0,0.0,0.0,0.0,0.0,0.0,3.0,0.0,0.7716473937034607,470.3267517089844,0.0,0.0,0.0,4,1654,38.0,0.0,0.0,0.0,0.0,0.0,1.0,0.0,1.7422703504562378,656.9571533203125,0.0,0.0,0.0,4,1104,5.0,0.0,0.0,0.0,0.0,0.0,2.0,0.0,1.4977232217788696,128.73162841796875,0.0,0.0,3.127937078475952,0,1,0,7299,0,0,0,0,1,0,1,7874,0,0,0,0,8,3239,88.0,269.0,0.0,55.20000457763672,0.0,3.200000286102295,0.0,0.0,1.0,3.0,0.0,0.0,4.0,20.0,0.0,9.0,6.747561454772949,39.949522495269775,2649.31005859375,7177.828674316406,0.0,93.60956573486328,0.0,0.0,0.0,16.91252636909485,6,2927,11.0,51.20000457763672,3.200000286102295,0.0,0.0,0.0,2.0,6.0,13.936422348022461,567.818359375,0.0,0.0,2.5430047512054443,8,3222,91.0,0.0,0.0,0.0,0.0,0.0,4.0,0.0,4.627620220184326,1359.4755859375,0.0,0.0,5.832734107971191,6,2379,6.0,0.0,0.0,0.0,1.0,0.0,6.0,2.0,6.672987937927246,1752.435302734375,93.60956573486328,0.0,6.123865127563477,6,3068,73.0,4.0,0.0,0.0,1.0,0.0,4.0,1.0,7.964930534362793,848.7893676757812,0.0,0.0,2.4129223823547363,8,3152,63.0,253.0,0.0,56.80000305175781,0.0,1.5,1.0,3.0,0.0,0.0,0.0,4.0,4.0,23.0,1.0,3.0,4.5461554527282715,30.297534942626953,1900.7647705078125,8091.059814453125,0.0,2369.510986328125,0.0,0.0,3.901871681213379,23.48537564277649,7,3086,1.0,52.80000305175781,1.5,0.0,0.0,2.0,4.0,0.0,4.662726402282715,1479.6514892578125,0.0,0.0,4.524063587188721,8,3623,89.0,4.0,0.0,1.0,0.0,0.0,4.0,1.0,6.958471298217773,2107.296630859375,0.0,0.0,1.65478515625,7,4037,87.0,0.0,0.0,1.0,0.0,0.0,4.0,0.0,6.719172477722168,1734.493408203125,2369.510986328125,0.0,3.153888463973999,6,2384,13.0,0.0,0.0,0.0,0.0,2.0,7.0,1.0,7.411009311676025,868.853515625,0.0,0.0,10.25076675415039,0,3,0,14835,0,0,0,0,3,0,4,16282,0,1,0,0,10,4834,134.0,404.0,0.0,79.20001983642578,0.0,3.200000286102295,0.0,0.0,2.0,10.0,0.0,0.0,7.0,32.0,0.0,14.0,9.702558517456055,75.05487823486328,4899.5439453125,19244.58447265625,0.0,93.60956573486328,0.0,0.0,0.28805822134017944,36.37630075216293,8,4379,12.0,71.20001983642578,3.200000286102295,0.0,2.0,0.0,3.0,7.0,21.233699798583984,3653.092529296875,0.0,0.0,6.263757228851318,11,4883,139.0,4.0,0.0,0.0,1.0,0.0,6.0,1.0,9.459089279174805,5678.8447265625,0.0,0.0,17.14141845703125,7,3479,12.0,0.0,0.0,0.0,3.0,0.0,12.0,5.0,22.981964111328125,3256.868408203125,93.60956573486328,0.0,9.13282585144043,8,4483,107.0,4.0,0.0,0.0,2.0,0.0,4.0,1.0,11.677566528320312,1756.23486328125,0.0,0.0,3.550240993499756,11,5187,110.0,411.0,4.0,88.80001068115234,0.0,7.0,2.0,10.0,0.0,0.0,0.0,13.0,5.0,37.0,2.0,10.0,9.502422332763672,65.0124864578247,5803.81591796875,23952.6083984375,1292.136474609375,5283.1923904418945,0.0,0.0,7.258976459503174,46.678893089294434,9,5620,10.0,76.80001068115234,7.0,2.0,0.0,5.0,5.0,4.0,14.94092845916748,5625.927734375,257.6500244140625,0.0,12.295762062072754,11,6674,138.0,8.0,0.0,5.0,0.0,1.0,5.0,3.0,10.175138473510742,6800.3203125,305.94757080078125,0.0,7.7380266189575195,9,6250,134.0,0.0,0.0,1.0,0.0,2.0,7.0,0.0,8.413568496704102,4156.39599609375,3320.633544921875,0.0,3.770805835723877,8,3672,19.0,0.0,0.0,0.0,0.0,5.0,15.0,1.0,21.98042869567871,1566.1484375,106.82477569580078,0.0,15.61532211303711,0,10,0,22058,0,0,0,0,10,0,13,27403,0,2,0,1,18,14166,298.0,933.0,15.999998092651367,175.2000331878662,0.0,3.200000286102295,1.0,7.0,5.0,23.0,4.0,19.0,15.0,102.0,1.0,62.0,26.146780014038086,271.5741596221924,19793.88671875,78787.01904296875,2482.439697265625,2716.125,0.0,0.0,5.795389652252197,109.01715898513794,15,11870,40.0,127.20003509521484,3.200000286102295,3.0,5.0,3.0,6.0,13.0,43.29452133178711,12674.2041015625,0.0,0.0,18.9379825592041,18,14973,335.0,28.0,0.0,3.0,3.0,4.0,14.0,4.0,36.87809753417969,29666.439453125,0.0,0.0,50.33430480957031,13,9082,54.0,0.0,0.0,0.0,6.0,4.0,54.0,36.0,127.12110137939453,10351.8681640625,233.685302734375,0.0,21.521366119384766,14,10260,206.0,4.0,0.0,0.0,4.0,4.0,13.0,8.0,38.13365936279297,6300.62060546875,0.0,0.0,12.428115844726562,18,14457,262.0,930.0,25.0,226.19997215270996,8.5,31.8999981880188,6.0,23.0,3.0,7.0,7.0,45.0,7.0,125.0,6.0,54.0,31.04012680053711,278.7426452636719,22409.3046875,91863.47021484375,3901.670166015625,19487.266845703125,0.0,0.0,19.208505630493164,133.04207611083984,16,12440,34.0,144.3999786376953,18.999998092651367,3.0,1.0,11.0,14.0,17.0,51.27804183959961,12474.88671875,1236.6978759765625,0.0,25.421117782592773,17,15059,290.0,20.399999618530273,4.400000095367432,7.0,1.0,6.0,10.0,16.0,44.79458999633789,22604.33203125,3678.173828125,0.0,22.167844772338867,17,17710,318.0,36.399993896484375,0.0,7.0,2.0,5.0,18.0,9.0,60.727230072021484,28737.46484375,10322.232421875,0.0,22.797067642211914,14,8683,26.0,0.0,0.0,0.0,0.0,16.0,76.0,6.0,90.90265655517578,5637.48193359375,348.4925537109375,0.0,43.447540283203125,7,23,19,60351,0,1,0,2,23,7,45,68349,2,4,1,9
104366947889790212,108166997301178190,PCS Summer 2022,pcs_summer_2022,2022-06-23,2022-09-10,ESPORTSTMNT03:2885139,108166997302554622,1,Regular Season,regular_season,Regular Season,2022-07-31,1534,12.13.454.106,100,2,100,107700211633200412,107635420167535818,Meta Falcon Team,SEM9,100,MFT Taco,Gwen,MFT 665,MonkeyKing,MFT Wen,Taliyah,MFT Whale,Lucian,MFT 1SSUE,Nami,S9 N0name,Singed,S9 Arashi,Talon,S9 Lezar,Ahri,S9 XieDoDo,Sivir,S9 QaspieL,Yuumi,100,6,100,100,2,0,1,100,5,0,0,5,1605,36.0,108.0,0.0,30.999998092651367,0.0,19.0,0.0,0.0,0.0,0.0,0.0,0.0,2.0,7.0,0.0,0.0,1.1708545684814453,7.555945992469788,1018.6640625,4229.095951080322,0.0,463.5999298095703,0.0,0.0,0.0,6.950422286987305,4,1604,0.0,30.999998092651367,19.0,0.0,0.0,0.0,1.0,0.0,2.4666666984558105,57.553958892822266,0.0,0.0,0.0,5,1612,37.0,0.0,0.0,0.0,0.0,0.0,2.0,0.0,0.4779319763183594,1070.25537109375,0.0,0.0,4.4137654304504395,4,1591,35.0,0.0,0.0,0.0,0.0,0.0,1.0,0.0,1.5015960931777954,1382.6627197265625,261.5064697265625,0.0,0.0,4,1245,0.0,0.0,0.0,0.0,0.0,0.0,1.0,0.0,1.938896656036377,699.9598388671875,202.0934600830078,0.0,2.5366568565368652,5,1619,38.0,103.0,0.0,27.999998092651367,0.0,8.0,0.0,0.0,1.0,1.0,0.0,0.0,2.0,8.0,0.0,2.0,1.6419488191604614,10.603636384010315,666.4422607421875,3565.0504760742188,0.0,0.0,0.0,0.0,1.8004989624023438,6.139276027679443,4,1565,0.0,27.999998092651367,8.0,0.0,0.0,0.0,1.0,0.0,2.7916667461395264,0.0,0.0,0.0,0.0,5,1636,38.0,0.0,0.0,0.0,0.0,0.0,2.0,1.0,3.1843841075897217,1025.4852294921875,0.0,0.0,3.0973663330078125,3,1384,26.0,0.0,0.0,0.0,0.0,0.0,2.0,0.0,1.518970012664795,820.2683715820312,0.0,0.0,0.0,3,1215,1.0,0.0,0.0,0.0,0.0,0.0,1.0,1.0,1.4666666984558105,1052.8546142578125,0.0,0.0,1.241410732269287,0,0,0,7657,0,0,0,0,0,1,0,7419,0,0,0,0,9,3448,97.0,268.0,0.0,63.00000762939453,0.0,23.0,0.0,1.0,0.0,1.0,0.0,3.0,4.0,20.0,1.0,3.0,6.627588272094727,27.35856604576111,1909.5989990234375,9989.5888671875,0.0,463.5999298095703,0.0,0.0,0.0,10.734585285186768,7,3093,1.0,63.00000762939453,23.0,0.0,1.0,1.0,2.0,1.0,7.25,651.93798828125,0.0,0.0,0.623748779296875,8,3272,86.0,0.0,0.0,0.0,0.0,1.0,4.0,0.0,3.620476484298706,1936.407958984375,0.0,0.0,5.084366321563721,7,3466,83.0,0.0,0.0,1.0,0.0,0.0,4.0,0.0,4.971604347229004,4307.95703125,261.5064697265625,0.0,0.0,6,2257,1.0,0.0,0.0,0.0,0.0,1.0,6.0,1.0,4.888896942138672,1183.6868896484375,202.0934600830078,0.0,5.026470184326172,8,3385,95.0,244.0,0.0,65.00001525878906,0.0,20.0,0.0,1.0,1.0,2.0,0.0,3.0,4.0,17.0,1.0,4.0,5.1783013343811035,31.904046535491943,1210.8978271484375,9796.915588378906,0.0,834.0016937255859,0.0,0.0,3.6754837036132812,11.96115642786026,7,3674,4.0,65.00001525878906,20.0,1.0,1.0,0.0,4.0,1.0,10.147194862365723,977.9760131835938,0.0,0.0,0.5297835469245911,8,3220,84.0,0.0,0.0,0.0,0.0,1.0,4.0,1.0,7.167936325073242,3249.16943359375,0.0,0.0,5.5634918212890625,6,2682,58.0,0.0,0.0,0.0,0.0,1.0,3.0,0.0,4.75903844833374,2574.156982421875,588.271728515625,0.0,0.0,6,2222,3.0,0.0,0.0,0.0,0.0,1.0,2.0,1.0,4.651575565338135,1784.71533203125,245.72996520996094,0.0,2.192397356033325,1,1,3,15536,0,1,0,0,1,2,3,15183,0,0,0,0,11,5497,148.0,434.0,8.0,93.00000762939453,0.0,23.0,0.0,2.0,0.0,5.0,0.0,5.0,7.0,37.0,1.0,8.0,8.195527076721191,67.34221887588501,3381.853271484375,17520.284423828125,0.0,7155.2672119140625,0.0,0.0,0.6757832765579224,20.955188393592834,9,4970,10.0,77.00000762939453,23.0,0.0,2.0,1.0,4.0,3.0,16.579439163208008,1738.2919921875,2851.98193359375,0.0,2.500701904296875,11,5920,137.0,8.0,0.0,1.0,0.0,1.0,4.0,1.0,5.620476722717285,3555.067626953125,896.0730590820312,0.0,5.8002610206604,9,6272,136.0,0.0,0.0,1.0,2.0,1.0,5.0,0.0,6.249441623687744,6367.5966796875,2709.761962890625,0.0,0.0,7,3659,3.0,0.0,0.0,0.0,1.0,2.0,17.0,3.0,30.69733428955078,2477.474853515625,697.4502563476562,0.0,11.978442192077637,11,5446,142.0,369.0,0.0,107.00002598762512,0.0,26.0,1.0,5.0,1.0,3.0,0.0,13.0,6.0,37.0,1.0,9.0,9.151655197143555,61.15717554092407,3106.843994140625,18104.2158203125,483.2039794921875,1317.2056732177734,0.0,0.0,7.124916076660156,21.39265727996826,10,5893,9.0,103.8000259399414,26.0,2.0,2.0,2.0,7.0,3.0,15.244515419006348,3399.245849609375,0.0,0.0,1.0798611640930176,10,4900,130.0,0.0,0.0,0.0,0.0,4.0,7.0,2.0,11.731572151184082,5240.00537109375,0.0,0.0,6.9806060791015625,8,4564,83.0,3.200000047683716,0.0,2.0,0.0,2.0,6.0,0.0,6.9905476570129395,3973.54345703125,588.271728515625,0.0,0.0,7,3314,5.0,0.0,0.0,0.0,0.0,5.0,11.0,3.0,18.03888511657715,2384.5771484375,245.72996520996094,0.0,6.207273960113525,2,5,5,26318,0,2,0,2,5,3,13,24117,0,0,0,0,15,10627,218.0,659.0,38.54999542236328,204.75000762939453,8.0,50.99999809265137,0.0,16.0,0.0,7.0,4.0,33.0,12.0,87.0,5.0,32.0,23.627920150756836,206.00109481811523,7701.396484375,58948.83740234375,5476.05712890625,21474.704833984375,0.0,0.0,3.1832101345062256,58.64474093914032,13,9240,20.0,110.20001220703125,23.0,2.0,3.0,5.0,9.0,6.0,36.67539596557617,6106.7216796875,5253.29248046875,0.0,7.127716064453125,15,12052,196.0,44.0,15.999998092651367,5.0,0.0,7.0,7.0,5.0,25.509674072265625,20680.390625,3616.727294921875,0.0,22.8807315826416,14,12976,213.0,12.0,4.0,9.0,2.0,1.0,12.0,5.0,29.905366897583008,18827.15234375,5895.9228515625,0.0,1.3051930665969849,12,8058,12.0,0.0,0.0,0.0,2.0,16.0,47.0,11.0,90.2827377319336,5633.17626953125,1232.705078125,0.0,24.147890090942383,14,8709,226.0,604.0,0.0,143.00004863739014,0.0,26.0,1.0,7.0,3.0,17.0,1.0,19.0,10.0,84.0,3.0,25.0,21.999860763549805,152.19072723388672,7921.93212890625,37382.34423828125,483.2039794921875,2116.611373901367,0.0,0.0,25.028955459594727,54.1513729095459,12,9630,22.0,135.800048828125,26.0,4.0,6.0,2.0,25.0,10.0,45.998348236083984,10856.3974609375,0.0,0.0,3.2103328704833984,13,7628,187.0,0.0,0.0,0.0,3.0,5.0,13.0,2.0,18.30291748046875,8540.2578125,799.4057006835938,0.0,10.22054386138916,11,7734,162.0,7.199999809265137,0.0,2.0,3.0,4.0,10.0,5.0,24.85374641418457,5651.04736328125,588.271728515625,0.0,0.0,9,5120,7.0,0.0,0.0,0.0,2.0,7.0,26.0,5.0,41.03585433959961,4412.70947265625,245.72996520996094,0.0,15.691540718078613,16,7,33,52953,1,4,1,9,7,17,19,38821,0,0,0,0
104366947889790212,108166997301178190,PCS Summer 2022,pcs_summer_2022,2022-06-23,2022-09-10,ESPORTSTMNT03:2896174,108166997302554556,1,Regular Season,regular_season,Regular Season,2022-08-04,1722,12.13.454.106,100,3,200,107700199633958891,107635420167535818,CTBC Flying Oyster,SEM9,100,CFO Rest,Gnar,CFO Gemini,Poppy,CFO Mission,Sylas,CFO Shunn,Lucian,CFO Koala,Nami,S9 N0name,Darius,S9 Arashi,MonkeyKing,S9 Lezar,Zoe,S9 XieDoDo,Sivir,S9 QaspieL,Yuumi,100,2,0,100,1,1,1,100,3,0,0,5,1552,35.0,103.0,0.0,18.999998092651367,0.0,8.0,0.0,1.0,0.0,1.0,0.0,1.0,1.0,8.0,0.0,2.0,0.0,8.220657229423523,896.5703735351562,5377.8134765625,0.0,441.63580322265625,0.0,0.0,1.508535385131836,11.674875497817993,3,1332,1.0,18.999998092651367,8.0,0.0,1.0,0.0,2.0,1.0,3.241940975189209,1319.677734375,0.0,0.0,3.719867706298828,5,1444,29.0,0.0,0.0,0.0,0.0,0.0,2.0,0.0,1.54403817653656,987.3178100585938,0.0,0.0,3.634364604949951,4,1922,38.0,0.0,0.0,1.0,0.0,0.0,1.0,1.0,1.4833333492279053,1637.411865234375,287.5318603515625,0.0,0.0,4,1435,0.0,0.0,0.0,0.0,0.0,1.0,2.0,0.0,1.9513447284698486,536.835693359375,154.10394287109375,0.0,2.812107801437378,4,1498,32.0,84.0,0.0,25.0,0.0,5.0,0.0,1.0,0.0,1.0,0.0,0.0,1.0,7.0,0.0,0.0,1.5370614528656006,6.942278027534485,874.5219116210938,4814.525665283203,0.0,0.0,0.0,0.0,1.398445725440979,7.813212037086487,4,1851,0.0,25.0,5.0,1.0,0.0,0.0,2.0,0.0,2.366823434829712,1551.9718017578125,0.0,0.0,2.733189105987549,5,1419,28.0,0.0,0.0,0.0,0.0,0.0,2.0,0.0,1.0666667222976685,879.433837890625,0.0,0.0,3.2770180702209473,4,1395,24.0,0.0,0.0,0.0,1.0,0.0,0.0,0.0,0.0,456.4513854980469,0.0,0.0,0.0,4,1265,0.0,0.0,0.0,0.0,0.0,0.0,2.0,0.0,1.971726417541504,1052.146728515625,0.0,0.0,0.4045591354370117,1,1,1,7685,0,0,0,0,1,1,0,7428,0,0,0,0,8,3330,73.0,240.0,0.0,55.00000762939453,0.0,15.999998092651367,1.0,4.0,1.0,3.0,1.0,4.0,3.0,25.0,0.0,7.0,4.770466327667236,39.0615668296814,1989.61474609375,10529.1171875,0.0,1331.4633331298828,0.0,0.0,3.0602612495422363,21.761197566986084,7,3364,3.0,55.00000762939453,15.999998092651367,1.0,1.0,0.0,3.0,2.0,10.406811714172363,2157.01611328125,0.0,0.0,7.162374019622803,8,3235,81.0,0.0,0.0,0.0,0.0,1.0,4.0,0.0,3.675431251525879,1214.720947265625,103.58695983886719,0.0,4.321385383605957,7,3844,79.0,0.0,0.0,2.0,0.0,0.0,4.0,1.0,7.8226518630981445,3634.064453125,788.5985717773438,0.0,0.0,6,2697,4.0,0.0,0.0,0.0,1.0,2.0,11.0,4.0,12.386205673217773,1533.700927734375,439.2778015136719,0.0,7.217176914215088,8,3347,79.0,219.0,0.0,49.00000762939453,0.0,5.0,1.0,3.0,1.0,4.0,0.0,2.0,3.0,20.0,0.0,5.0,3.1635522842407227,29.967954635620117,1977.893310546875,10596.172485351562,0.0,369.5355224609375,0.0,0.0,2.929319381713867,18.73132711648941,6,3222,5.0,49.00000762939453,5.0,1.0,1.0,1.0,4.0,2.0,13.554191589355469,2796.84130859375,0.0,0.0,3.357334613800049,8,3340,76.0,0.0,0.0,1.0,0.0,0.0,5.0,0.0,5.987583160400391,3452.802001953125,0.0,0.0,11.462265014648438,6,2673,58.0,0.0,0.0,0.0,2.0,0.0,3.0,2.0,3.909661293029785,767.1300048828125,160.85401916503906,0.0,0.0,5,2182,1.0,0.0,0.0,0.0,0.0,1.0,5.0,1.0,3.35296630859375,1601.505859375,208.68150329589844,0.0,0.9824081063270569,4,3,4,16470,0,0,0,0,3,4,2,14764,0,0,0,0,11,5135,132.0,424.0,0.0,75.00000762939453,0.0,19.999998092651367,1.0,7.0,1.0,4.0,1.0,9.0,5.0,45.0,0.0,18.0,6.680952072143555,97.16243362426758,3700.610107421875,18329.32177734375,0.0,3453.1458740234375,0.0,0.0,4.616663455963135,30.900419235229492,9,4937,9.0,75.00000762939453,19.999998092651367,1.0,1.0,3.0,4.0,8.0,28.270742416381836,3479.137451171875,0.0,0.0,10.344600677490234,10,5284,128.0,0.0,0.0,0.0,0.0,1.0,5.0,0.0,6.5371503829956055,2439.39892578125,1204.182861328125,0.0,6.381496906280518,10,7101,144.0,0.0,0.0,4.0,0.0,1.0,5.0,2.0,9.322651863098145,6199.84765625,1627.0859375,0.0,0.0,8,4349,11.0,0.0,0.0,1.0,2.0,3.0,26.0,8.0,46.35093688964844,2510.32763671875,621.8770751953125,0.0,9.557658195495605,11,5703,143.0,368.0,0.0,77.00000762939453,0.0,13.0,1.0,4.0,1.0,7.0,0.0,3.0,5.0,36.0,1.0,10.0,7.99303674697876,58.781067848205566,2430.71337890625,14922.8203125,0.0,369.5355224609375,0.0,0.0,5.278398513793945,25.968365907669067,9,4586,8.0,77.00000762939453,13.0,1.0,1.0,1.0,7.0,5.0,19.744251251220703,2796.84130859375,0.0,0.0,3.357334613800049,11,5091,123.0,0.0,0.0,1.0,1.0,1.0,7.0,0.0,11.57579517364502,5960.68603515625,0.0,0.0,13.99864673614502,8,3969,91.0,0.0,0.0,0.0,3.0,0.0,4.0,2.0,6.609341144561768,1605.22265625,160.85401916503906,0.0,0.0,7,3355,3.0,0.0,0.0,1.0,1.0,1.0,13.0,2.0,12.858643531799316,2129.35693359375,208.68150329589844,0.0,3.3339860439300537,7,4,9,26806,0,1,0,1,4,7,3,22704,0,0,0,0,17,11784,271.0,807.0,35.5,200.50002479553223,13.999998092651367,55.999996185302734,2.0,14.0,1.0,6.0,3.0,27.0,8.0,102.0,1.0,47.0,22.64686393737793,255.24365615844727,8336.9658203125,47999.6875,2017.374267578125,21533.11102294922,0.0,0.0,12.319563865661621,64.67630362510681,13,8796,26.0,121.4000244140625,30.39999771118164,1.0,1.0,7.0,13.0,16.0,56.870506286621094,7603.03662109375,544.3182983398438,0.0,24.58123779296875,15,10744,216.0,20.0,4.0,2.0,0.0,3.0,8.0,9.0,38.54947280883789,5857.79931640625,3486.594970703125,0.0,9.163443565368652,14,14804,272.0,23.600000381469727,7.600000381469727,8.0,1.0,4.0,13.0,7.0,31.78299903869629,21982.31640625,12154.037109375,0.0,3.6927297115325928,12,8623,22.0,0.0,0.0,1.0,3.0,10.0,60.0,14.0,105.39381408691406,4219.5693359375,3330.786376953125,0.0,14.919328689575195,16,12105,273.0,730.0,12.0,141.0000228881836,0.0,13.0,2.0,6.0,2.0,14.0,1.0,9.0,6.0,75.0,7.0,37.0,27.25885772705078,166.38084411621094,7007.638671875,30527.469970703125,1027.55859375,6051.8804931640625,0.0,0.0,11.733179092407227,49.623066425323486,12,8101,21.0,124.0000228881836,13.0,1.0,3.0,2.0,14.0,12.0,40.572845458984375,6307.5078125,0.0,0.0,12.086977005004883,14,9293,203.0,1.0,0.0,1.0,3.0,2.0,10.0,2.0,25.12538719177246,9690.279296875,3125.09375,0.0,19.563337326049805,13,9429,225.0,4.0,0.0,1.0,5.0,1.0,11.0,9.0,22.344907760620117,3924.6123046875,1440.4698486328125,0.0,0.0,10,5851,8.0,0.0,0.0,1.0,1.0,3.0,34.0,7.0,51.0788459777832,3597.431884765625,458.75830078125,0.0,6.239573001861572,14,6,27,54751,1,4,0,8,6,14,9,44779,0,0,0,2
104366947889790212,108166997301178190,PCS Summer 2022,pcs_summer_2022,2022-06-23,2022-09-10,ESPORTSTMNT03:2896196,108166997302554566,1,Regular Season,regular_season,Regular Season,2022-08-04,1965,12.13.454.106,100,3,200,107700204561086446,106269804045322803,Deep Cross Gaming,Beyond Gaming,200,DCG Leaky,Gangplank,DCG Hana,Trundle,DCG Nestea,Galio,DCG Cryscata,Zeri,DCG Woody,Lulu,BYG Likai,Fiora,BYG Husha,MonkeyKing,BYG Minji,Taliyah,BYG Wako,Sivir,BYG Kino,Nautilus,200,5,200,100,1,1,1,200,4,0,0,5,1649,28.0,108.0,0.0,32.0,0.0,0.0,0.0,1.0,1.0,1.0,1.0,1.0,1.0,6.0,0.0,2.0,0.0,9.778591960668564,1741.4862060546875,3281.889892578125,0.0,0.0,0.0,0.0,0.8654741048812866,2.705455929040909,4,1662,2.0,32.0,0.0,0.0,0.0,0.0,1.0,2.0,6.425628662109375,0.0,0.0,0.0,0.0,5,1940,38.0,0.0,0.0,1.0,0.0,0.0,1.0,0.0,0.3333333432674408,173.83306884765625,0.0,0.0,0.0,4,1693,39.0,0.0,0.0,0.0,0.0,0.0,1.0,0.0,1.4794385433197021,446.412841796875,0.0,0.0,0.34122756123542786,4,1246,1.0,0.0,0.0,0.0,0.0,0.0,2.0,0.0,1.540191411972046,920.1577758789062,0.0,0.0,1.4987542629241943,4,1653,28.0,104.0,0.0,27.999998092651367,0.0,0.0,0.0,1.0,0.0,1.0,1.0,1.0,2.0,9.0,0.0,0.0,1.4591032266616821,8.654333174228668,1261.63671875,2512.962158203125,0.0,0.0,0.0,0.0,0.47395461797714233,5.6226628720760345,4,1998,0.0,27.999998092651367,0.0,1.0,1.0,0.0,1.0,0.0,2.273545980453491,294.2235107421875,0.0,0.0,0.34616175293922424,5,1675,40.0,0.0,0.0,0.0,0.0,0.0,2.0,0.0,0.8809801936149597,107.62310791015625,0.0,0.0,0.9018726348876953,4,1544,30.0,0.0,0.0,0.0,0.0,0.0,2.0,0.0,2.038156747817993,658.9904174804688,0.0,0.0,0.0,3,1090,6.0,0.0,0.0,0.0,0.0,0.0,2.0,0.0,2.002547025680542,190.4884033203125,0.0,0.0,3.9006738662719727,1,1,1,8190,0,0,0,0,1,1,1,7960,0,0,0,0,8,3360,75.0,259.0,0.0,68.00000762939453,0.0,4.0,0.0,1.0,1.0,1.0,1.0,1.0,2.0,20.0,2.0,7.0,5.496708869934082,35.89865303039551,5270.240234375,8460.381164550781,0.0,229.81649780273438,0.0,0.0,1.4740580320358276,7.0018404722213745,7,3042,2.0,64.00000762939453,4.0,0.0,0.0,0.0,4.0,2.0,12.355941772460938,0.0,0.0,0.0,0.0,8,3620,89.0,4.0,0.0,1.0,0.0,0.0,4.0,0.0,5.160959243774414,453.89068603515625,229.81649780273438,0.0,0.0,7,3383,90.0,0.0,0.0,0.0,0.0,0.0,1.0,1.0,3.746105194091797,820.4034423828125,0.0,0.0,1.6871557235717773,6,2263,3.0,0.0,0.0,0.0,0.0,0.0,9.0,2.0,9.138937950134277,1915.8468017578125,0.0,0.0,3.8406267166137695,8,3237,78.0,273.0,0.0,61.50001525878906,0.0,1.5,0.0,1.0,0.0,1.0,1.0,1.0,5.0,18.0,0.0,5.0,4.935795307159424,26.787996768951416,2913.920166015625,5883.375213623047,0.0,732.6358642578125,0.0,0.0,0.6699549555778503,10.70546779036522,6,3335,3.0,57.50001525878906,1.5,1.0,1.0,0.0,3.0,3.0,7.842339038848877,294.2235107421875,0.0,0.0,0.34616175293922424,9,3434,92.0,4.0,0.0,0.0,0.0,0.0,4.0,0.0,3.5095176696777344,625.9541015625,0.0,0.0,3.022881031036377,6,3405,86.0,0.0,0.0,0.0,0.0,0.0,2.0,2.0,5.088156700134277,1741.3887939453125,732.6358642578125,0.0,0.0,6,2147,14.0,0.0,0.0,0.0,0.0,0.0,4.0,0.0,5.4121880531311035,307.8886413574219,0.0,0.0,6.666470050811768,1,1,1,15668,0,0,0,0,1,1,1,15558,0,1,0,0,11,5456,124.0,430.0,8.0,97.50001525878906,0.0,8.0,0.0,1.0,1.0,1.0,1.0,1.0,4.0,40.0,2.0,20.0,7.170360565185547,84.58456373214722,6884.2236328125,13557.418762207031,0.0,2021.1356353759766,0.0,0.0,2.100752592086792,11.89154052734375,9,4622,10.0,81.50001525878906,8.0,0.0,0.0,0.0,6.0,9.0,29.63394546508789,1154.4151611328125,487.61236572265625,0.0,3.065037727355957,11,5563,143.0,8.0,0.0,1.0,0.0,0.0,7.0,1.0,10.097772598266602,698.1305541992188,229.81649780273438,0.0,0.0,9,6247,146.0,0.0,0.0,0.0,0.0,0.0,5.0,2.0,6.883189678192139,2390.418212890625,1186.6300048828125,0.0,2.0084564685821533,7,3412,7.0,0.0,0.0,0.0,0.0,0.0,18.0,6.0,30.79929542541504,2430.231201171875,117.07676696777344,0.0,4.717293739318848,11,4917,128.0,429.0,0.0,100.70002746582031,0.0,1.5,0.0,1.0,0.0,1.0,1.0,1.0,8.0,40.0,0.0,13.0,9.061043739318848,69.9685115814209,5852.66162109375,9602.760284423828,0.0,1426.7235794067383,0.0,0.0,1.076383352279663,13.158029228448868,9,4809,5.0,92.70002746582031,1.5,1.0,1.0,0.0,5.0,5.0,16.340965270996094,294.2235107421875,0.0,0.0,0.34616175293922424,11,5306,140.0,8.0,0.0,0.0,0.0,0.0,6.0,1.0,12.497132301330566,625.9541015625,101.21186065673828,0.0,3.1979894638061523,9,5537,137.0,0.0,0.0,0.0,0.0,0.0,7.0,5.0,10.25660514831543,2352.995361328125,1325.51171875,0.0,0.0,7,3081,19.0,0.0,0.0,0.0,0.0,0.0,14.0,2.0,21.81276512145996,476.9256896972656,0.0,0.0,8.537494659423828,1,1,1,25300,0,0,0,1,1,1,1,23650,0,2,0,0,16,12867,245.0,804.0,36.0,221.50002670288086,0.0,12.0,1.0,4.0,3.0,14.0,2.0,8.0,11.0,108.0,3.0,53.0,26.18781280517578,257.83983993530273,25989.318359375,56313.69091796875,1010.3328247070312,5451.896179199219,0.0,0.0,16.499361038208008,76.97293901443481,13,8386,26.0,121.5000228881836,12.0,0.0,4.0,2.0,16.0,20.0,67.98612976074219,4671.56689453125,1245.221435546875,0.0,29.617820739746094,15,10199,212.0,13.599998474121094,0.0,2.0,4.0,1.0,14.0,1.0,22.54592514038086,6148.97802734375,635.9857177734375,0.0,11.93708324432373,15,14100,304.0,50.40000534057617,0.0,1.0,2.0,1.0,12.0,13.0,40.20989990234375,15807.5458984375,2278.8037109375,0.0,5.887368679046631,11,6544,17.0,0.0,0.0,0.0,1.0,2.0,55.0,16.0,100.91007232666016,3696.28173828125,281.552490234375,0.0,13.031305313110352,17,12397,229.0,820.0,4.0,217.50002479553223,0.0,5.5,4.0,14.0,0.0,4.0,8.0,42.0,16.0,105.0,6.0,48.0,40.28392028808594,253.66028594970703,12611.4990234375,59031.92529296875,6878.8974609375,14990.532348632812,0.0,0.0,4.500792503356934,66.54566359519958,14,11584,16.0,149.50003051757812,1.5,4.0,1.0,8.0,16.0,14.0,52.27821350097656,6056.45849609375,1138.0413818359375,0.0,10.169341087341309,16,12119,225.0,31.999998092651367,0.0,2.0,1.0,8.0,10.0,4.0,30.835956573486328,13308.369140625,2130.81298828125,0.0,22.781740188598633,16,15969,320.0,31.999996185302734,4.0,4.0,0.0,9.0,14.0,16.0,50.01852035522461,24538.490234375,4710.677734375,0.0,2.756244421005249,12,7450,30.0,0.0,0.0,0.0,2.0,9.0,49.0,8.0,80.2436752319336,2517.1083984375,132.102783203125,0.0,26.33754539489746,4,14,8,52096,0,1,0,2,14,4,42,59519,1,4,1,8
104366947889790212,108166997301178190,PCS Summer 2022,pcs_summer_2022,2022-06-23,2022-09-10,ESPORTSTMNT03:2896148,108166997302554588,1,Regular Season,regular_season,Regular Season,2022-08-04,1474,12.13.454.106,100,1,100,99566406490127625,108517492697602721,J Team,Dewish Team,100,JT Rock,Gnar,JT Kongyue,Trundle,JT Uniboy,Ahri,JT Lilv,Lucian,JT Enso,Nami,DWT Lacunae,Jax,DWT WSL,LeeSin,DWT xiaotu,Leblanc,DWT BangTwo,Aphelios,DWT EnHoa,Lulu,200,2,100,100,2,0,0,0,0,0,0,5,1535,32.0,96.0,0.0,24.0,0.0,8.0,0.0,1.0,0.0,0.0,0.0,2.0,1.0,6.0,0.0,0.0,0.0,9.751713633537292,1486.2821044921875,4634.6387939453125,51.72705078125,51.72705078125,0.0,0.0,0.9132202863693237,5.366928219795227,4,1545,0.0,24.0,8.0,0.0,0.0,1.0,1.0,0.0,3.898892402648926,549.5324096679688,0.0,0.0,3.0550105571746826,5,1640,39.0,0.0,0.0,0.0,0.0,0.0,1.0,0.0,1.55008864402771,843.289794921875,0.0,0.0,0.0,3,1467,25.0,0.0,0.0,0.0,0.0,1.0,1.0,0.0,1.528661847114563,977.0457763671875,0.0,0.0,0.0,3,1635,0.0,0.0,0.0,1.0,0.0,0.0,2.0,0.0,2.7740707397460938,778.4887084960938,0.0,0.0,1.3986973762512207,5,1472,27.0,85.0,0.0,23.999998092651367,0.0,4.0,0.0,0.0,0.0,1.0,0.0,0.0,2.0,5.0,0.0,0.0,0.3333333432674408,6.425393670797348,972.8547973632812,4247.725112915039,0.0,0.0,0.0,0.0,1.8320159912109375,8.324345171451569,4,1429,0.0,23.999998092651367,4.0,0.0,0.0,0.0,0.0,0.0,0.0,222.9895782470703,0.0,0.0,0.6716697812080383,5,1626,37.0,0.0,0.0,0.0,0.0,0.0,1.0,0.0,1.7324965000152588,865.5501708984375,0.0,0.0,3.2411041259765625,3,1258,21.0,0.0,0.0,0.0,0.0,0.0,1.0,0.0,1.90789794921875,1150.193115234375,0.0,0.0,0.0,3,1185,0.0,0.0,0.0,0.0,1.0,0.0,1.0,0.0,2.4516658782958984,1036.137451171875,0.0,0.0,2.5795552730560303,1,0,2,7822,0,0,0,0,0,1,0,6970,0,0,0,0,8,3955,81.0,240.0,0.0,51.0,0.0,15.0,0.0,3.0,0.0,2.0,0.0,7.0,4.0,14.0,0.0,1.0,3.0274291038513184,26.884392499923706,3002.327392578125,9161.764038085938,1000.0160522460938,1960.9494323730469,0.0,0.0,2.710836172103882,13.889132261276245,7,3731,4.0,51.0,15.0,1.0,1.0,2.0,2.0,1.0,8.490558624267578,1089.96875,749.7489013671875,0.0,7.408342361450195,8,3458,88.0,0.0,0.0,0.0,0.0,1.0,1.0,0.0,2.55008864402771,1437.2320556640625,211.18447875976562,0.0,1.449188232421875,6,3176,65.0,0.0,0.0,1.0,1.0,2.0,4.0,0.0,5.316878795623779,1875.169921875,0.0,0.0,0.0,5,2768,2.0,0.0,0.0,1.0,0.0,2.0,3.0,0.0,7.49943733215332,1757.06591796875,0.0,0.0,2.320765495300293,8,3220,74.0,218.0,0.0,50.00000762939453,0.0,5.5,0.0,2.0,0.0,3.0,2.0,6.0,3.0,20.0,0.0,2.0,4.526490211486816,27.205713272094727,2509.185546875,9774.541107177734,833.8303833007812,2249.8016967773438,0.0,0.0,5.5417022705078125,21.162602305412292,6,2635,0.0,50.00000762939453,5.5,0.0,1.0,1.0,4.0,0.0,3.0162949562072754,359.9019470214844,0.0,0.0,1.1749635934829712,8,3358,76.0,0.0,0.0,1.0,0.0,1.0,5.0,0.0,6.28110933303833,2628.418212890625,77.65272521972656,0.0,5.9360504150390625,6,2949,68.0,0.0,0.0,0.0,0.0,1.0,4.0,2.0,8.088814735412598,2265.722412109375,1142.7125244140625,0.0,3.201817274093628,5,2651,0.0,0.0,0.0,1.0,2.0,1.0,4.0,0.0,5.293004035949707,2011.31298828125,195.60606384277344,0.0,5.308068752288818,3,2,7,17088,0,0,0,1,2,3,6,14813,0,1,0,0,11,5821,129.0,401.0,0.0,76.60001373291016,0.0,15.0,0.0,5.0,1.0,3.0,1.0,11.0,7.0,32.0,2.0,10.0,13.75239372253418,73.3811206817627,4650.2197265625,18387.32373046875,1258.8099365234375,2371.7870483398438,0.0,0.0,6.791101455688477,30.129279613494873,9,5082,9.0,76.60001373291016,15.0,1.0,1.0,3.0,4.0,4.0,19.492719650268555,4050.097412109375,749.7489013671875,0.0,12.148101806640625,11,5494,137.0,0.0,0.0,1.0,0.0,2.0,2.0,0.0,4.050088882446289,3024.523681640625,211.18447875976562,0.0,3.2050957679748535,8,4943,122.0,0.0,0.0,1.0,1.0,3.0,6.0,3.0,9.86939811706543,3246.223876953125,0.0,0.0,0.0,7,4178,4.0,0.0,0.0,2.0,0.0,2.0,13.0,1.0,26.216520309448242,3416.259033203125,152.04373168945312,0.0,7.984980583190918,11,5240,118.0,371.0,5.0,79.00001525878906,0.0,5.5,0.0,3.0,0.0,5.0,3.0,7.0,5.0,35.0,0.0,6.0,6.007605075836182,52.66822862625122,4717.07470703125,16772.419555664062,1609.2110595703125,3994.4739837646484,0.0,0.0,8.418838500976562,34.947192668914795,8,4130,5.0,70.00001525878906,5.5,1.0,2.0,1.0,6.0,1.0,10.130906105041504,1249.2943115234375,0.0,0.0,3.3718185424804688,10,5286,124.0,0.0,0.0,1.0,0.0,1.0,7.0,0.0,12.624883651733398,4631.0009765625,1046.9443359375,0.0,9.990982055664062,8,4781,119.0,4.0,0.0,0.0,1.0,1.0,8.0,2.0,12.051383972167969,2942.906005859375,1142.7125244140625,0.0,3.784489154815674,7,3678,5.0,0.0,0.0,1.0,2.0,1.0,9.0,3.0,11.853449821472168,3232.1435546875,195.60606384277344,0.0,9.381064414978027,5,3,11,25518,0,1,0,1,3,5,7,23115,0,1,0,0,14,11344,185.0,634.0,13.499998092651367,134.00001907348633,13.499998092651367,33.99999809265137,3.0,21.0,1.0,6.0,7.0,53.0,11.0,82.0,7.0,32.0,31.16684341430664,185.3460865020752,13464.7265625,57789.763671875,4912.8603515625,17055.072387695312,0.0,0.0,13.605785369873047,68.09876460209489,13,9652,25.0,102.10002136230469,16.5,2.0,1.0,16.0,8.0,9.0,39.50670623779297,11936.73046875,4278.8154296875,0.0,25.824691772460938,15,12037,218.0,4.0,0.0,8.0,0.0,7.0,6.0,3.0,16.911325454711914,13387.94140625,4137.16796875,0.0,9.890657424926758,13,10843,196.0,14.399999618530273,4.0,5.0,3.0,9.0,9.0,7.0,23.815738677978516,10700.1796875,2685.57080078125,0.0,0.033516112715005875,11,7954,10.0,0.0,0.0,3.0,1.0,14.0,48.0,6.0,73.94547271728516,8300.185546875,1040.6578369140625,0.0,18.74411392211914,13,7917,172.0,589.0,5.0,119.50001564621925,0.0,5.5,0.0,6.0,4.0,21.0,3.0,9.0,11.0,78.0,0.0,21.0,18.725894927978516,145.1702823638916,5887.71533203125,41836.53271484375,3996.282958984375,6707.213851928711,0.0,0.0,13.814346313476562,73.98721027374268,11,6657,15.0,90.50001525878906,5.5,2.0,6.0,2.0,13.0,4.0,24.91756248474121,5897.0234375,0.0,0.0,11.601617813110352,13,8839,179.0,12.0,0.0,3.0,2.0,1.0,12.0,3.0,28.08379364013672,13811.4931640625,1372.6123046875,0.0,22.67160987854004,12,8373,213.0,11.600000381469727,0.0,0.0,3.0,1.0,13.0,7.0,29.473217010498047,11300.8779296875,1142.7125244140625,0.0,5.7611494064331055,10,5448,10.0,0.4000000059604645,0.0,1.0,6.0,2.0,29.0,7.0,43.96981430053711,4939.4228515625,195.60606384277344,0.0,20.138486862182617,21,6,53,51830,1,2,1,9,6,21,9,37234,0,1,0,1
104366947889790212,108166997301178190,PCS Summer 2022,pcs_summer_2022,2022-06-23,2022-09-10,ESPORTSTMNT03:2896140,108166997302554590,1,Regular Season,regular_season,Regular Season,2022-08-04,2099,12.13.454.106,100,2,100,106269859169658575,107760667929003738,Impunity Esports,Frank Esports,200,IMP Jackpot,Kennen,IMP Alex,Vi,IMP Husky,Lissandra,IMP Lz,Aphelios,IMP Yusin,Alistar,FAK YSKM,Jax,FAK Holo,XinZhao,FAK Pretender,Ahri,FAK MnM,Sivir,FAK Keres,Rakan,200,3,200,100,2,0,0,0,0,0,0,4,1409,27.0,109.0,0.0,27.999998092651367,0.0,0.0,0.0,0.0,0.0,0.0,0.0,0.0,2.0,8.0,0.0,1.0,0.3333333432674408,8.154472321271896,1364.99951171875,2828.186363220215,0.0,0.0,0.0,0.0,2.3007354736328125,4.416922688484192,4,1529,1.0,27.999998092651367,0.0,0.0,0.0,0.0,1.0,1.0,4.913671493530273,127.50499725341797,0.0,0.0,0.761932373046875,5,1577,34.0,0.0,0.0,0.0,0.0,0.0,2.0,0.0,1.468727707862854,511.1238708496094,0.0,0.0,0.0,4,1737,41.0,0.0,0.0,0.0,0.0,0.0,1.0,0.0,0.0,686.0072631835938,0.0,0.0,0.0,4,1132,6.0,0.0,0.0,0.0,0.0,0.0,2.0,0.0,1.4387397766113281,138.55072021484375,0.0,0.0,1.3542548418045044,5,1381,23.0,102.0,0.0,31.749998092651367,0.0,0.0,0.0,0.0,0.0,0.0,0.0,0.0,1.0,7.0,0.0,1.0,0.3333333432674408,9.279902309179306,821.9564819335938,2398.750457763672,0.0,0.0,0.0,0.0,2.093292236328125,3.3551788330078125,4,1647,1.0,31.749998092651367,0.0,0.0,0.0,0.0,1.0,1.0,4.587513446807861,0.0,0.0,0.0,0.0,5,1521,31.0,0.0,0.0,0.0,0.0,0.0,2.0,0.0,1.3493229150772095,1001.4342651367188,0.0,0.0,1.2618865966796875,4,1682,41.0,0.0,0.0,0.0,0.0,0.0,1.0,0.0,1.363937497138977,369.5520324707031,0.0,0.0,0.0,4,1132,6.0,0.0,0.0,0.0,0.0,0.0,2.0,0.0,1.6457951068878174,205.80767822265625,0.0,0.0,0.0,0,0,0,7384,0,0,0,0,0,0,0,7363,0,0,0,0,8,3916,71.0,264.0,0.0,60.00000762939453,0.0,0.0,1.0,4.0,0.0,0.0,3.0,15.0,3.0,17.0,1.0,11.0,6.132532119750977,40.899940967559814,4050.4248046875,9723.397155761719,250.52203369140625,504.0519714355469,0.0,0.0,7.9543914794921875,27.11989027261734,6,3351,4.0,56.00000762939453,0.0,1.0,0.0,2.0,2.0,4.0,13.568273544311523,810.1558837890625,0.0,0.0,3.8313088417053223,8,3488,79.0,4.0,0.0,0.0,0.0,4.0,4.0,1.0,3.9034810066223145,2066.870849609375,253.52993774414062,0.0,5.453031063079834,7,4167,92.0,0.0,0.0,2.0,0.0,2.0,4.0,2.0,6.536333084106445,1837.4853515625,0.0,0.0,0.6182547211647034,6,2292,18.0,0.0,0.0,0.0,0.0,4.0,4.0,3.0,10.759321212768555,958.4602661132812,0.0,0.0,9.262904167175293,7,2620,54.0,242.0,0.0,55.75000762939453,0.0,0.0,0.0,0.0,1.0,4.0,0.0,0.0,5.0,21.0,1.0,8.0,3.779550790786743,37.0122492313385,1311.5003662109375,7130.423797607422,0.0,0.0,0.0,0.0,3.013397216796875,10.602747559547424,6,2845,3.0,55.75000762939453,0.0,0.0,1.0,0.0,2.0,3.0,10.788030624389648,320.5320129394531,0.0,0.0,0.7062288522720337,8,2992,76.0,0.0,0.0,0.0,1.0,0.0,4.0,1.0,8.394241333007812,3062.565673828125,0.0,0.0,1.2618865966796875,7,3316,94.0,0.0,0.0,0.0,0.0,0.0,4.0,1.0,4.370478630065918,1499.941162109375,0.0,0.0,0.0,6,2114,15.0,0.0,0.0,0.0,1.0,0.0,6.0,2.0,9.679947853088379,935.8845825195312,0.0,0.0,5.621234893798828,4,0,15,17214,0,0,0,0,0,4,0,13887,0,1,0,0,11,6086,120.0,414.0,0.0,102.0000228881836,0.0,6.0,2.0,8.0,1.0,3.0,3.0,21.0,5.0,34.0,1.0,15.0,9.475172996520996,67.2362174987793,6848.71826171875,19898.502319335938,807.83544921875,3916.352294921875,0.0,0.0,10.791671752929688,52.34524345397949,9,6047,12.0,86.0000228881836,6.0,3.0,1.0,3.0,5.0,5.0,17.178720474243164,2549.435546875,795.7430419921875,0.0,8.552988052368164,10,5947,127.0,4.0,0.0,0.0,0.0,6.0,6.0,2.0,7.765835762023926,3843.94970703125,837.163330078125,0.0,12.532806396484375,10,7043,133.0,12.0,0.0,3.0,1.0,3.0,6.0,2.0,9.615005493164062,4902.73046875,1475.6104736328125,0.0,4.827061653137207,7,3323,22.0,0.0,0.0,0.0,0.0,6.0,12.0,5.0,23.20148277282715,1753.6683349609375,0.0,0.0,15.640715599060059,9,4097,84.0,390.0,0.0,93.75001525878906,0.0,0.0,0.0,3.0,2.0,8.0,1.0,3.0,5.0,33.0,2.0,14.0,5.279550552368164,61.06000518798828,1969.3275146484375,18073.439392089844,0.0,1217.4805908203125,0.0,0.0,5.183746337890625,27.072810530662537,9,4444,15.0,87.75001525878906,0.0,0.0,2.0,0.0,3.0,5.0,16.58218002319336,656.4192504882812,0.0,0.0,1.03888738155365,10,5406,128.0,4.0,0.0,1.0,2.0,0.0,6.0,2.0,11.031898498535156,4698.7421875,1217.4805908203125,0.0,5.8091888427734375,10,6119,139.0,2.0,0.0,2.0,0.0,0.0,6.0,2.0,7.188114166259766,8534.6318359375,0.0,0.0,0.0,8,3521,24.0,0.0,0.0,0.0,2.0,2.0,13.0,3.0,20.978261947631836,2214.318603515625,0.0,0.0,15.040987968444824,8,3,21,28446,0,0,0,1,3,8,3,23587,0,2,0,0,16,12352,234.0,829.0,15.0,217.0,0.0,7.5,4.0,12.0,5.0,24.0,3.0,33.0,11.0,115.0,11.0,66.0,35.97613525390625,260.715087890625,17203.59375,70527.86474609375,807.83544921875,7044.532382965088,0.0,0.0,18.398727416992188,126.17317581176758,14,11172,39.0,160.0,6.0,3.0,3.0,5.0,16.0,19.0,59.232261657714844,7067.0478515625,795.7430419921875,0.0,23.74311065673828,15,11665,225.0,8.0,1.5,1.0,5.0,9.0,14.0,15.0,46.072044372558594,13721.873046875,1776.210205078125,0.0,39.878326416015625,15,15139,295.0,34.0,0.0,4.0,5.0,6.0,13.0,12.0,37.84828186035156,27410.037109375,3603.194580078125,0.0,8.779888153076172,13,7377,36.0,0.0,0.0,0.0,6.0,10.0,61.0,9.0,81.58636474609375,5125.31298828125,61.54910659790039,0.0,35.37312316894531,18,14692,236.0,857.0,24.39999771118164,213.75003242492676,0.0,8.0,5.0,24.0,4.0,12.0,10.0,64.0,16.0,134.0,4.0,56.0,27.586284637451172,298.2988815307617,10477.26953125,76181.4912109375,3832.5419921875,15634.86880493164,0.0,0.0,14.408966064453125,86.64260339736938,16,11315,27.0,139.35003662109375,0.0,2.0,2.0,15.0,11.0,10.0,43.62192916870117,9310.7919921875,2237.587890625,0.0,17.587406158447266,16,13333,217.0,15.999998092651367,4.0,7.0,2.0,8.0,26.0,16.0,63.167152404785156,20846.337890625,3262.08740234375,0.0,24.210268020629883,17,18832,345.0,34.0,4.0,10.0,0.0,12.0,16.0,17.0,61.19164276123047,31188.748046875,5900.68212890625,0.0,5.369598865509033,13,8274,32.0,0.0,0.0,0.0,4.0,19.0,65.0,9.0,102.73187255859375,4358.34375,401.9693908691406,0.0,25.066364288330078,12,24,33,57705,0,2,0,3,24,12,64,66446,1,3,1,8
104366947889790212,108166997301178190,PCS Summer 2022,pcs_summer_2022,2022-06-23,2022-09-10,ESPORTSTMNT03:2896154,108166997302554620,1,Regular Season,regular_season,Regular Season,2022-08-04,2059,12.13.454.106,100,3,100,104367068120825486,107700211633200412,PSG Talon,Meta Falcon Team,100,PSG Hanabi,Ornn,PSG Burry,XinZhao,PSG Gori,Azir,PSG Unified,Sivir,PSG Kaiwing,Leona,MFT Taco,Gwen,MFT 665,Skarner,MFT Hong2,Corki,MFT Whale,Aphelios,MFT 1SSUE,Trundle,200,2,100,100,2,0,1,100,6,0,0,5,1410,26.0,104.0,0.0,36.0,0.0,0.0,0.0,1.0,0.0,1.0,0.0,0.0,1.0,4.0,0.0,1.0,0.0,5.975051999092102,857.3442993164062,3982.5281372070312,0.0,0.0,0.0,0.0,2.695723295211792,4.180670380592346,4,1775,1.0,36.0,0.0,0.0,0.0,0.0,1.0,1.0,4.493345737457275,0.0,0.0,0.0,0.0,5,1987,37.0,0.0,0.0,1.0,1.0,0.0,1.0,0.0,1.4817062616348267,2782.28564453125,0.0,0.0,1.4849470853805542,4,1606,35.0,0.0,0.0,0.0,0.0,0.0,0.0,0.0,0.0,342.898193359375,0.0,0.0,0.0,3,1126,5.0,0.0,0.0,0.0,0.0,0.0,1.0,0.0,0.0,0.0,0.0,0.0,0.0,5,1641,37.0,102.0,0.0,31.999998092651367,0.0,0.0,0.0,1.0,0.0,1.0,0.0,1.0,1.0,8.0,0.0,0.0,1.4731849431991577,7.05496209859848,1428.8333740234375,1857.9294185638428,35.57609176635742,35.57609176635742,0.0,0.0,0.0,2.0836791694164276,4,1985,2.0,31.999998092651367,0.0,1.0,0.0,0.0,2.0,0.0,1.8356250524520874,28.37996482849121,0.0,0.0,0.22306248545646667,4,1482,23.0,0.0,0.0,0.0,1.0,1.0,1.0,0.0,0.0,239.3624725341797,0.0,0.0,0.0,4,1552,32.0,0.0,0.0,0.0,0.0,0.0,2.0,0.0,3.0794854164123535,161.35360717773438,0.0,0.0,0.0,4,1177,8.0,0.0,0.0,0.0,0.0,0.0,2.0,0.0,0.6666666865348816,0.0,0.0,0.0,1.860616683959961,1,1,0,7904,0,0,0,0,1,1,1,7837,0,0,0,0,8,3056,78.0,268.0,0.0,67.20001983642578,0.0,7.199999809265137,0.0,3.0,0.0,4.0,0.0,5.0,4.0,22.0,0.0,7.0,3.0945558547973633,35.5646858215332,1666.5947265625,12550.099304199219,668.6190185546875,668.6190185546875,0.0,0.0,3.3573966026306152,15.664249658584595,7,3186,1.0,63.20001983642578,7.199999809265137,0.0,1.0,2.0,3.0,1.0,8.01321792602539,782.015625,0.0,0.0,1.3402478694915771,9,4041,84.0,4.0,0.0,2.0,2.0,0.0,4.0,2.0,8.059845924377441,6384.66748046875,0.0,0.0,5.31793212890625,7,3652,88.0,0.0,0.0,1.0,1.0,1.0,6.0,1.0,5.545360565185547,3041.606689453125,0.0,0.0,0.0,5,2326,17.0,0.0,0.0,0.0,0.0,2.0,5.0,3.0,10.851705551147461,675.2147827148438,0.0,0.0,5.648673057556152,8,3822,83.0,260.0,0.0,52.80000305175781,0.0,0.0,2.0,4.0,0.0,3.0,0.0,5.0,4.0,21.0,2.0,9.0,7.278753280639648,41.274373054504395,3653.53515625,6512.378356933594,35.57609176635742,843.0514945983887,0.0,0.0,0.8992054462432861,10.327568292617798,6,3551,6.0,44.80000305175781,0.0,2.0,0.0,2.0,4.0,4.0,13.869771957397461,621.1854858398438,0.0,0.0,2.6509547233581543,8,3407,82.0,4.0,0.0,0.0,1.0,1.0,3.0,0.0,3.2260913848876953,871.6658325195312,0.0,0.0,0.0,6,3312,71.0,4.0,0.0,0.0,1.0,1.0,5.0,0.0,5.832160949707031,1002.4137573242188,807.4754028320312,0.0,3.097808837890625,6,2330,18.0,0.0,0.0,0.0,1.0,1.0,5.0,3.0,11.067595481872559,363.578125,0.0,0.0,3.6795992851257324,3,4,5,16261,0,0,0,0,4,3,5,16422,0,1,0,0,11,4865,129.0,448.0,0.0,95.20003509521484,0.0,7.199999809265137,0.0,5.0,0.0,4.0,0.0,8.0,7.0,39.0,1.0,14.0,8.99601936340332,71.52342700958252,2078.85693359375,19479.525512695312,668.6190185546875,2677.1588134765625,0.0,0.0,3.7612662315368652,28.171444416046143,9,5109,9.0,91.20003509521484,7.199999809265137,0.0,1.0,3.0,5.0,3.0,12.834590911865234,1776.5443115234375,0.0,0.0,2.3432388305664062,11,6070,132.0,4.0,0.0,3.0,2.0,1.0,5.0,2.0,8.593179702758789,10992.7080078125,0.0,0.0,11.422922134399414,10,6245,148.0,0.0,0.0,1.0,1.0,1.0,8.0,1.0,10.545838356018066,3491.43994140625,2008.539794921875,0.0,0.0,8,3941,30.0,0.0,0.0,1.0,0.0,3.0,14.0,7.0,30.55379867553711,1139.976318359375,0.0,0.0,10.644017219543457,11,6359,148.0,437.0,8.0,88.80001831054688,4.0,8.0,2.0,4.0,0.0,5.0,0.0,5.0,7.0,37.0,3.0,16.0,14.060953140258789,76.66261959075928,4821.068359375,11498.651245117188,2775.4091796875,3582.8845825195312,0.0,0.0,0.8992054462432861,20.597565412521362,9,5109,18.0,72.80001831054688,4.0,2.0,0.0,2.0,5.0,5.0,19.80401039123535,1698.8778076171875,0.0,0.0,9.088947296142578,10,5071,131.0,4.0,0.0,0.0,2.0,1.0,5.0,2.0,7.861841201782227,1708.017578125,0.0,0.0,0.0,9,4893,115.0,4.0,0.0,0.0,1.0,1.0,7.0,2.0,12.973015785217285,2044.575439453125,807.4754028320312,0.0,4.249969482421875,7,3321,25.0,0.0,0.0,0.0,2.0,1.0,13.0,4.0,21.962799072265625,1226.112060546875,0.0,0.0,6.359443187713623,5,4,8,26230,0,1,0,1,4,5,5,24753,0,1,0,0,17,12311,272.0,970.0,0.5,216.2000503540039,0.0,26.199997901916504,0.0,20.0,0.0,8.0,9.0,48.0,19.0,128.0,8.0,65.0,41.190616607666016,299.6595344543457,9280.1328125,81355.66674804688,3363.814453125,19433.93212890625,0.0,0.0,25.75446128845215,91.27017116546631,14,10246,24.0,133.10003662109375,11.09999942779541,0.0,2.0,11.0,13.0,12.0,47.297061920166016,6847.39990234375,462.30712890625,0.0,8.109841346740723,18,18193,298.0,33.0,5.5,13.0,4.0,6.0,14.0,9.0,39.6815071105957,42714.4609375,6076.578125,0.0,19.264326095581055,18,17315,330.0,49.600013732910156,9.599998474121094,4.0,2.0,13.0,18.0,14.0,53.891761779785156,19581.359375,9531.232421875,0.0,4.487855911254883,13,9340,46.0,0.0,0.0,3.0,0.0,9.0,64.0,22.0,117.59858703613281,2932.313720703125,0.0,0.0,33.6536865234375,18,14476,299.0,964.0,59.50000762939453,239.80002212524414,18.0,34.0,3.0,8.0,2.0,20.0,2.0,16.0,13.0,116.0,14.0,60.0,44.65260314941406,266.0117721557617,17549.939453125,50579.390869140625,3348.213623046875,6268.799560546875,0.0,0.0,5.45265531539917,61.38825082778931,13,9840,25.0,120.30001831054688,12.0,3.0,6.0,3.0,14.0,10.0,43.565757751464844,3238.479248046875,0.0,0.0,22.639917373657227,17,13462,307.0,24.0,4.0,0.0,5.0,4.0,16.0,6.0,39.12659454345703,17653.12890625,2071.32568359375,0.0,6.005499362945557,15,13369,289.0,35.999996185302734,0.0,2.0,3.0,2.0,16.0,14.0,46.02091979980469,8992.9345703125,849.26025390625,0.0,7.089415073394775,12,6919,44.0,0.0,0.0,0.0,4.0,5.0,57.0,16.0,92.6458969116211,3144.90869140625,0.0,0.0,20.200763702392578,20,8,48,67405,1,4,1,9,8,20,16,58066,0,1,0,2
104366947889790212,108166997301178190,PCS Summer 2022,pcs_summer_2022,2022-06-23,2022-09-10,ESPORTSTMNT03:2896130,108166997302554624,1,Regular Season,regular_season,Regular Season,2022-08-04,1890,12.13.454.106,100,1,100,107700211633200412,99566406490127625,Meta Falcon Team,J Team,200,MFT Taco,Sejuani,MFT 665,Viego,MFT Hong2,Sylas,MFT Whale,Sivir,MFT 1SSUE,Leona,JT Rock,Gwen,JT Kongyue,MonkeyKing,JT Uniboy,Azir,JT Lilv,Aphelios,JT Enso,Rakan,100,2,200,200,1,1,0,0,0,0,0,5,1749,32.0,98.0,0.0,27.75,0.0,0.0,0.0,1.0,0.0,0.0,1.0,1.0,1.0,8.0,0.0,1.0,0.0,7.34220814704895,1105.7396240234375,2317.2920989990234,0.0,37.23414611816406,0.0,0.0,3.030430316925049,7.2903358936309814,5,2005,2.0,27.75,0.0,1.0,0.0,0.0,2.0,0.0,1.938692569732666,353.6285095214844,37.23414611816406,0.0,0.938323974609375,5,1521,31.0,0.0,0.0,0.0,0.0,0.0,1.0,0.0,0.0,262.10601806640625,0.0,0.0,1.4487285614013672,3,1442,29.0,0.0,0.0,0.0,0.0,0.0,2.0,1.0,2.92136812210083,551.2421875,0.0,0.0,0.0,3,1058,4.0,0.0,0.0,0.0,0.0,0.0,2.0,0.0,2.482147455215454,44.57575988769531,0.0,0.0,1.8728530406951904,5,1563,33.0,105.0,0.0,34.0,0.0,0.0,0.0,0.0,1.0,1.0,0.0,0.0,1.0,8.0,0.0,1.0,0.0,6.44382905960083,1460.0018310546875,3305.3211975097656,0.0,0.0,0.0,0.0,0.0,0.0,4,1730,1.0,34.0,0.0,0.0,0.0,0.0,1.0,1.0,3.498223304748535,0.0,0.0,0.0,0.0,5,1570,35.0,0.0,0.0,0.0,0.0,0.0,2.0,0.0,1.5074995756149292,1242.71435546875,0.0,0.0,0.0,4,1552,31.0,0.0,0.0,0.0,0.0,0.0,2.0,0.0,0.9047728180885315,453.6167907714844,0.0,0.0,0.0,3,1055,5.0,0.0,0.0,0.0,0.0,0.0,2.0,0.0,0.5333333611488342,148.98822021484375,0.0,0.0,0.0,1,0,1,7775,0,0,0,0,0,1,0,7470,0,0,0,0,7,3236,61.0,242.0,4.0,56.95001220703125,0.0,1.2000000476837158,0.0,3.0,0.0,1.0,2.0,5.0,4.0,17.0,0.0,6.0,4.559907913208008,37.26815223693848,3343.246337890625,7969.823791503906,567.6566162109375,604.8907623291016,0.0,0.0,9.623915672302246,25.916587114334106,7,3583,6.0,48.95001220703125,1.2000000476837158,2.0,0.0,1.0,3.0,3.0,11.533686637878418,908.2211303710938,37.23414611816406,0.0,1.6087777614593506,8,3579,78.0,4.0,0.0,1.0,1.0,1.0,2.0,1.0,4.881267547607422,1913.903564453125,0.0,0.0,7.327005863189697,7,3135,84.0,0.0,0.0,0.0,0.0,0.0,3.0,2.0,6.774538993835449,1321.8795166015625,0.0,0.0,0.0,5,2125,13.0,0.0,0.0,0.0,0.0,1.0,5.0,0.0,9.51875114440918,482.5732421875,0.0,0.0,7.3568878173828125,8,3192,83.0,278.0,0.0,62.8000091612339,0.0,0.0,0.0,1.0,2.0,3.0,1.0,3.0,3.0,18.0,0.0,5.0,5.159334182739258,33.718130588531494,3355.46728515625,10411.784423828125,0.0,0.0,0.0,0.0,1.7842060327529907,14.667867302894592,7,3425,5.0,62.40000915527344,0.0,1.0,0.0,0.0,2.0,2.0,11.178733825683594,681.1243896484375,0.0,0.0,3.650390625,8,3231,87.0,0.4000000059604645,0.0,0.0,1.0,1.0,3.0,1.0,5.220893859863281,4286.4814453125,0.0,0.0,5.982838153839111,7,3367,88.0,0.0,0.0,0.0,0.0,0.0,4.0,1.0,4.977594375610352,1158.9451904296875,0.0,0.0,1.0715384483337402,5,2098,15.0,0.0,0.0,0.0,0.0,1.0,6.0,1.0,7.18157434463501,929.76611328125,0.0,0.0,2.17889404296875,3,1,5,15658,0,1,0,0,1,3,3,15313,0,0,0,0,10,5548,101.0,369.0,8.0,96.5500259399414,0.0,8.800000190734863,1.0,8.0,1.0,3.0,5.0,16.0,7.0,35.0,0.0,13.0,9.99372673034668,69.51711797714233,6415.99267578125,18003.455932617188,1347.53662109375,1978.8685455322266,0.0,0.0,16.05989646911621,48.45976972579956,9,5644,7.0,80.5500259399414,8.800000190734863,4.0,0.0,2.0,4.0,4.0,14.367019653320312,3666.658935546875,37.23414611816406,0.0,5.0088372230529785,11,5998,124.0,4.0,0.0,3.0,1.0,2.0,3.0,1.0,7.973634243011475,4468.4423828125,0.0,0.0,13.116619110107422,9,4994,117.0,4.0,0.0,0.0,0.0,3.0,6.0,4.0,11.079261779785156,2354.255859375,594.0977783203125,0.0,0.0,7,3322,20.0,0.0,0.0,0.0,1.0,4.0,15.0,4.0,26.10347557067871,1098.1060791015625,0.0,0.0,14.27441692352295,10,4830,117.0,404.0,1.5,100.70001831650734,0.0,0.0,1.0,3.0,4.0,8.0,1.0,8.0,5.0,31.0,0.0,15.0,6.731789588928223,66.13005542755127,6768.15673828125,23999.375,0.0,0.0,0.0,0.0,5.053799629211426,37.282394886016846,9,5030,10.0,86.80001831054688,0.0,1.0,1.0,2.0,3.0,7.0,21.24540138244629,2444.845458984375,0.0,0.0,7.857589244842529,10,4684,128.0,0.4000000059604645,0.0,0.0,2.0,1.0,3.0,1.0,5.220893859863281,9214.759765625,0.0,0.0,9.929661750793457,10,5836,126.0,12.0,0.0,1.0,0.0,1.0,5.0,1.0,9.369596481323242,3520.3203125,0.0,0.0,3.3074331283569336,7,3231,23.0,0.0,0.0,0.0,1.0,3.0,15.0,6.0,23.562374114990234,2051.292724609375,0.0,0.0,11.1339111328125,8,3,16,25506,0,2,0,0,3,8,8,23611,0,0,0,0,15,11281,190.0,783.0,24.0,185.7500228881836,4.0,13.200000196695328,2.0,14.0,4.0,18.0,9.0,33.0,15.0,91.0,4.0,49.0,33.98929214477539,245.54544067382812,14033.5302734375,47089.810791015625,4554.0478515625,8527.874038696289,0.0,0.0,29.092788696289062,91.28769540786743,12,9628,21.0,106.35002899169922,8.800000190734863,6.0,4.0,5.0,8.0,16.0,45.64935302734375,7451.69921875,37.23414611816406,0.0,10.163643836975098,17,13890,284.0,27.0,0.0,5.0,2.0,3.0,6.0,8.0,31.379108428955078,10264.2158203125,1611.24267578125,0.0,21.411535263061523,15,12127,253.0,28.399993896484375,0.4000000059604645,1.0,3.0,8.0,14.0,9.0,39.335609436035156,12707.41015625,2325.349365234375,0.0,1.647355556488037,11,6687,35.0,0.0,0.0,0.0,5.0,8.0,48.0,12.0,95.19207763671875,2632.955322265625,0.0,0.0,28.97237205505371,16,13394,228.0,843.0,19.5,205.5000343322754,0.0,3.200000047683716,5.0,18.0,5.0,14.0,12.0,59.0,12.0,101.0,3.0,46.0,23.126447677612305,221.81902313232422,18750.896484375,78217.7724609375,3341.131591796875,19385.20819091797,0.0,0.0,10.841489791870117,77.53142881393433,14,10715,45.0,115.20003509521484,3.200000047683716,3.0,4.0,11.0,10.0,18.0,57.36613464355469,8844.408203125,1206.84716796875,0.0,20.24692153930664,17,12322,259.0,24.39999771118164,0.0,1.0,3.0,11.0,8.0,5.0,24.236818313598633,23800.57421875,4692.0,0.0,17.19093132019043,16,15949,273.0,46.400001525878906,0.0,7.0,1.0,10.0,13.0,5.0,28.28424072265625,22620.447265625,9589.5615234375,0.0,7.976085186004639,12,8018,38.0,0.0,0.0,2.0,1.0,15.0,58.0,15.0,88.80538177490234,4201.4462890625,555.6679077148438,0.0,21.2760009765625,14,18,33,53613,0,3,0,4,18,14,59,60398,1,1,1,6
104366947889790212,108166997301178190,PCS Summer 2022,pcs_summer_2022,2022-06-23,2022-09-10,ESPORTSTMNT03:2930131,108166997302554558,1,Regular Season,regular_season,Regular Season,2022-08-05,1889,12.13.454.106,100,3,200,99566406490127625,107700199633958891,J Team,CTBC Flying Oyster,100,JT Rock,Gwen,JT Kongyue,LeeSin,JT Uniboy,Sylas,JT Lilv,Zeri,JT Enso,Alistar,CFO Rest,Camille,CFO Gemini,Vi,CFO Mission,Taliyah,CFO Atlen,Yuumi,CFO Shunn,Sivir,200,2,100,100,2,0,0,0,0,0,0,5,1521,29.0,99.0,0.0,28.799997329711914,0.0,0.0,0.0,0.0,0.0,1.0,0.0,0.0,2.0,8.0,0.0,0.0,1.4727783203125,5.617619156837463,696.2933959960938,2683.676597595215,0.0,0.0,0.0,0.0,0.0,5.476845145225525,4,1581,0.0,28.799997329711914,0.0,0.0,1.0,0.0,2.0,0.0,2.5959298610687256,529.8374633789062,0.0,0.0,1.3707942962646484,5,1419,28.0,0.0,0.0,0.0,0.0,0.0,2.0,0.0,0.0,1321.058349609375,0.0,0.0,2.4634289741516113,4,1685,38.0,0.0,0.0,0.0,0.0,0.0,1.0,0.0,1.5489109754562378,101.41552734375,0.0,0.0,0.0,4,1090,4.0,0.0,0.0,0.0,0.0,0.0,1.0,0.0,0.0,35.071861267089844,0.0,0.0,1.6426218748092651,5,1563,37.0,107.0,0.0,27.999998092651367,0.0,0.0,0.0,1.0,0.0,0.0,0.0,1.0,1.0,7.0,0.0,0.0,0.0,4.502838969230652,648.2371826171875,5847.619445800781,0.0,0.0,0.0,0.0,1.5048065185546875,10.270441770553589,4,1985,0.0,27.999998092651367,0.0,1.0,0.0,0.0,1.0,0.0,1.495582103729248,1502.6585693359375,0.0,0.0,3.8329994678497314,5,1717,33.0,0.0,0.0,0.0,0.0,1.0,2.0,0.0,1.5179061889648438,1904.4007568359375,0.0,0.0,3.5676534175872803,4,1165,0.0,0.0,0.0,0.0,0.0,0.0,1.0,0.0,1.48935067653656,919.5672607421875,0.0,0.0,1.3649823665618896,4,1677,37.0,0.0,0.0,0.0,0.0,0.0,2.0,0.0,0.0,872.7556762695312,0.0,0.0,0.0,0,1,0,7296,0,0,0,0,1,0,1,8107,0,0,0,0,8,3370,76.0,255.0,0.0,60.000003814697266,0.0,0.0,0.0,2.0,0.0,3.0,1.0,3.0,4.0,17.0,2.0,3.0,6.676493167877197,21.812334775924683,1394.3804931640625,5710.327102661133,582.2174072265625,582.2174072265625,0.0,0.0,0.0,10.008430242538452,7,3549,0.0,56.000003814697266,0.0,2.0,2.0,0.0,4.0,0.0,3.495919942855835,2087.396240234375,0.0,0.0,3.0598628520965576,8,3152,77.0,4.0,0.0,0.0,1.0,1.0,2.0,0.0,2.8510289192199707,1764.37353515625,0.0,0.0,3.5434396266937256,7,3391,90.0,0.0,0.0,0.0,0.0,0.0,3.0,1.0,4.608041763305664,201.16603088378906,0.0,0.0,0.0,6,2119,12.0,0.0,0.0,0.0,0.0,1.0,4.0,0.0,4.180850982666016,263.01080322265625,0.0,0.0,3.405127763748169,8,3383,80.0,250.0,2.0,62.000003814697266,0.0,0.0,0.0,3.0,1.0,2.0,1.0,3.0,4.0,17.0,0.0,3.0,3.508890151977539,19.119365215301514,1435.6923828125,9565.474487304688,575.2786254882812,1826.433349609375,0.0,0.0,2.960651397705078,21.159419059753418,7,3483,5.0,52.000003814697266,0.0,2.0,0.0,0.0,2.0,2.0,7.459739685058594,1880.9556884765625,0.0,0.0,4.843762397766113,8,3676,72.0,8.0,0.0,1.0,1.0,2.0,4.0,0.0,3.139420509338379,2599.256591796875,0.0,0.0,10.808048248291016,6,2232,0.0,0.0,0.0,0.0,0.0,0.0,4.0,0.0,1.8226840496063232,2082.484619140625,407.20965576171875,0.0,2.546957015991211,6,3544,93.0,0.0,0.0,0.0,0.0,0.0,3.0,1.0,3.1886308193206787,1567.085205078125,843.945068359375,0.0,0.0,2,3,3,15581,0,0,0,0,3,2,3,16318,0,1,0,0,11,5610,133.0,412.0,0.0,80.00001525878906,0.0,4.0,0.0,6.0,0.0,4.0,2.0,9.0,6.0,36.0,2.0,7.0,11.578873634338379,63.93182325363159,3411.319580078125,15587.546142578125,1694.1407470703125,4283.2110595703125,0.0,0.0,0.5831783413887024,28.284196257591248,9,5621,6.0,76.00001525878906,4.0,4.0,2.0,0.0,9.0,0.0,12.875175476074219,4832.09326171875,259.9302978515625,0.0,8.347847938537598,10,5469,121.0,4.0,0.0,1.0,1.0,2.0,2.0,0.0,3.8510289192199707,3511.021240234375,671.2957763671875,0.0,7.254877090454102,9,6547,136.0,0.0,0.0,1.0,0.0,1.0,5.0,4.0,12.494892120361328,2169.39404296875,1657.84423828125,0.0,0.7044969201087952,8,3281,16.0,0.0,0.0,0.0,1.0,4.0,14.0,1.0,23.131853103637695,1663.718017578125,0.0,0.0,11.39379596710205,10,5395,127.0,407.0,2.0,97.99999809265137,0.0,5.5,0.0,4.0,2.0,6.0,1.0,5.0,6.0,30.0,1.0,9.0,6.565375804901123,64.77703619003296,2762.288330078125,18406.641845703125,3150.431640625,5152.186218261719,0.0,0.0,5.76353645324707,35.655517578125,9,4754,6.0,76.0,5.5,2.0,1.0,0.0,4.0,3.0,16.39179039001465,3064.884033203125,0.0,0.0,8.772527694702148,11,5891,125.0,19.999998092651367,0.0,2.0,1.0,2.0,5.0,1.0,16.559749603271484,5425.39697265625,0.0,0.0,12.659914016723633,8,3269,2.0,0.0,0.0,0.0,1.0,1.0,10.0,2.0,16.12049102783203,3106.422607421875,439.10028076171875,0.0,8.459539413452148,9,5885,147.0,0.0,0.0,0.0,1.0,1.0,5.0,2.0,9.139629364013672,4047.64990234375,1562.654296875,0.0,0.0,6,4,9,26528,0,0,0,1,4,6,5,25194,0,2,0,0,17,13451,268.0,870.0,19.649999618530273,204.69997596740723,12.0,24.700000047683716,2.0,13.0,2.0,9.0,5.0,31.0,7.0,101.0,6.0,33.0,22.47109603881836,212.62429428100586,12013.04296875,44206.169921875,9122.56640625,18329.70916748047,0.0,0.0,2.516129732131958,50.52791118621826,15,11862,23.0,153.8499755859375,9.5,6.0,2.0,4.0,22.0,5.0,41.26473617553711,7893.78271484375,1575.328125,0.0,11.619036674499512,16,12140,251.0,15.200000762939453,3.200000047683716,1.0,3.0,6.0,4.0,3.0,17.177494049072266,7803.16259765625,1711.7669677734375,0.0,13.888413429260254,16,15479,302.0,16.0,0.0,4.0,0.0,5.0,12.0,11.0,38.12351989746094,13697.7158203125,5570.0703125,0.0,3.5803372859954834,12,7059,26.0,0.0,0.0,0.0,2.0,11.0,56.0,8.0,93.58744812011719,2798.4658203125,349.97735595703125,0.0,18.923994064331055,17,13531,292.0,850.0,10.0,223.05002212524414,0.0,33.49999809265137,1.0,8.0,4.0,13.0,3.0,20.0,15.0,89.0,5.0,36.0,36.45318603515625,226.06435585021973,8907.80078125,51327.958984375,6368.38916015625,10971.855712890625,0.0,0.0,8.770999908447266,65.1332483291626,13,9249,24.0,123.8000259399414,9.5,3.0,2.0,3.0,12.0,13.0,49.59552764892578,6730.80029296875,775.870849609375,0.0,19.30451011657715,16,12482,219.0,69.0,19.999998092651367,4.0,2.0,4.0,8.0,6.0,31.276369094848633,14663.8603515625,597.7844848632812,0.0,21.949047088623047,12,6275,4.0,0.25,0.0,0.0,2.0,5.0,41.0,4.0,75.92376708984375,6381.57275390625,439.10028076171875,0.0,15.108691215515137,15,12642,311.0,19.999996185302734,4.0,0.0,3.0,5.0,13.0,8.0,32.81550598144531,14643.9248046875,2790.7109375,0.0,0.0,13,9,31,59991,1,3,1,7,8,13,20,54179,0,2,0,4
104366947889790212,108166997301178190,PCS Summer 2022,pcs_summer_2022,2022-06-23,2022-09-10,ESPORTSTMNT03:2930073,108166997302554560,1,Regular Season,regular_season,Regular Season,2022-08-05,1528,12.13.454.106,100,3,100,107700204561086446,108517492697602721,Deep Cross Gaming,Dewish Team,100,DCG Leaky,Sejuani,DCG Hana,Poppy,DCG Nestea,Ahri,DCG Cryscata,Lucian,DCG Woody,Nami,DWT Lacunae,Mordekaiser,DWT WSL,Khazix,DWT xiaotu,Azir,DWT BangTwo,Zeri,DWT EnHoa,Lulu,100,6,100,200,1,1,0,0,0,0,0,5,1521,31.0,93.0,0.0,27.999998092651367,0.0,8.0,0.0,1.0,0.0,0.0,0.0,1.0,0.0,4.0,0.0,1.0,0.0,5.597036689519882,1365.1241455078125,4013.638153076172,0.0,0.0,0.0,0.0,3.6140341758728027,6.19733589887619,4,1730,2.0,27.999998092651367,8.0,0.0,0.0,1.0,0.0,1.0,2.3333332538604736,321.6950988769531,0.0,0.0,0.48272109031677246,5,1928,34.0,0.0,0.0,1.0,0.0,0.0,1.0,0.0,1.437766671180725,426.520751953125,0.0,0.0,1.64776611328125,3,1360,25.0,0.0,0.0,0.0,0.0,0.0,1.0,0.0,0.3863787353038788,1054.679443359375,0.0,0.0,0.0,3,1186,1.0,0.0,0.0,0.0,0.0,0.0,2.0,0.0,1.4395580291748047,845.6187133789062,0.0,0.0,0.452814519405365,5,1458,28.0,101.0,0.0,21.0,0.0,8.0,0.0,0.0,0.0,1.0,0.0,0.0,2.0,8.0,0.0,1.0,1.4429908990859985,7.721978187561035,1232.849853515625,4056.965103149414,0.0,0.0,0.0,0.0,0.536376953125,3.6416465044021606,4,1395,0.0,21.0,8.0,0.0,0.0,0.0,2.0,0.0,1.5395523309707642,188.23793029785156,0.0,0.0,0.3347710371017456,5,1556,36.0,0.0,0.0,0.0,1.0,0.0,1.0,0.0,0.0,1440.65087890625,0.0,0.0,1.351847767829895,4,1608,37.0,0.0,0.0,0.0,0.0,0.0,2.0,1.0,2.2378573417663574,516.3966064453125,0.0,0.0,0.0,4,1155,0.0,0.0,0.0,0.0,0.0,0.0,1.0,0.0,2.501577615737915,678.829833984375,0.0,0.0,1.41865074634552,1,0,1,7725,0,0,0,0,0,1,0,7172,0,0,0,0,8,3145,80.0,248.0,0.0,48.00000762939453,0.0,8.0,0.0,3.0,0.0,0.0,0.0,2.0,2.0,17.0,0.0,5.0,2.2577600479125977,27.786449879407883,3332.445556640625,10635.56396484375,0.0,1435.0450286865234,0.0,0.0,6.218742370605469,16.105539560317993,6,2912,4.0,44.00000762939453,8.0,0.0,0.0,2.0,2.0,3.0,12.009207725524902,1658.79833984375,0.0,0.0,4.551898002624512,9,4215,81.0,4.0,0.0,3.0,0.0,0.0,4.0,1.0,5.98613166809082,2152.76513671875,153.4778289794922,0.0,4.07012939453125,6,3378,80.0,0.0,0.0,0.0,0.0,0.0,2.0,0.0,0.3863787353038788,2253.849853515625,577.129150390625,0.0,0.0,6,2398,3.0,0.0,0.0,0.0,0.0,0.0,7.0,1.0,7.146971702575684,1237.705078125,704.4380493164062,0.0,1.2647697925567627,8,3071,78.0,225.0,0.0,56.0,0.0,12.0,0.0,0.0,0.0,3.0,0.0,0.0,4.0,17.0,1.0,4.0,3.9755616188049316,23.00428009033203,2180.646728515625,8715.355987548828,0.0,0.0,0.0,0.0,0.803985595703125,10.727067351341248,7,2980,5.0,56.0,12.0,0.0,0.0,0.0,3.0,0.0,3.52907395362854,262.3733215332031,0.0,0.0,0.3347710371017456,7,2888,75.0,0.0,0.0,0.0,3.0,0.0,2.0,1.0,5.226424217224121,3480.462890625,0.0,0.0,4.91424036026001,5,2835,67.0,0.0,0.0,0.0,0.0,0.0,5.0,2.0,6.948901653289795,1350.516357421875,0.0,0.0,1.4459142684936523,5,2120,0.0,0.0,0.0,0.0,0.0,0.0,3.0,0.0,3.3243186473846436,1441.356689453125,0.0,0.0,3.228156089782715,3,0,2,16048,0,0,0,0,0,3,0,13894,0,0,0,0,11,5907,122.0,398.0,0.0,76.00001525878906,0.0,12.0,2.0,8.0,0.0,3.0,2.0,15.0,4.0,41.0,1.0,17.0,5.467746734619141,74.95349740982056,5645.986328125,22650.096923828125,2715.88330078125,6674.97248840332,0.0,0.0,11.237337112426758,39.084405303001404,8,4475,12.0,64.00001525878906,12.0,0.0,1.0,5.0,5.0,11.0,27.825729370117188,3821.17041015625,99.36538696289062,0.0,13.25800895690918,12,6912,138.0,8.0,0.0,5.0,0.0,1.0,5.0,1.0,13.570091247558594,5223.11376953125,153.4778289794922,0.0,8.392308235168457,9,6258,122.0,4.0,0.0,1.0,1.0,3.0,6.0,2.0,5.042652606964111,5744.10009765625,2468.111328125,0.0,0.9889076948165894,7,4518,4.0,0.0,0.0,0.0,1.0,4.0,21.0,2.0,23.047277450561523,2215.726318359375,1238.1346435546875,0.0,5.20784330368042,10,4455,116.0,372.0,0.0,76.00000762939453,0.0,12.0,0.0,3.0,2.0,8.0,0.0,6.0,7.0,35.0,1.0,19.0,13.029647827148438,60.318864822387695,4611.482421875,21282.74365234375,0.0,1849.6525421142578,0.0,0.0,1.3379218578338623,24.4454288482666,8,4796,11.0,72.00000762939453,12.0,0.0,2.0,3.0,8.0,4.0,15.346479415893555,1549.043701171875,0.0,0.0,2.7537975311279297,10,4996,126.0,4.0,0.0,0.0,3.0,0.0,3.0,2.0,7.109757423400879,6316.26025390625,668.0159301757812,0.0,6.837151050567627,8,5539,117.0,0.0,0.0,3.0,1.0,0.0,7.0,10.0,16.586397171020508,5921.375,987.1250610351562,0.0,3.760187864303589,8,3429,2.0,0.0,0.0,0.0,0.0,3.0,10.0,2.0,8.246582984924316,2884.582275390625,194.5115509033203,0.0,9.756370544433594,8,3,15,28070,0,1,0,2,3,8,6,23215,0,0,0,0,15,10197,165.0,595.0,25.999998092651367,166.0000114440918,4.0,28.0,2.0,23.0,0.0,5.0,12.0,55.0,7.0,87.0,3.0,41.0,13.40647029876709,176.17068004608154,10481.6015625,59677.98388671875,5560.8994140625,22212.11605834961,0.0,0.0,20.762121200561523,86.19638872146606,13,8093,21.0,96.00001525878906,16.0,2.0,2.0,10.0,10.0,17.0,43.212562561035156,7576.71923828125,307.1206970214844,0.0,23.529521942138672,16,12384,212.0,20.0,4.0,7.0,0.0,12.0,6.0,5.0,29.614871978759766,17259.28125,6088.44677734375,0.0,21.281021118164062,14,13829,193.0,23.999998092651367,4.0,10.0,1.0,6.0,12.0,14.0,33.610111236572266,18407.705078125,7448.783203125,0.0,5.0009942054748535,12,8754,4.0,0.0,0.0,2.0,2.0,15.0,52.0,2.0,56.326663970947266,5952.6767578125,2806.865966796875,0.0,15.622730255126953,12,7141,155.0,612.0,0.0,116.00002747774124,0.0,15.999998092651367,0.0,5.0,6.0,23.0,1.0,9.0,14.0,88.0,1.0,46.0,24.2091007232666,171.55088806152344,8221.0888671875,41874.60107421875,0.0,7655.463134765625,0.0,0.0,2.886997699737549,55.93781566619873,12,8114,30.0,107.20002746582031,15.999998092651367,1.0,4.0,3.0,22.0,14.0,42.76139450073242,6146.12451171875,0.0,0.0,7.8742146492004395,14,10023,216.0,8.0,0.0,1.0,6.0,0.0,8.0,5.0,25.22271156311035,11695.8056640625,5488.71826171875,0.0,9.208630561828613,12,9365,204.0,0.800000011920929,0.0,3.0,3.0,1.0,12.0,19.0,35.56703186035156,11935.7900390625,1796.05615234375,0.0,6.961909294128418,10,5692,7.0,0.0,0.0,0.0,4.0,4.0,32.0,7.0,43.7906494140625,3875.7919921875,370.688720703125,0.0,29.00606346130371,23,5,55,53257,1,3,1,9,5,23,9,40335,0,0,0,3
104366947889790212,108166997301178190,PCS Summer 2022,pcs_summer_2022,2022-06-23,2022-09-10,ESPORTSTMNT03:2930068,108166997302554594,1,Regular Season,regular_season,Regular Season,2022-08-05,1784,12.13.454.106,100,1,100,107760667929003738,107700211633200412,Frank Esports,Meta Falcon Team,100,FAK YSKM,Fiora,FAK Holo,MonkeyKing,FAK Pretender,Sylas,FAK MnM,Tristana,FAK Keres,Alistar,MFT Taco,Gragas,MFT 665,Viego,MFT Wen,Ahri,MFT Whale,Sivir,MFT 1SSUE,Braum,100,5,200,100,2,0,0,0,0,0,0,5,1549,35.0,109.0,0.0,23.999998092651367,0.0,0.0,0.0,0.0,0.0,0.0,0.0,0.0,2.0,7.0,0.0,0.0,0.3333333432674408,4.809895485639572,1294.890625,2142.384651184082,214.29403686523438,214.29403686523438,0.0,0.0,0.924980878829956,7.265246629714966,4,1488,0.0,23.999998092651367,0.0,0.0,0.0,0.0,1.0,0.0,0.0,0.0,0.0,0.0,0.0,5,1591,34.0,0.0,0.0,0.0,0.0,0.0,1.0,0.0,1.4401053190231323,512.50537109375,0.0,0.0,1.1937947273254395,4,1584,34.0,0.0,0.0,0.0,0.0,0.0,1.0,0.0,1.5185600519180298,122.67305755615234,0.0,0.0,0.0,3,1132,6.0,0.0,0.0,0.0,0.0,0.0,2.0,0.0,1.5178967714309692,212.3155975341797,0.0,0.0,5.14647102355957,5,1653,33.0,104.0,0.0,37.00000762939453,0.0,0.0,0.0,0.0,0.0,0.0,0.0,0.0,2.0,9.0,0.0,1.0,1.4726101160049438,8.684504508972168,1001.1421508789062,3348.34814453125,0.0,0.0,0.0,0.0,4.612624168395996,6.734954833984375,4,1769,1.0,37.00000762939453,0.0,0.0,0.0,0.0,1.0,1.0,4.222400665283203,0.0,0.0,0.0,0.0,5,1528,31.0,0.0,0.0,0.0,0.0,0.0,3.0,0.0,1.4392470121383667,1117.4603271484375,0.0,0.0,0.0,4,1611,34.0,0.0,0.0,0.0,0.0,0.0,2.0,0.0,1.5502467155456543,1050.3426513671875,0.0,0.0,0.0,4,1111,5.0,0.0,0.0,0.0,0.0,0.0,1.0,0.0,0.0,179.40301513671875,0.0,0.0,2.122330665588379,0,0,0,7344,0,0,0,0,0,0,0,7672,0,0,0,0,8,3412,86.0,277.0,0.0,72.80000305175781,0.0,0.0,0.0,1.0,0.0,0.0,0.0,2.0,4.0,22.0,1.0,5.0,5.732410430908203,31.784778118133545,3328.54443359375,6616.268600463867,991.4310302734375,991.4310302734375,0.0,0.0,2.165269613265991,13.759109556674957,7,3142,1.0,68.80000305175781,0.0,0.0,0.0,0.0,5.0,1.0,8.986786842346191,121.38896179199219,0.0,0.0,0.0,8,3676,87.0,0.0,0.0,1.0,0.0,0.0,2.0,2.0,6.468156814575195,1812.216064453125,0.0,0.0,1.732545018196106,7,3539,90.0,4.0,0.0,0.0,0.0,1.0,3.0,1.0,4.2604169845581055,660.1199951171875,0.0,0.0,0.5164348483085632,6,2213,13.0,0.0,0.0,0.0,0.0,1.0,8.0,0.0,6.33700704574585,693.9991455078125,0.0,0.0,9.344860076904297,8,3335,81.0,278.0,0.0,69.20002442598343,0.0,5.200000107288361,0.0,0.0,0.0,1.0,0.0,0.0,4.0,18.0,1.0,8.0,5.026467800140381,35.13901138305664,3075.5771484375,8471.831741333008,0.0,0.0,0.0,0.0,10.232259750366211,15.506983280181885,7,3234,3.0,68.4000244140625,4.400000095367432,0.0,1.0,0.0,2.0,3.0,11.239067077636719,138.1198272705078,0.0,0.0,0.0,8,3301,88.0,0.800000011920929,0.800000011920929,0.0,0.0,0.0,3.0,0.0,3.183605194091797,2693.942138671875,0.0,0.0,1.2037353515625,7,3404,90.0,0.0,0.0,0.0,0.0,0.0,4.0,1.0,6.2585015296936035,2099.998046875,0.0,0.0,0.0,5,2202,16.0,0.0,0.0,0.0,0.0,0.0,5.0,3.0,9.43136978149414,464.194580078125,0.0,0.0,4.070988178253174,1,0,2,15982,0,1,0,0,0,1,0,15476,0,0,0,0,11,5524,130.0,442.0,0.0,97.50001525878906,0.0,3.200000286102295,1.0,4.0,0.0,0.0,0.0,7.0,6.0,39.0,1.0,11.0,6.065743923187256,57.96602964401245,8571.1103515625,17434.566528320312,2701.904296875,3986.7599182128906,0.0,0.0,4.7869439125061035,28.37423723936081,9,4641,3.0,89.50001525878906,3.200000286102295,0.0,0.0,2.0,8.0,2.0,14.47509765625,1162.6531982421875,218.26638793945312,0.0,3.452167510986328,11,6162,145.0,4.0,0.0,2.0,0.0,0.0,4.0,5.0,11.703743934631348,4375.728515625,0.0,0.0,5.42033052444458,9,5906,141.0,4.0,0.0,1.0,0.0,2.0,5.0,1.0,5.852421760559082,1830.2738037109375,1066.5892333984375,0.0,0.5164348483085632,7,3460,23.0,0.0,0.0,0.0,0.0,3.0,16.0,2.0,19.869022369384766,1494.8006591796875,0.0,0.0,14.198360443115234,10,4807,112.0,423.0,0.0,98.00003510713577,0.0,5.200000107288361,0.0,0.0,1.0,4.0,0.0,0.0,7.0,34.0,2.0,16.0,9.756468772888184,73.57126235961914,5366.064453125,15730.446563720703,0.0,0.0,0.0,0.0,14.752548217773438,25.226888179779053,9,4513,4.0,97.20003509521484,4.400000095367432,0.0,2.0,0.0,2.0,4.0,14.900839805603027,235.02883911132812,0.0,0.0,0.0,11,5001,141.0,0.800000011920929,0.800000011920929,0.0,0.0,0.0,8.0,2.0,10.125997543334961,5469.41259765625,0.0,0.0,3.5727782249450684,9,5365,136.0,0.0,0.0,0.0,0.0,0.0,7.0,2.0,13.189146041870117,3582.30029296875,0.0,0.0,0.0,7,3262,30.0,0.0,0.0,0.0,1.0,0.0,10.0,6.0,25.59881019592285,1077.640380859375,0.0,0.0,6.901561737060547,4,0,7,25693,0,1,0,0,0,4,0,22948,0,1,0,0,18,14780,283.0,876.0,24.0,224.64999771118164,16.0,40.19999885559082,4.0,14.0,0.0,3.0,5.0,27.0,12.0,97.0,7.0,44.0,37.15813446044922,224.8066864013672,18823.041015625,56679.03955078125,13081.69140625,29046.115112304688,0.0,0.0,8.19918441772461,69.9417655467987,15,10091,14.0,144.64999389648438,14.69999885559082,3.0,1.0,4.0,15.0,10.0,44.129554748535156,6627.72314453125,1755.9251708984375,0.0,13.336933135986328,17,14005,278.0,20.0,1.5,4.0,0.0,4.0,8.0,12.0,36.951290130615234,16975.728515625,4570.95751953125,0.0,17.969324111938477,15,13938,274.0,36.000003814697266,8.0,3.0,1.0,5.0,12.0,9.0,33.60490036010742,9633.8583984375,9637.541015625,0.0,2.083031415939331,12,7136,27.0,0.0,0.0,0.0,1.0,9.0,50.0,6.0,72.96280670166016,4618.6884765625,0.0,0.0,28.35329246520996,15,10144,214.0,858.0,8.0,166.59998893737793,0.0,8.800000011920929,0.0,3.0,3.0,14.0,1.0,9.0,13.0,82.0,3.0,37.0,23.616321563720703,191.38441276550293,13063.0634765625,49456.25048828125,0.0,2444.9318084716797,0.0,0.0,24.157140731811523,63.82422637939453,13,8760,12.0,136.79998779296875,8.0,1.0,5.0,2.0,4.0,8.0,23.559301376342773,5782.7275390625,684.28759765625,0.0,4.596399784088135,16,11902,284.0,11.80000114440918,0.800000011920929,2.0,1.0,1.0,17.0,7.0,32.9793701171875,12319.74609375,0.0,0.0,13.80203914642334,15,12234,301.0,10.0,0.0,0.0,2.0,2.0,11.0,6.0,28.905460357666016,14142.7431640625,1550.4727783203125,0.0,1.2058911323547363,12,6559,47.0,0.0,0.0,0.0,3.0,3.0,37.0,13.0,82.32395935058594,4147.97021484375,210.1714324951172,0.0,20.062755584716797,14,3,27,59950,3,3,1,11,3,14,9,49599,0,1,1,1
104366947889790212,108166997301178190,PCS Summer 2022,pcs_summer_2022,2022-06-23,2022-09-10,ESPORTSTMNT03:2930108,108166997302554606,1,Regular Season,regular_season,Regular Season,2022-08-05,1612,12.13.454.106,200,2,100,106269859169658575,104367068120825486,Impunity Esports,PSG Talon,200,IMP Jackpot,Jax,IMP Alex,Vi,IMP Husky,Galio,IMP Anex,Zeri,IMP Yusin,Yuumi,PSG Hanabi,Sejuani,PSG Burry,Trundle,PSG Gori,Ahri,PSG Unified,Sivir,PSG Kaiwing,Nautilus,200,6,200,100,1,1,0,0,0,0,0,5,1549,32.0,107.0,0.0,23.999998092651367,0.0,0.0,0.0,1.0,0.0,1.0,0.0,1.0,0.0,8.0,0.0,2.0,0.0,8.760568380355835,1292.9805908203125,3197.3035583496094,0.0,0.0,0.0,0.0,5.4465484619140625,8.944810807704926,4,1685,0.0,23.999998092651367,0.0,0.0,1.0,1.0,2.0,0.0,0.994849443435669,934.9666748046875,0.0,0.0,0.7627105712890625,5,1896,31.0,0.0,0.0,1.0,0.0,0.0,3.0,1.0,2.856978416442871,390.7919921875,0.0,0.0,1.733612060546875,4,1673,38.0,0.0,0.0,0.0,0.0,0.0,2.0,1.0,2.969758987426758,176.7572021484375,0.0,0.0,0.3265085220336914,4,1128,6.0,0.0,0.0,0.0,0.0,0.0,1.0,0.0,1.938981533050537,401.8070983886719,0.0,0.0,0.6754311919212341,5,1514,34.0,113.0,0.0,23.999998092651367,0.0,4.0,0.0,1.0,0.0,1.0,0.0,1.0,2.0,8.0,0.0,1.0,0.0,7.7891082763671875,899.210693359375,3955.5673828125,0.0,0.0,0.0,0.0,2.229604959487915,10.896544098854065,4,1754,1.0,23.999998092651367,4.0,1.0,0.0,0.0,2.0,1.0,2.6871864795684814,890.2901000976562,0.0,0.0,2.8380424976348877,5,1755,36.0,0.0,0.0,0.0,1.0,1.0,2.0,0.0,1.82832670211792,1265.069580078125,0.0,0.0,3.900909423828125,4,1612,36.0,0.0,0.0,0.0,0.0,0.0,2.0,0.0,1.7735950946807861,567.9519653320312,0.0,0.0,0.0,4,1132,6.0,0.0,0.0,0.0,0.0,0.0,0.0,0.0,1.5,333.0450439453125,0.0,0.0,1.9279872179031372,1,1,1,7931,0,0,0,0,1,1,1,7767,0,0,0,0,8,3142,74.0,248.0,0.0,64.40000915527344,0.0,8.0,0.0,1.0,1.0,6.0,0.0,1.0,1.0,21.0,0.0,6.0,1.6192808151245117,31.55401611328125,3256.43701171875,8848.038452148438,874.8304443359375,874.8304443359375,0.0,0.0,10.087661743164062,20.550375044345856,7,3330,1.0,64.40000915527344,8.0,0.0,2.0,1.0,4.0,1.0,9.34549617767334,1511.036376953125,0.0,0.0,3.892798900604248,8,3410,76.0,0.0,0.0,1.0,1.0,0.0,9.0,3.0,12.303048133850098,1445.1231689453125,0.0,0.0,4.429901123046875,6,3208,83.0,0.0,0.0,0.0,1.0,0.0,4.0,2.0,5.769735813140869,1982.387939453125,0.0,0.0,1.3036175966262817,6,2062,14.0,0.0,0.0,0.0,1.0,0.0,3.0,0.0,2.5164551734924316,653.053955078125,0.0,0.0,0.8363956809043884,8,3175,75.0,271.0,0.0,59.599998474121094,0.0,11.600000381469727,0.0,6.0,0.0,1.0,5.0,21.0,4.0,20.0,0.0,5.0,3.4781036376953125,28.637973308563232,2298.353271484375,11815.168701171875,0.0,530.356201171875,0.0,0.0,4.045346260070801,27.217825412750244,7,3776,3.0,59.599998474121094,11.600000381469727,2.0,0.0,4.0,3.0,3.0,10.244465827941895,1724.6168212890625,0.0,0.0,3.656684398651123,8,4484,91.0,0.0,0.0,3.0,1.0,3.0,4.0,0.0,3.809603691101074,3788.890869140625,530.356201171875,0.0,8.16125774383545,7,3689,86.0,0.0,0.0,1.0,0.0,4.0,5.0,1.0,8.189133644104004,2572.829345703125,0.0,0.0,0.0,6,2342,16.0,0.0,0.0,0.0,0.0,5.0,4.0,1.0,2.9166665077209473,1430.4783935546875,0.0,0.0,11.354537010192871,1,6,1,15152,0,0,0,0,6,1,21,17466,0,1,0,0,11,4951,131.0,411.0,0.0,92.80001068115234,0.0,8.0,0.0,1.0,1.0,6.0,0.0,1.0,3.0,37.0,2.0,12.0,8.217358589172363,63.915639877319336,5252.9873046875,12450.994140625,874.8304443359375,874.8304443359375,0.0,0.0,10.087661743164062,23.479883790016174,9,4807,10.0,92.80001068115234,8.0,0.0,2.0,1.0,6.0,2.0,13.012162208557129,1511.036376953125,0.0,0.0,3.892798900604248,10,4951,117.0,0.0,0.0,1.0,1.0,0.0,10.0,4.0,22.07694435119629,1514.109619140625,0.0,0.0,4.429901123046875,8,5268,131.0,0.0,0.0,0.0,1.0,0.0,6.0,4.0,10.320259094238281,2964.067138671875,0.0,0.0,1.3036175966262817,8,3206,22.0,0.0,0.0,0.0,1.0,0.0,12.0,0.0,10.288915634155273,1208.793701171875,0.0,0.0,3.765904426574707,11,5074,126.0,460.0,4.0,95.20001983642578,0.0,15.19999885559082,0.0,6.0,0.0,1.0,5.0,21.0,7.0,33.0,1.0,17.0,16.507930755615234,83.25261688232422,4906.27685546875,18861.307373046875,0.0,4922.156982421875,0.0,0.0,7.021350383758545,39.00946283340454,9,5153,7.0,87.20001983642578,15.19999885559082,2.0,0.0,4.0,5.0,7.0,22.416967391967773,1724.6168212890625,0.0,0.0,3.9796457290649414,11,7014,148.0,4.0,0.0,3.0,1.0,3.0,4.0,0.0,4.309603691101074,7489.59033203125,2383.24658203125,0.0,15.27613353729248,10,6243,148.0,0.0,0.0,1.0,0.0,4.0,7.0,2.0,11.255093574523926,3202.942626953125,2538.910400390625,0.0,0.0,7,3639,31.0,0.0,0.0,0.0,0.0,5.0,10.0,7.0,28.76302146911621,1537.8807373046875,0.0,0.0,12.732333183288574,1,6,1,23183,0,0,0,0,6,1,21,27123,0,2,0,2,14,9631,214.0,680.0,3.5,141.30001068115234,0.0,8.0,2.0,7.0,4.0,22.0,2.0,23.0,10.0,84.0,4.0,27.0,19.18838882446289,147.9445915222168,11163.564453125,45893.8125,2387.974609375,3348.9188842773438,0.0,0.0,23.346694946289062,82.31254529953003,12,8920,27.0,128.20001220703125,8.0,3.0,6.0,4.0,12.0,6.0,26.53148651123047,7356.05712890625,0.0,0.0,17.06068229675293,13,8554,172.0,0.0,0.0,2.0,5.0,5.0,17.0,6.0,36.45152282714844,8018.73681640625,960.9442749023438,0.0,23.277769088745117,13,10346,242.0,9.599998474121094,0.0,0.0,3.0,6.0,10.0,10.0,32.06148147583008,15253.943359375,0.0,0.0,7.007436275482178,11,5579,25.0,0.0,0.0,0.0,4.0,6.0,35.0,1.0,33.71171188354492,4101.5107421875,0.0,0.0,11.619962692260742,15,9992,191.0,772.0,8.0,168.70002555847168,4.0,35.19999885559082,1.0,22.0,2.0,7.0,19.0,78.0,12.0,90.0,6.0,47.0,33.53700256347656,237.03945541381836,11751.6484375,69343.119140625,1209.84619140625,26594.95701599121,0.0,0.0,20.97760581970215,107.56777930259705,14,9998,23.0,120.20002746582031,23.19999885559082,3.0,0.0,17.0,10.0,21.0,64.87677001953125,6756.4365234375,4591.88671875,0.0,16.338647842407227,16,15851,256.0,23.999998092651367,8.0,12.0,1.0,9.0,17.0,7.0,36.746646881103516,25750.427734375,9909.533203125,0.0,24.80670738220215,15,13808,263.0,16.5,0.0,6.0,2.0,14.0,14.0,4.0,34.277191162109375,20055.830078125,10730.1689453125,0.0,3.1645448207855225,12,7252,39.0,0.0,0.0,0.0,2.0,19.0,37.0,9.0,67.60184478759766,5028.7763671875,153.52195739746094,0.0,42.2802734375,7,22,23,43030,0,1,0,1,22,7,78,56901,3,3,1,11
104366947889790212,108166997301178190,PCS Summer 2022,pcs_summer_2022,2022-06-23,2022-09-10,ESPORTSTMNT03:2930086,108166997302554616,1,Regular Season,regular_season,Regular Season,2022-08-05,1115,12.13.454.106,200,2,200,107635420167535818,106269804045322803,SEM9,Beyond Gaming,200,S9 N0name,Gnar,S9 Arashi,Viego,S9 Lezar,Lissandra,S9 XieDoDo,Sivir,S9 QaspieL,Braum,BYG Likai,Irelia,BYG Husha,LeeSin,BYG Minji,Ahri,BYG Wako,Zeri,BYG Kino,Alistar,200,2,0,200,0,2,0,0,0,0,0,4,1411,27.0,111.0,0.0,35.99999809265137,0.0,0.0,0.0,0.0,1.0,1.0,0.0,0.0,1.0,6.0,0.0,0.0,0.0,4.427011340856552,1341.3143310546875,2864.311767578125,0.0,0.0,0.0,0.0,2.661940336227417,4.775325953960419,4,1696,0.0,31.999998092651367,0.0,0.0,0.0,0.0,1.0,0.0,1.125,0.0,0.0,0.0,0.0,5,1675,40.0,0.0,0.0,0.0,0.0,0.0,1.0,0.0,1.5078901052474976,438.4293212890625,0.0,0.0,0.26932698488235474,4,1675,37.0,4.0,0.0,0.0,0.0,0.0,1.0,0.0,0.3333333432674408,698.619384765625,0.0,0.0,0.0,4,1153,7.0,0.0,0.0,0.0,0.0,0.0,2.0,0.0,1.4607878923416138,385.94873046875,0.0,0.0,1.844058632850647,5,1755,31.0,118.0,0.0,26.999998092651367,0.0,0.0,0.0,1.0,0.0,0.0,1.0,1.0,1.0,5.0,0.0,0.0,0.0,4.996885180473328,1278.7838134765625,2658.4367065429688,0.0,0.0,0.0,0.0,1.7199859619140625,1.7199859619140625,4,1988,0.0,26.999998092651367,0.0,1.0,0.0,0.0,0.0,0.0,0.0,244.41229248046875,0.0,0.0,0.0,5,1668,40.0,0.0,0.0,0.0,0.0,0.0,2.0,0.0,1.840695858001709,293.30535888671875,0.0,0.0,0.0,4,1729,40.0,0.0,0.0,0.0,0.0,0.0,1.0,0.0,1.7153140306472778,841.9352416992188,0.0,0.0,0.0,4,1153,7.0,0.0,0.0,0.0,0.0,0.0,1.0,0.0,1.4408752918243408,0.0,0.0,0.0,0.0,0,1,0,7610,0,0,0,0,1,0,1,8293,0,0,0,0,8,3151,80.0,270.0,0.0,71.60000610351562,0.0,5.100000381469727,0.0,0.0,1.0,5.0,0.0,0.0,3.0,17.0,0.0,5.0,4.743206977844238,34.237802505493164,2666.757568359375,7285.212707519531,0.0,1331.7264404296875,0.0,0.0,5.619911193847656,13.782641649246216,7,3211,2.0,67.60000610351562,5.100000381469727,0.0,1.0,0.0,4.0,2.0,9.849749565124512,588.2515869140625,0.0,0.0,0.50189208984375,8,3420,96.0,0.0,0.0,0.0,1.0,0.0,3.0,1.0,6.273042678833008,1573.5357666015625,0.0,0.0,3.877201795578003,6,3128,75.0,4.0,0.0,0.0,1.0,0.0,3.0,0.0,4.634450912475586,1437.9222412109375,1331.7264404296875,0.0,0.0,6,2159,17.0,0.0,0.0,0.0,1.0,0.0,4.0,2.0,8.73735237121582,1018.7455444335938,0.0,0.0,3.7836365699768066,8,3463,86.0,286.0,0.0,62.400005370378494,0.0,2.0000000298023224,0.0,5.0,0.0,0.0,1.0,12.0,4.0,21.0,0.0,2.0,6.052516460418701,26.029338359832764,1487.1524658203125,9935.399047851562,0.0,960.192195892334,0.0,0.0,2.5938873291015625,16.962658524513245,7,3881,2.0,60.40000534057617,0.0,2.0,0.0,2.0,5.0,2.0,8.298542976379395,1092.6385498046875,51.9082145690918,0.0,1.515655517578125,9,3607,93.0,1.600000023841858,1.600000023841858,0.0,0.0,4.0,4.0,0.0,3.8876445293426514,2774.942138671875,76.45744323730469,0.0,4.94952392578125,7,4568,90.0,0.4000000059604645,0.4000000059604645,3.0,0.0,1.0,5.0,0.0,5.349759101867676,3796.549072265625,831.8265380859375,0.0,0.5175138711929321,6,2396,15.0,0.0,0.0,0.0,0.0,4.0,3.0,0.0,2.440875291824341,784.1168212890625,0.0,0.0,7.386077880859375,0,5,0,15069,0,0,0,0,5,0,12,17915,0,1,0,0,10,5035,125.0,415.0,3.0,105.60001373291016,0.0,5.100000381469727,0.0,0.0,2.0,11.0,0.0,0.0,4.0,30.0,0.0,12.0,6.441356658935547,64.45177364349365,4477.7490234375,14876.120788574219,129.36453247070312,1738.2413635253906,0.0,0.0,7.441225528717041,28.16013765335083,9,4619,4.0,97.60001373291016,5.100000381469727,0.0,3.0,0.0,6.0,4.0,18.331111907958984,789.0773315429688,0.0,0.0,0.50189208984375,10,4695,135.0,0.0,0.0,0.0,2.0,0.0,5.0,1.0,8.120620727539062,2898.217529296875,0.0,0.0,8.542488098144531,8,5014,126.0,5.0,0.0,0.0,1.0,0.0,6.0,2.0,9.920750617980957,4312.669921875,1608.8768310546875,0.0,0.0,7,3123,25.0,0.0,0.0,0.0,3.0,0.0,9.0,5.0,21.6379337310791,2398.406982421875,0.0,0.0,11.674531936645508,12,5732,138.0,441.0,4.0,96.40001690387726,0.0,4.000000029802322,1.0,11.0,0.0,0.0,1.0,26.0,6.0,41.0,0.0,9.0,8.101151466369629,71.72289085388184,4273.38134765625,22430.77978515625,0.0,4838.192138671875,0.0,0.0,4.933590888977051,33.571160078048706,9,6818,7.0,86.40001678466797,2.0,5.0,0.0,4.0,9.0,6.0,21.70211410522461,3677.506591796875,1131.10888671875,0.0,4.869925022125244,11,6355,138.0,1.600000023841858,1.600000023841858,1.0,0.0,8.0,6.0,2.0,13.12570571899414,4836.33837890625,630.390869140625,0.0,9.36859130859375,10,7992,137.0,4.400000095367432,0.4000000059604645,4.0,0.0,5.0,7.0,1.0,12.155518531799316,8055.81494140625,3076.6923828125,0.0,2.161900758743286,8,3644,21.0,0.0,0.0,0.0,0.0,8.0,13.0,0.0,16.63840103149414,1587.738525390625,0.0,0.0,12.237152099609375,0,11,0,22486,0,0,0,0,11,0,26,30541,0,2,0,2,11,6219,143.0,490.0,3.0,111.60001373291016,0.0,5.100000381469727,0.0,0.0,4.0,20.0,0.0,0.0,4.0,39.0,1.0,20.0,9.158023834228516,94.66354656219482,6835.71142578125,24959.23046875,129.36453247070312,1738.2413635253906,0.0,0.0,11.11443042755127,43.645217299461365,10,5479,13.0,103.60001373291016,5.100000381469727,0.0,4.0,0.0,7.0,8.0,28.346927642822266,1066.332763671875,0.0,0.0,1.2526973485946655,11,5688,157.0,0.0,0.0,0.0,4.0,0.0,6.0,3.0,13.503608703613281,4820.93359375,0.0,0.0,14.5452880859375,9,5888,147.0,5.0,0.0,0.0,3.0,0.0,7.0,2.0,11.68831729888916,9377.5390625,1608.8768310546875,0.0,0.0,7,3745,30.0,0.0,0.0,0.0,5.0,0.0,15.0,6.0,31.9666690826416,2858.713623046875,0.0,0.0,16.73280143737793,13,8959,176.0,561.0,8.0,120.40002501010895,0.0,16.000000029802322,4.0,20.0,0.0,0.0,4.0,48.0,8.0,52.0,0.0,10.0,12.146785736083984,94.98366165161133,10966.4462890625,41897.69384765625,2453.174560546875,20533.848236083984,0.0,0.0,7.643243312835693,50.891047954559326,11,9477,17.0,102.4000244140625,14.0,7.0,0.0,11.0,12.0,6.0,28.006488800048828,6603.4912109375,3059.00732421875,0.0,7.826776504516602,13,8670,169.0,1.600000023841858,1.600000023841858,2.0,0.0,13.0,6.0,2.0,13.62570571899414,8064.8095703125,6409.796875,0.0,13.693756103515625,12,10787,177.0,8.40000057220459,0.4000000059604645,7.0,0.0,8.0,8.0,2.0,17.295429229736328,13923.2119140625,8337.53125,0.0,3.1820144653320312,9,5117,22.0,0.0,0.0,0.0,0.0,12.0,18.0,0.0,23.909252166748047,2339.73486328125,274.3382263183594,0.0,18.545257568359375,0,20,0,27019,0,0,0,0,20,0,48,43010,1,2,0,9
104366947889790212,108166997301178190,PCS Summer 2022,pcs_summer_2022,2022-06-23,2022-09-10,ESPORTSTMNT03:2930064,108166997302620164,1,Regular Season,regular_season,Regular Season,2022-08-05,2098,12.13.454.106,100,1,200,99566406490127625,104367068120825486,J Team,PSG Talon,100,JT Rock,Camille,JT Kongyue,Viego,JT Uniboy,Ahri,JT Lilv,Kalista,JT Enso,Nautilus,PSG Hanabi,Gnar,PSG Burry,Vi,PSG Gori,Galio,PSG Unified,Aphelios,PSG Kaiwing,Leona,100,4,100,100,2,0,0,0,0,0,0,5,1500,30.0,111.0,0.0,31.999998092651367,0.0,8.0,0.0,0.0,0.0,0.0,0.0,0.0,2.0,8.0,0.0,0.0,1.4814207553863525,9.130820751190186,234.7848358154297,1467.6273956298828,0.0,0.0,0.0,0.0,1.0660895109176636,4.344303607940674,4,1624,0.0,31.999998092651367,8.0,0.0,0.0,0.0,1.0,0.0,3.127183675765991,497.0345764160156,0.0,0.0,1.8442693948745728,5,1747,40.0,0.0,0.0,0.0,0.0,0.0,1.0,0.0,1.4553385972976685,735.8079833984375,0.0,0.0,1.4339447021484375,4,1626,37.0,0.0,0.0,0.0,0.0,0.0,2.0,0.0,1.544983983039856,0.0,0.0,0.0,0.0,3,1051,4.0,0.0,0.0,0.0,0.0,0.0,2.0,0.0,1.5218937397003174,0.0,0.0,0.0,0.0,4,1493,29.0,110.0,0.0,23.999998092651367,0.0,0.0,0.0,0.0,0.0,0.0,0.0,0.0,1.0,8.0,0.0,0.0,0.0,7.152010083198547,1089.340087890625,1791.9467468261719,0.0,0.0,0.0,0.0,2.9003899097442627,3.4109888076782227,4,1460,0.0,23.999998092651367,0.0,0.0,0.0,0.0,2.0,0.0,2.4392762184143066,83.85885620117188,0.0,0.0,0.51059889793396,5,1668,40.0,0.0,0.0,0.0,0.0,0.0,2.0,0.0,1.440058708190918,353.6515197753906,0.0,0.0,0.0,4,1612,36.0,0.0,0.0,0.0,0.0,0.0,1.0,0.0,1.438286304473877,265.0962829589844,0.0,0.0,0.0,3,1111,5.0,0.0,0.0,0.0,0.0,0.0,2.0,0.0,1.8343888521194458,0.0,0.0,0.0,0.0,0,0,0,7548,0,0,0,0,0,0,0,7344,0,0,0,0,8,2958,68.0,243.0,0.0,60.00000762939453,0.0,8.0,0.0,2.0,1.0,3.0,2.0,7.0,4.0,19.0,0.0,4.0,3.959530830383301,30.027085304260254,868.487060546875,6174.5870361328125,0.0,0.0,0.0,0.0,2.080756187438965,15.590139508247375,6,2979,4.0,60.00000762939453,8.0,0.0,1.0,1.0,2.0,0.0,4.642614364624023,737.4298706054688,0.0,0.0,1.9050198793411255,8,3374,79.0,0.0,0.0,0.0,0.0,2.0,3.0,0.0,2.7386717796325684,3392.4248046875,0.0,0.0,3.8712310791015625,7,3456,79.0,0.0,0.0,1.0,0.0,1.0,3.0,2.0,7.892938137054443,686.6480102539062,0.0,0.0,3.0470266342163086,5,2327,13.0,0.0,0.0,1.0,1.0,1.0,7.0,2.0,10.793330192565918,489.5972900390625,0.0,0.0,4.686105728149414,8,3529,73.0,259.0,0.0,56.00000762939453,0.0,0.0,1.0,3.0,0.0,2.0,2.0,7.0,4.0,16.0,1.0,5.0,7.764573574066162,37.176939487457275,2733.6318359375,8532.825927734375,0.0,0.0,0.0,0.0,4.717646598815918,14.385066270828247,6,3054,1.0,52.00000762939453,0.0,0.0,1.0,2.0,2.0,1.0,10.294203758239746,1248.5755615234375,0.0,0.0,3.6809399127960205,8,3646,90.0,0.0,0.0,1.0,0.0,1.0,3.0,1.0,5.575982093811035,2556.840576171875,0.0,0.0,3.134765625,7,3524,79.0,4.0,0.0,1.0,0.0,1.0,4.0,0.0,3.3961668014526367,1791.962646484375,0.0,0.0,0.0,5,2103,16.0,0.0,0.0,0.0,1.0,1.0,3.0,2.0,10.146013259887695,201.8153076171875,0.0,0.0,2.8517141342163086,2,3,7,15094,0,1,0,0,3,2,7,15856,0,0,0,0,11,5917,112.0,394.0,3.0,95.00000762939453,1.5,13.5,2.0,9.0,1.0,4.0,3.0,22.0,6.0,36.0,0.0,9.0,5.652052879333496,58.420424461364746,3270.143798828125,18439.908325195312,1125.5887451171875,3767.3873291015625,0.0,0.0,3.9809036254882812,42.40260934829712,10,5924,8.0,88.00000762939453,12.0,2.0,1.0,5.0,5.0,0.0,10.27633285522461,5002.58203125,654.702880859375,0.0,9.414772033691406,10,5697,120.0,0.0,0.0,0.0,0.0,7.0,3.0,1.0,4.788671493530273,6429.96337890625,690.3116455078125,0.0,10.997452735900879,9,6611,129.0,4.0,0.0,4.0,1.0,2.0,6.0,6.0,17.06814956665039,2245.588623046875,1296.7840576171875,0.0,3.9398036003112793,8,3809,25.0,0.0,0.0,1.0,1.0,5.0,16.0,2.0,20.635217666625977,1491.6304931640625,0.0,0.0,14.069677352905273,10,5204,113.0,397.0,1.0,89.00003051757812,0.0,8.0,1.0,4.0,2.0,9.0,2.0,9.0,6.0,30.0,2.0,10.0,10.831315994262695,54.99588060379028,4581.408203125,16937.900634765625,0.0,3038.240264892578,0.0,0.0,7.90154504776001,39.84860706329346,9,4622,7.0,80.00003051757812,8.0,0.0,3.0,3.0,3.0,2.0,12.794203758239746,2419.29736328125,0.0,0.0,9.26149845123291,10,5985,130.0,0.0,0.0,2.0,2.0,1.0,4.0,1.0,6.385102272033691,4949.35693359375,639.251708984375,0.0,8.873649597167969,9,5724,122.0,8.0,0.0,1.0,1.0,1.0,7.0,0.0,6.999561786651611,3931.442138671875,2262.98583984375,0.0,4.176751613616943,7,3453,25.0,0.0,0.0,0.0,1.0,2.0,10.0,5.0,17.98569679260254,1056.39599609375,136.00271606445312,0.0,9.635162353515625,9,4,22,27958,0,2,0,1,4,9,9,24988,0,0,0,1,18,15628,276.0,860.0,24.599998474121094,248.0999526977539,17.5,41.5,3.0,18.0,2.0,9.0,10.0,52.0,13.0,113.0,8.0,60.0,46.35015869140625,318.07614517211914,12828.5205078125,59047.969970703125,8419.248046875,22047.053009033203,0.0,0.0,11.417425155639648,104.50632572174072,16,12457,34.0,153.199951171875,24.0,3.0,1.0,11.0,14.0,12.0,52.521484375,10666.6240234375,2267.040771484375,0.0,15.685988426208496,16,13606,247.0,12.0,0.0,0.0,1.0,15.0,5.0,10.0,33.977474212646484,18800.74609375,3594.7392578125,0.0,27.884319305419922,17,17714,271.0,58.30000305175781,0.0,11.0,2.0,4.0,15.0,24.0,88.17240905761719,13483.4365234375,7491.6240234375,0.0,8.678119659423828,13,7963,32.0,0.0,0.0,1.0,3.0,12.0,66.0,6.0,97.05461883544922,3268.642822265625,274.4009094238281,0.0,40.84047317504883,15,11180,238.0,881.0,9.0,208.99995231628418,0.0,11.999998092651367,1.0,9.0,4.0,18.0,6.0,27.0,10.0,119.0,13.0,41.0,54.841121673583984,253.29821491241455,12153.6181640625,57639.640869140625,321.7153015136719,7975.548095703125,0.0,0.0,17.870786666870117,107.28803730010986,14,9468,22.0,151.9999542236328,11.999998092651367,0.0,4.0,7.0,14.0,7.0,43.309608459472656,7650.0673828125,0.0,0.0,23.598411560058594,16,14143,289.0,16.0,0.0,5.0,4.0,3.0,11.0,2.0,14.954094886779785,21499.291015625,5254.84423828125,0.0,25.4091739654541,15,14314,297.0,31.999998092651367,0.0,3.0,3.0,4.0,16.0,6.0,35.50270080566406,12575.4482421875,2262.98583984375,0.0,13.206116676330566,12,6978,35.0,0.0,0.0,0.0,3.0,7.0,68.0,13.0,104.69068908691406,3761.216064453125,136.00271606445312,0.0,27.203548431396484,18,9,52,67368,2,3,1,9,9,18,27,56083,0,2,0,2
104366947889790212,108166997301178190,PCS Summer 2022,pcs_summer_2022,2022-06-23,2022-09-10,ESPORTSTMNT03:2920372,108166997302554554,1,Regular Season,regular_season,Regular Season,2022-08-06,1937,12.13.454.106,100,1,100,104367068120825486,107700199633958891,PSG Talon,CTBC Flying Oyster,100,PSG Hanabi,Sejuani,PSG Burry,XinZhao,PSG Gori,Sylas,PSG Unified,Sivir,PSG Kaiwing,Nautilus,CFO Rest,Gnar,CFO Gemini,Vi,CFO Mission,Syndra,CFO Atlen,Yuumi,CFO Shunn,Zeri,100,3,100,100,2,0,0,0,0,0,0,5,1493,27.0,101.0,0.0,31.999998092651367,0.0,0.0,0.0,0.0,0.0,0.0,0.0,0.0,2.0,6.0,0.0,3.0,0.0,8.912914454936981,621.8807373046875,1868.5145263671875,0.0,0.0,0.0,0.0,1.689373254776001,7.959260940551758,4,1655,0.0,31.999998092651367,0.0,0.0,0.0,0.0,2.0,0.0,1.0976791381835938,0.0,0.0,0.0,0.0,5,1507,31.0,0.0,0.0,0.0,0.0,0.0,1.0,0.0,0.9281310439109802,235.12057495117188,0.0,0.0,1.7423789501190186,3,1632,37.0,0.0,0.0,0.0,0.0,0.0,1.0,2.0,4.070437431335449,573.851318359375,0.0,0.0,0.0,3,1102,6.0,0.0,0.0,0.0,0.0,0.0,0.0,1.0,2.816666841506958,437.6618957519531,0.0,0.0,4.527508735656738,5,1654,39.0,107.0,0.0,31.999998092651367,0.0,0.0,0.0,0.0,0.0,0.0,0.0,0.0,1.0,8.0,0.0,1.0,0.0,4.568361878395081,1696.1475830078125,2754.7018280029297,28.75048065185547,28.75048065185547,0.0,0.0,4.5313496589660645,5.331468313932419,4,1650,0.0,31.999998092651367,0.0,0.0,0.0,0.0,2.0,0.0,1.5007654428482056,64.92924499511719,0.0,0.0,0.0,4,1502,31.0,0.0,0.0,0.0,0.0,0.0,2.0,0.0,0.3555793762207031,467.1552734375,0.0,0.0,0.26791104674339294,4,1096,1.0,0.0,0.0,0.0,0.0,0.0,1.0,0.0,1.0333333015441895,317.3707580566406,0.0,0.0,0.5322076082229614,4,1594,36.0,0.0,0.0,0.0,0.0,0.0,2.0,1.0,1.6786837577819824,209.09896850585938,0.0,0.0,0.0,0,0,0,7389,0,0,0,0,0,0,0,7496,0,0,0,0,8,3390,73.0,255.0,0.0,60.00000762939453,0.0,0.0,1.0,2.0,0.0,2.0,0.0,2.0,4.0,20.0,1.0,9.0,6.896144866943359,40.48728609085083,1557.606201171875,6111.758361816406,0.0,0.0,0.0,0.0,4.981022834777832,18.895097255706787,7,3043,0.0,60.00000762939453,0.0,0.0,1.0,1.0,4.0,0.0,4.680542945861816,1154.943603515625,0.0,0.0,2.4281530380249023,8,3605,79.0,0.0,0.0,1.0,1.0,1.0,4.0,1.0,7.377354621887207,1825.2249755859375,0.0,0.0,4.972113132476807,7,3312,86.0,0.0,0.0,0.0,0.0,0.0,5.0,2.0,6.539726734161377,775.9765014648438,0.0,0.0,0.0,5,2140,17.0,0.0,0.0,0.0,0.0,0.0,3.0,5.0,14.99351692199707,798.007080078125,0.0,0.0,6.513808250427246,8,3623,96.0,259.0,0.0,56.00000762939453,0.0,4.0,0.0,2.0,0.0,2.0,0.0,2.0,4.0,19.0,0.0,6.0,4.389674186706543,32.72805643081665,4911.39990234375,9524.983215332031,500.9920654296875,1359.9004516601562,0.0,0.0,9.124533653259277,19.935242891311646,7,3366,5.0,56.00000762939453,4.0,1.0,1.0,1.0,4.0,4.0,13.471673965454102,1636.8583984375,0.0,0.0,4.6931681632995605,7,3164,65.0,0.0,0.0,1.0,1.0,0.0,4.0,0.0,3.9107322692871094,1360.8841552734375,0.0,0.0,3.3881049156188965,6,2083,1.0,0.0,0.0,0.0,0.0,1.0,3.0,0.0,3.3679986000061035,1023.4273071289062,296.87994384765625,0.0,2.729436159133911,7,3481,92.0,0.0,0.0,0.0,0.0,0.0,4.0,2.0,7.587977409362793,592.4134521484375,562.0284423828125,0.0,0.0,2,2,2,15490,0,1,0,0,2,2,2,15717,0,0,0,0,11,5463,131.0,434.0,0.0,88.40001526474953,0.0,0.4000000059604645,1.0,3.0,0.0,3.0,0.0,4.0,7.0,38.0,2.0,19.0,9.948323249816895,80.34039306640625,2468.57275390625,11520.74169921875,1132.6053466796875,2147.5115661621094,0.0,0.0,6.504880905151367,26.719662189483643,9,4743,3.0,88.00001525878906,0.0,0.0,1.0,2.0,5.0,3.0,12.40418815612793,2177.132568359375,432.0183410644531,0.0,3.8049745559692383,11,5873,132.0,0.0,0.0,2.0,1.0,1.0,8.0,1.0,10.970791816711426,3768.9169921875,582.8878784179688,0.0,6.796036243438721,9,5519,140.0,0.4000000059604645,0.4000000059604645,0.0,0.0,1.0,8.0,5.0,17.278181076049805,1785.1375732421875,0.0,0.0,0.0,7,3305,28.0,0.0,0.0,0.0,1.0,0.0,10.0,8.0,29.738908767700195,1320.9818115234375,0.0,0.0,9.613770484924316,11,6383,155.0,435.0,0.0,94.10002136230469,0.0,4.0,0.0,3.0,0.0,3.0,0.0,4.0,6.0,34.0,0.0,16.0,7.946475028991699,67.81840515136719,7386.81640625,15221.52490234375,3260.76123046875,4119.669616699219,0.0,0.0,11.982887268066406,31.397965043783188,9,5022,8.0,94.10002136230469,4.0,1.0,1.0,2.0,7.0,7.0,23.93341827392578,2410.101318359375,0.0,0.0,6.9121012687683105,10,5277,121.0,0.0,0.0,2.0,2.0,0.0,7.0,2.0,12.439030647277832,2359.00146484375,0.0,0.0,6.1291327476501465,7,3081,5.0,0.0,0.0,0.0,0.0,2.0,9.0,4.0,13.374863624572754,1648.24853515625,296.87994384765625,0.0,6.040546894073486,9,5620,146.0,0.0,0.0,0.0,0.0,0.0,5.0,3.0,10.124617576599121,1417.357177734375,562.0284423828125,0.0,0.33329686522483826,3,3,4,24903,0,1,0,0,3,3,4,25383,0,1,0,0,17,12812,255.0,859.0,4.0,212.40002632141113,0.0,12.400000005960464,3.0,16.0,0.0,7.0,7.0,45.0,15.0,118.0,11.0,60.0,44.63468933105469,285.99796295166016,10116.509765625,57962.816162109375,2777.82470703125,16314.566009521484,0.0,0.0,20.42814826965332,87.43827676773071,15,9987,10.0,144.00003051757812,4.0,0.0,2.0,14.0,10.0,9.0,38.498268127441406,8909.8916015625,1128.8348388671875,0.0,11.724501609802246,17,14555,257.0,36.0,8.0,5.0,2.0,8.0,11.0,5.0,37.843994140625,12153.5830078125,6279.06201171875,0.0,19.502880096435547,16,16535,299.0,28.399995803833008,0.4000000059604645,8.0,1.0,6.0,20.0,19.0,64.12234497070312,22929.271484375,5728.15380859375,0.0,5.326873302459717,13,7593,38.0,0.0,0.0,0.0,2.0,10.0,62.0,16.0,100.89866638183594,3853.560302734375,400.6906433105469,0.0,30.455873489379883,17,13284,284.0,846.0,34.400001525878906,219.60003089904785,0.0,16.0,0.0,7.0,3.0,16.0,4.0,17.0,14.0,94.0,3.0,53.0,28.421449661254883,226.6603946685791,15877.189453125,50374.3583984375,5208.8427734375,6315.284744262695,0.0,0.0,21.940208435058594,71.97054171562195,13,8772,30.0,123.70003509521484,12.0,1.0,5.0,3.0,13.0,21.0,56.90762710571289,4902.5302734375,0.0,0.0,14.707383155822754,15,12243,235.0,29.499996185302734,4.0,5.0,4.0,1.0,9.0,9.0,32.448486328125,11870.4599609375,247.53358459472656,0.0,16.60115623474121,11,6076,5.0,0.0,0.0,0.0,2.0,6.0,45.0,4.0,54.474063873291016,4452.857421875,296.87994384765625,0.0,15.854767799377441,15,12835,292.0,31.999998092651367,0.0,1.0,2.0,3.0,13.0,16.0,54.40876770019531,13271.3212890625,562.0284423828125,0.0,2.8670260906219482,16,7,45,61482,1,3,1,7,7,16,17,53210,0,2,0,2
104366947889790212,108166997301178190,PCS Summer 2022,pcs_summer_2022,2022-06-23,2022-09-10,ESPORTSTMNT03:2920388,108166997302554562,1,Regular Season,regular_season,Regular Season,2022-08-06,1827,12.13.454.106,200,3,200,107700204561086446,107760667929003738,Deep Cross Gaming,Frank Esports,200,DCG Leaky,Sejuani,DCG Hana,Viego,DCG Nestea,Ahri,DCG Cryscata,Sivir,DCG Woody,Yuumi,FAK YSKM,Jax,FAK Holo,MonkeyKing,FAK Pretender,Swain,FAK MnM,Zeri,FAK Keres,Rakan,200,3,200,200,0,2,1,200,2,0,0,5,1395,26.0,100.0,0.0,27.999998092651367,0.0,4.0,0.0,0.0,1.0,1.0,0.0,0.0,1.0,5.0,0.0,2.0,0.0,8.476886123418808,1432.778076171875,3696.86669921875,0.0,267.4603271484375,0.0,0.0,3.754255771636963,7.03223717212677,4,1575,1.0,27.999998092651367,4.0,0.0,0.0,0.0,1.0,1.0,3.30495548248291,254.36434936523438,0.0,0.0,1.4386568069458008,5,1538,33.0,0.0,0.0,0.0,0.0,0.0,2.0,1.0,4.838597297668457,352.2192687988281,0.0,0.0,0.0,4,1722,40.0,0.0,0.0,0.0,0.0,0.0,0.0,0.0,0.0,769.3973388671875,267.4603271484375,0.0,0.0,4,1205,0.0,0.0,0.0,0.0,0.0,0.0,1.0,0.0,0.3333333432674408,888.107666015625,0.0,0.0,1.8393245935440063,5,1609,27.0,113.0,0.0,31.249998092651367,0.0,4.0,0.0,1.0,0.0,0.0,1.0,1.0,2.0,8.0,0.0,0.0,1.4952318668365479,5.326251417398453,1190.0987548828125,2502.863021850586,0.0,0.0,0.0,0.0,3.3152084350585938,5.97089022397995,4,2036,0.0,31.249998092651367,4.0,1.0,0.0,0.0,1.0,0.0,0.5333333611488342,453.71429443359375,0.0,0.0,0.5273012518882751,5,1661,39.0,0.0,0.0,0.0,0.0,0.0,1.0,0.0,1.4840351343154907,671.1665649414062,0.0,0.0,2.128380537033081,4,1730,41.0,0.0,0.0,0.0,0.0,0.0,2.0,0.0,1.4803177118301392,187.88340759277344,0.0,0.0,0.0,4,1125,6.0,0.0,0.0,0.0,0.0,0.0,2.0,0.0,0.3333333432674408,0.0,0.0,0.0,0.0,0,1,0,7435,0,0,0,0,1,0,1,8161,0,0,0,0,8,2832,57.0,229.0,0.0,60.000003814697266,0.0,8.0,1.0,1.0,2.0,7.0,0.0,2.0,2.0,17.0,0.0,5.0,3.1012892723083496,28.18320322036743,3528.140380859375,9537.423522949219,0.0,267.4603271484375,0.0,0.0,8.31900405883789,16.504241704940796,7,3101,2.0,60.000003814697266,8.0,0.0,1.0,1.0,3.0,2.0,8.270073890686035,1419.8712158203125,0.0,0.0,3.156541347503662,8,3088,81.0,0.0,0.0,0.0,1.0,1.0,4.0,2.0,9.549010276794434,1722.16162109375,0.0,0.0,1.8582763671875,7,3382,89.0,0.0,0.0,0.0,1.0,0.0,2.0,1.0,3.1034984588623047,897.0115356445312,267.4603271484375,0.0,0.0,5,2086,0.0,0.0,0.0,0.0,2.0,0.0,6.0,0.0,4.159331321716309,1970.23876953125,0.0,0.0,3.170419931411743,8,3298,66.0,265.0,4.0,59.25000762939453,0.0,4.0,0.0,7.0,1.0,1.0,1.0,12.0,4.0,20.0,0.0,3.0,4.926334857940674,30.391870498657227,1640.9327392578125,11396.620178222656,895.6455688476562,1214.1241149902344,0.0,0.0,4.394645690917969,20.19126832485199,7,4287,4.0,51.25000762939453,4.0,3.0,0.0,4.0,4.0,2.0,11.416945457458496,2828.73291015625,0.0,0.0,1.74238920211792,9,4075,90.0,4.0,0.0,2.0,0.0,2.0,4.0,1.0,6.536522388458252,4869.93310546875,0.0,0.0,10.478283882141113,7,3786,94.0,0.0,0.0,1.0,0.0,1.0,4.0,0.0,3.0582685470581055,1332.8372802734375,318.4785461425781,0.0,0.6332498788833618,6,2544,11.0,0.0,0.0,1.0,0.0,4.0,4.0,0.0,4.453799247741699,724.1841430664062,0.0,0.0,2.942699670791626,1,7,2,14489,0,0,0,0,7,1,12,17990,0,0,0,0,10,4748,113.0,403.0,0.0,95.75001525878906,0.0,8.0,1.0,1.0,3.0,9.0,0.0,2.0,4.0,33.0,0.0,10.0,4.684571266174316,63.46120262145996,5950.60400390625,14055.393432617188,950.0687255859375,1631.6243286132812,0.0,0.0,12.608131408691406,21.910900592803955,9,4820,11.0,95.75001525878906,8.0,0.0,1.0,1.0,4.0,5.0,18.982952117919922,1530.4801025390625,0.0,0.0,3.156541347503662,11,4930,137.0,0.0,0.0,0.0,1.0,1.0,6.0,3.0,12.882343292236328,1722.16162109375,0.0,0.0,1.8582763671875,9,5568,141.0,0.0,0.0,0.0,2.0,0.0,4.0,2.0,8.853739738464355,1681.921142578125,681.5556030273438,0.0,0.0,7,2989,1.0,0.0,0.0,0.0,2.0,0.0,15.0,0.0,18.05759620666504,3170.2265625,0.0,0.0,4.287951469421387,11,5355,115.0,445.0,4.0,95.50000762939453,0.0,4.0,1.0,9.0,1.0,1.0,1.0,14.0,6.0,35.0,0.0,10.0,5.259668350219727,58.37520885467529,3817.783447265625,16573.408935546875,1677.05615234375,3237.336395263672,0.0,0.0,6.554374694824219,27.336922883987427,9,6031,7.0,75.25000762939453,4.0,3.0,0.0,5.0,7.0,5.0,19.26018714904785,3849.996826171875,249.20541381835938,0.0,3.287818670272827,11,6123,150.0,8.25,0.0,2.0,0.0,2.0,6.0,3.0,11.930797576904297,5141.37744140625,0.0,0.0,10.926363945007324,10,7254,155.0,8.0,0.0,2.0,0.0,1.0,6.0,2.0,10.154828071594238,2515.792724609375,1311.0748291015625,0.0,1.7009224891662598,7,3792,18.0,0.0,0.0,1.0,0.0,5.0,10.0,0.0,11.76972770690918,1248.45849609375,0.0,0.0,4.867443084716797,1,9,2,23055,0,0,0,0,9,1,14,28555,0,1,0,1,15,10067,201.0,752.0,13.0,178.75002479553223,0.0,8.0,2.0,6.0,9.0,26.0,4.0,20.0,12.0,89.0,2.0,42.0,18.753419876098633,205.39909553527832,18073.791015625,76163.94580078125,950.0687255859375,5409.584548950195,0.0,0.0,32.81256866455078,74.34188556671143,13,8498,28.0,139.75003051757812,8.0,0.0,5.0,5.0,10.0,17.0,51.415122985839844,7856.13623046875,186.3035888671875,0.0,6.09196662902832,14,9438,218.0,4.0,0.0,1.0,3.0,5.0,13.0,6.0,33.907657623291016,13731.408203125,1150.61474609375,0.0,13.954184532165527,14,13087,302.0,21.9999942779541,0.0,2.0,5.0,2.0,12.0,15.0,43.67064666748047,25819.3984375,2905.177490234375,0.0,2.026042938232422,12,6870,3.0,0.0,0.0,1.0,4.0,4.0,42.0,2.0,57.65224838256836,10683.2119140625,217.4199981689453,0.0,19.457122802734375,16,12411,200.0,793.0,4.75,201.75002670288086,0.5,12.5,8.0,26.0,2.0,6.0,3.0,56.0,15.0,99.0,4.0,52.0,27.268781661987305,255.07800483703613,13042.529296875,76700.70068359375,5314.97998046875,25052.324645996094,0.0,0.0,14.259391784667969,90.27221584320068,15,12074,28.0,124.7500228881836,4.0,5.0,1.0,13.0,13.0,16.0,57.3739128112793,12939.095703125,5264.66748046875,0.0,8.848854064941406,17,13105,248.0,24.25,8.0,4.0,1.0,15.0,8.0,9.0,33.205657958984375,23247.19921875,3960.65869140625,0.0,41.214866638183594,16,16444,290.0,48.000003814697266,0.0,7.0,0.0,9.0,14.0,19.0,68.93661499023438,21517.80078125,10097.806640625,0.0,5.679024696350098,13,8554,27.0,0.0,0.0,2.0,2.0,16.0,49.0,4.0,68.29303741455078,5954.07568359375,414.21185302734375,0.0,20.270078659057617,6,26,20,47960,0,0,0,1,26,6,56,62588,2,4,1,11
104366947889790212,108166997301178190,PCS Summer 2022,pcs_summer_2022,2022-06-23,2022-09-10,ESPORTSTMNT03:2920354,108166997302554586,1,Regular Season,regular_season,Regular Season,2022-08-06,1593,12.13.454.106,100,1,200,107635420167535818,108517492697602721,SEM9,Dewish Team,100,S9 N0name,Darius,S9 Arashi,MonkeyKing,S9 Lezar,Ahri,S9 XieDoDo,Sivir,S9 QaspieL,Gragas,DWT Lacunae,Camille,DWT WSL,LeeSin,DWT xiaotu,Azir,DWT BangTwo,Zeri,DWT EnHoa,Alistar,100,4,100,100,2,0,0,0,0,0,0,5,1570,33.0,98.0,0.0,27.999998092651367,0.0,0.0,0.0,0.0,0.0,0.0,0.0,0.0,1.0,4.0,0.0,0.0,1.7022467851638794,4.084110081195831,540.7608642578125,2502.948699951172,0.0,293.76715087890625,0.0,0.0,0.3209233582019806,2.128760725259781,4,1565,0.0,27.999998092651367,0.0,0.0,0.0,0.0,1.0,0.0,1.8485299348831177,0.0,0.0,0.0,0.0,5,1605,36.0,0.0,0.0,0.0,0.0,0.0,0.0,0.0,0.0,832.7698364257812,0.0,0.0,0.0,3,1453,29.0,0.0,0.0,0.0,0.0,0.0,0.0,0.0,0.0,679.2974853515625,222.35845947265625,0.0,0.0,4,1107,0.0,0.0,0.0,0.0,0.0,0.0,2.0,0.0,0.5333333611488342,450.1205139160156,71.40869140625,0.0,1.8078373670578003,5,1472,28.0,99.0,0.0,34.0,0.0,0.0,0.0,0.0,0.0,0.0,0.0,0.0,2.0,7.0,0.0,1.0,1.5231493711471558,3.339816063642502,762.90869140625,2794.2073669433594,0.0,0.0,0.0,0.0,1.5491855144500732,3.051083207130432,4,1685,0.0,34.0,0.0,0.0,0.0,0.0,1.0,0.0,0.3333333432674408,0.0,0.0,0.0,0.0,5,1563,34.0,0.0,0.0,0.0,0.0,0.0,2.0,0.0,0.0,1625.490966796875,0.0,0.0,1.5018976926803589,3,1552,31.0,0.0,0.0,0.0,0.0,0.0,0.0,0.0,0.0,315.1415710449219,0.0,0.0,0.0,4,1114,6.0,0.0,0.0,0.0,0.0,0.0,2.0,1.0,1.4833333492279053,90.6661376953125,0.0,0.0,0.0,0,0,0,7300,0,0,0,0,0,0,0,7386,0,0,0,0,8,3370,89.0,249.0,4.0,59.900001525878906,0.0,4.0,0.0,0.0,0.0,1.0,0.0,0.0,3.0,13.0,1.0,6.0,4.786335468292236,22.665325164794922,918.0040283203125,6888.829620361328,0.0,293.76715087890625,0.0,0.0,0.4981139600276947,7.810886234045029,7,2769,4.0,54.400001525878906,4.0,0.0,0.0,0.0,2.0,3.0,7.440196990966797,197.48123168945312,0.0,0.0,0.0,7,2887,69.0,0.0,0.0,0.0,0.0,0.0,3.0,0.0,3.6056458950042725,1330.5601806640625,0.0,0.0,1.63018798828125,7,3334,86.0,1.5,0.0,0.0,0.0,0.0,2.0,1.0,2.1666667461395264,2270.862548828125,222.35845947265625,0.0,0.0,6,2024,1.0,0.0,0.0,0.0,1.0,0.0,3.0,1.0,4.66648006439209,2171.921630859375,71.40869140625,0.0,5.682584285736084,8,2960,73.0,258.0,0.0,74.50001525878906,0.0,9.0,0.0,1.0,0.0,0.0,0.0,1.0,4.0,19.0,0.0,3.0,4.637353420257568,25.97962760925293,1212.8372802734375,9619.054191589355,0.0,1723.5320434570312,0.0,0.0,1.8594223260879517,13.385807991027832,7,3364,0.0,74.50001525878906,9.0,0.0,0.0,0.0,3.0,0.0,6.638645648956299,102.19164276123047,0.0,0.0,0.0,8,3556,85.0,0.0,0.0,0.0,0.0,0.0,4.0,0.0,2.0604586601257324,5011.3310546875,992.3193969726562,0.0,5.501491069793701,7,3662,85.0,0.0,0.0,0.0,0.0,1.0,2.0,1.0,4.772214889526367,2124.789306640625,731.212646484375,0.0,1.0885542631149292,6,2477,15.0,0.0,0.0,1.0,0.0,0.0,6.0,2.0,7.870954990386963,1167.9049072265625,0.0,0.0,4.93634033203125,0,1,0,14384,0,1,0,0,1,0,1,16019,0,0,0,0,11,6086,139.0,407.0,8.0,85.50000762939453,4.0,9.5,1.0,1.0,0.0,1.0,0.0,0.0,5.0,27.0,1.0,13.0,8.420869827270508,51.675692558288574,2728.9169921875,11175.340118408203,572.907470703125,1147.4375610351562,0.0,0.0,0.8509753942489624,13.90632426738739,9,4510,6.0,76.00000762939453,5.5,0.0,0.0,0.0,3.0,5.0,15.41209602355957,197.48123168945312,280.762939453125,0.0,0.0,10,4435,113.0,0.0,0.0,0.0,0.0,0.0,7.0,0.0,10.068062782287598,2724.73388671875,0.0,0.0,6.31207275390625,9,5545,141.0,1.5,0.0,0.0,0.0,0.0,5.0,4.0,9.374850273132324,2736.40673828125,222.35845947265625,0.0,0.0,8,3025,8.0,0.0,0.0,0.0,1.0,0.0,7.0,3.0,8.399813652038574,2787.80126953125,71.40869140625,0.0,6.743276119232178,10,4417,117.0,427.0,0.0,114.50003051757812,0.0,16.999998092651367,0.0,1.0,1.0,1.0,0.0,1.0,7.0,36.0,0.0,10.0,8.82107162475586,70.97854804992676,2064.74951171875,13871.418083190918,0.0,2374.9427490234375,0.0,0.0,2.5977790355682373,16.005605816841125,9,4920,2.0,114.50003051757812,16.999998092651367,0.0,0.0,0.0,4.0,2.0,12.784585952758789,102.19164276123047,0.0,0.0,0.0,10,5437,136.0,0.0,0.0,0.0,0.0,0.0,5.0,0.0,5.428475379943848,8187.81201171875,1643.7301025390625,0.0,7.382932186126709,9,5963,146.0,0.0,0.0,0.0,0.0,1.0,5.0,3.0,11.508475303649902,2348.760009765625,731.212646484375,0.0,1.0885542631149292,8,3671,26.0,0.0,0.0,1.0,0.0,0.0,15.0,5.0,32.43593978881836,1167.9049072265625,0.0,0.0,4.93634033203125,1,1,0,23601,0,1,0,1,1,1,1,24408,0,1,0,0,15,11138,185.0,639.0,34.0,164.70000457763672,9.5,16.600000023841858,3.0,16.0,1.0,6.0,5.0,38.0,6.0,61.0,6.0,37.0,27.227062225341797,164.72357559204102,10007.404296875,57143.0634765625,5104.19775390625,20964.840576171875,0.0,0.0,8.160568237304688,52.57878923416138,14,9952,17.0,108.00000762939453,5.5,4.0,0.0,7.0,10.0,11.0,37.34048843383789,7313.1845703125,8424.2041015625,0.0,5.2628173828125,15,10041,175.0,0.0,0.0,3.0,0.0,11.0,12.0,1.0,24.241676330566406,11400.76171875,3994.4541015625,0.0,18.596345901489258,14,12128,237.0,18.699996948242188,1.600000023841858,4.0,3.0,8.0,9.0,14.0,29.78411865234375,19275.275390625,2158.779052734375,0.0,1.336632251739502,13,7666,25.0,4.0,0.0,2.0,2.0,7.0,24.0,5.0,46.13022994995117,9146.4375,1283.20556640625,0.0,19.22242546081543,14,8295,194.0,670.0,8.399999618530273,202.89998054504395,0.0,28.9999942779541,1.0,6.0,3.0,16.0,1.0,12.0,11.0,78.0,6.0,33.0,25.89216423034668,177.01730728149414,5919.671875,52052.76806640625,0.0,6015.1478271484375,0.0,0.0,7.975546360015869,56.70024919509888,13,8004,11.0,167.69998168945312,27.4999942779541,0.0,3.0,3.0,11.0,4.0,24.37755012512207,6065.36865234375,0.0,0.0,7.496331691741943,14,9066,193.0,16.0,1.5,0.0,5.0,3.0,8.0,4.0,20.198619842529297,20460.431640625,4124.6220703125,0.0,17.668302536010742,14,11553,236.0,10.799999237060547,0.0,4.0,2.0,1.0,10.0,10.0,36.03981018066406,16234.7724609375,1890.5257568359375,0.0,7.720346927642822,11,6126,36.0,0.0,0.0,1.0,3.0,4.0,38.0,9.0,70.50916290283203,3372.5234375,0.0,0.0,15.8397216796875,16,6,38,50925,1,2,1,10,6,16,12,43044,0,2,0,2
104366947889790212,108166997301178190,PCS Summer 2022,pcs_summer_2022,2022-06-23,2022-09-10,ESPORTSTMNT03:2920359,108166997302554604,1,Regular Season,regular_season,Regular Season,2022-08-06,2015,12.13.454.106,100,3,200,107700211633200412,106269859169658575,Meta Falcon Team,Impunity Esports,100,MFT Taco,Gwen,MFT 665,MonkeyKing,MFT Wen,Vex,MFT Whale,Aphelios,MFT 1SSUE,Nautilus,IMP Jackpot,Fiora,IMP Alex,Trundle,IMP Apex,Ahri,IMP Anex,Zeri,IMP Yusin,Yuumi,100,6,100,200,1,1,1,100,5,0,0,4,1332,22.0,94.0,0.0,23.999998092651367,0.0,0.0,0.0,0.0,0.0,1.0,0.0,0.0,2.0,7.0,0.0,3.0,1.5006426572799683,12.111587643623352,543.2005615234375,3676.1443786621094,0.0,0.0,0.0,0.0,0.0,11.298738956451416,4,1448,1.0,23.999998092651367,0.0,0.0,0.0,0.0,1.0,0.0,3.3958349227905273,465.3204650878906,0.0,0.0,0.0,5,1493,30.0,0.0,0.0,0.0,1.0,0.0,2.0,0.0,1.5267201662063599,826.60205078125,0.0,0.0,2.4795219898223877,4,1559,33.0,0.0,0.0,0.0,0.0,0.0,1.0,1.0,1.4166666269302368,1197.8028564453125,0.0,0.0,1.685103178024292,4,1162,8.0,0.0,0.0,0.0,0.0,0.0,1.0,2.0,4.27172327041626,643.2184448242188,0.0,0.0,7.134113788604736,5,1577,34.0,108.0,0.0,25.999998092651367,0.0,0.0,0.0,1.0,0.0,0.0,0.0,1.0,1.0,9.0,0.0,0.0,1.519139051437378,5.5985687375068665,1174.0631103515625,3709.2772827148438,0.0,0.0,0.0,0.0,0.5211917757987976,3.9117016792297363,4,1919,0.0,25.999998092651367,0.0,1.0,0.0,0.0,2.0,0.0,0.0,723.0323486328125,0.0,0.0,2.1283187866210938,5,1840,38.0,0.0,0.0,0.0,0.0,1.0,2.0,0.0,2.263979434967041,829.72265625,0.0,0.0,0.0,3,1500,30.0,0.0,0.0,0.0,0.0,0.0,2.0,0.0,1.148783564567566,701.1029663085938,0.0,0.0,0.3601462244987488,3,1132,6.0,0.0,0.0,0.0,0.0,0.0,2.0,0.0,0.6666666865348816,281.356201171875,0.0,0.0,0.9020448923110962,0,1,0,6994,0,0,0,0,1,0,1,7968,0,0,0,0,8,2771,62.0,258.0,0.0,60.00000762939453,0.0,8.0,0.0,0.0,0.0,1.0,0.0,0.0,3.0,14.0,0.0,6.0,4.71003532409668,34.74215626716614,1722.818603515625,5955.604522705078,0.0,2060.151123046875,0.0,0.0,0.0,14.98664665222168,6,3005,5.0,60.00000762939453,8.0,0.0,0.0,0.0,2.0,3.0,10.955787658691406,465.3204650878906,0.0,0.0,0.0,8,3243,87.0,0.0,0.0,0.0,1.0,0.0,2.0,0.0,3.600970983505249,883.29541015625,0.0,0.0,2.4795219898223877,7,3341,83.0,0.0,0.0,0.0,0.0,0.0,3.0,1.0,6.842613697052002,1634.3912353515625,2060.151123046875,0.0,2.794966459274292,6,2349,21.0,0.0,0.0,0.0,0.0,0.0,4.0,2.0,8.6327486038208,1249.77880859375,0.0,0.0,9.712158203125,8,3452,88.0,268.0,0.0,54.00000762939453,0.0,4.0,0.0,1.0,0.0,0.0,0.0,1.0,3.0,18.0,0.0,3.0,4.580500602722168,30.66967535018921,2654.87744140625,7068.12109375,849.9273071289062,1770.1845092773438,0.0,0.0,0.5211917757987976,6.958101451396942,6,3251,2.0,50.00000762939453,0.0,1.0,0.0,0.0,4.0,2.0,10.999130249023438,723.0323486328125,252.4674072265625,0.0,2.1283187866210938,9,3748,92.0,4.0,4.0,0.0,0.0,1.0,2.0,1.0,7.520803451538086,928.529052734375,392.35540771484375,0.0,0.0,6,3099,74.0,0.0,0.0,0.0,0.0,0.0,3.0,0.0,4.186549663543701,1814.340087890625,275.43438720703125,0.0,2.4749338626861572,6,2130,12.0,0.0,0.0,0.0,0.0,0.0,6.0,0.0,3.3826913833618164,947.3421630859375,0.0,0.0,1.8336570262908936,0,1,0,14709,0,1,0,0,1,0,1,15680,0,0,0,0,11,4616,108.0,411.0,8.0,90.00001525878906,0.0,8.0,0.0,3.0,0.0,2.0,0.0,7.0,5.0,33.0,0.0,13.0,6.28900146484375,70.48235607147217,4229.78173828125,14565.206726074219,0.0,7764.357772827148,0.0,0.0,0.46891146898269653,30.98614674806595,9,4548,12.0,78.00001525878906,8.0,0.0,1.0,1.0,3.0,6.0,18.747453689575195,744.5690307617188,256.648681640625,0.0,0.8961029052734375,11,6201,136.0,4.0,0.0,3.0,1.0,0.0,8.0,3.0,12.115138053894043,3018.05810546875,307.255859375,0.0,6.223092555999756,9,5698,126.0,0.0,0.0,0.0,0.0,3.0,5.0,1.0,10.142679214477539,4266.80029296875,6989.318359375,0.0,6.734988212585449,8,4193,29.0,0.0,0.0,0.0,0.0,3.0,12.0,3.0,23.18808364868164,2305.99755859375,211.13487243652344,0.0,16.66305160522461,11,5440,147.0,421.0,0.0,86.0000228881836,0.0,4.0,0.0,2.0,0.0,3.0,0.0,3.0,5.0,33.0,0.0,8.0,7.083383083343506,50.6688346862793,4770.357421875,12647.877197265625,1781.99267578125,2702.2498779296875,0.0,0.0,0.6718927025794983,14.751826345920563,9,4533,5.0,77.7500228881836,0.0,1.0,1.0,0.0,5.0,3.0,15.684536933898926,1692.3465576171875,252.4674072265625,0.0,5.025720119476318,10,5520,126.0,8.25,4.0,1.0,1.0,1.0,4.0,2.0,12.572687149047852,1838.0299072265625,392.35540771484375,0.0,0.0,9,4894,124.0,0.0,0.0,0.0,1.0,1.0,6.0,3.0,7.974191188812256,2863.8564453125,275.43438720703125,0.0,2.8142995834350586,7,3254,19.0,0.0,0.0,0.0,0.0,1.0,13.0,0.0,7.354036331176758,1483.286865234375,0.0,0.0,6.2399139404296875,3,2,7,25256,0,1,0,2,2,3,3,23641,0,1,0,0,18,13654,244.0,856.0,45.5,213.50001525878906,12.0,24.0,3.0,20.0,0.0,5.0,7.0,41.0,10.0,118.0,4.0,59.0,26.22319221496582,277.8669910430908,22349.2734375,82324.60791015625,1811.421142578125,19854.418823242188,0.0,0.0,7.29125452041626,84.23273801803589,15,10620,27.0,122.00001525878906,12.0,3.0,2.0,9.0,9.0,16.0,50.354801177978516,8653.8193359375,2121.829345703125,0.0,6.7667083740234375,16,12712,215.0,28.0,0.0,4.0,1.0,9.0,32.0,11.0,57.75276565551758,11598.4541015625,1394.636962890625,0.0,17.21077537536621,16,17855,314.0,18.0,0.0,10.0,0.0,6.0,17.0,14.0,45.11140441894531,33610.3515625,13769.2265625,0.0,10.308558464050293,14,9162,56.0,0.0,0.0,0.0,2.0,10.0,50.0,14.0,98.4248275756836,6112.70947265625,757.3048095703125,0.0,42.65544128417969,18,13934,308.0,899.0,22.5,176.5000343322754,4.0,8.0,2.0,5.0,4.0,20.0,0.0,12.0,14.0,99.0,3.0,57.0,30.889328002929688,211.5444679260254,17235.392578125,52748.7890625,6674.76953125,7595.0267333984375,0.0,0.0,4.723301887512207,89.25387716293335,13,9236,38.0,115.75003814697266,0.0,2.0,4.0,2.0,12.0,23.0,58.348976135253906,5349.32958984375,252.4674072265625,0.0,31.53363800048828,15,11098,253.0,8.25,4.0,1.0,4.0,4.0,13.0,14.0,36.366573333740234,13843.5322265625,392.35540771484375,0.0,20.050846099853516,14,12312,279.0,29.999996185302734,0.0,0.0,4.0,3.0,12.0,17.0,35.576011657714844,11192.283203125,275.43438720703125,0.0,7.0423760414123535,12,6338,21.0,0.0,0.0,0.0,4.0,3.0,48.0,0.0,50.36357879638672,5128.25146484375,0.0,0.0,25.903715133666992,20,5,41,64003,1,4,1,9,5,20,12,52918,0,1,0,2
104366947889790212,108166997301178190,PCS Summer 2022,pcs_summer_2022,2022-06-23,2022-09-10,ESPORTSTMNT03:2920336,108166997302554610,1,Regular Season,regular_season,Regular Season,2022-08-06,2322,12.13.454.106,100,3,200,106269859169658575,99566406490127625,Impunity Esports,J Team,200,IMP Jackpot,Camille,IMP Alex,Viego,IMP Husky,Galio,IMP Anex,Sivir,IMP Yusin,Lulu,JT Rock,Renekton,JT Kongyue,Vi,JT Uniboy,Taliyah,JT Lilv,Zeri,JT Enso,Yuumi,100,3,100,200,1,1,1,200,4,1,200,5,1411,25.0,91.0,0.0,31.999998092651367,0.0,0.0,0.0,0.0,1.0,1.0,0.0,0.0,1.0,7.0,0.0,0.0,0.0,4.159718006849289,1201.8316650390625,2869.275115966797,0.0,185.7399444580078,0.0,0.0,2.1499271392822266,4.6792311668396,4,1650,0.0,31.999998092651367,0.0,0.0,0.0,0.0,2.0,0.0,0.3333333432674408,0.0,0.0,0.0,0.0,5,1591,35.0,0.0,0.0,0.0,0.0,0.0,1.0,0.0,1.5024257898330688,99.00436401367188,0.0,0.0,0.0,4,1520,31.0,0.0,0.0,0.0,0.0,0.0,1.0,0.0,0.0,632.8331909179688,106.84880065917969,0.0,0.0,3,1165,0.0,0.0,0.0,0.0,0.0,0.0,2.0,0.0,2.3239588737487793,935.6058959960938,78.89114379882812,0.0,2.529304027557373,5,1571,30.0,97.0,0.0,22.999998092651367,0.0,0.0,0.0,1.0,0.0,0.0,1.0,2.0,2.0,10.0,0.0,2.0,1.527796983718872,10.715515971183777,1654.6016845703125,3253.7733764648438,0.0,0.0,0.0,0.0,2.7260894775390625,4.4797883331775665,4,1849,1.0,22.999998092651367,0.0,1.0,0.0,0.0,1.0,1.0,3.2502150535583496,125.66787719726562,0.0,0.0,0.08960089087486267,5,1663,36.0,0.0,0.0,0.0,0.0,1.0,2.0,0.0,1.4489306211471558,361.7525634765625,0.0,0.0,1.094080924987793,3,1444,28.0,0.0,0.0,0.0,0.0,0.0,2.0,0.0,1.506303310394287,239.29550170898438,0.0,0.0,0.0,3,1236,2.0,0.0,0.0,0.0,0.0,0.0,3.0,1.0,2.9822700023651123,872.4557495117188,0.0,0.0,0.5700170397758484,0,1,0,7337,0,0,0,0,1,0,2,7763,0,0,0,0,8,2989,72.0,248.0,0.0,67.50001525878906,0.0,1.0,0.0,1.0,1.0,1.0,0.0,1.0,3.0,24.0,0.0,7.0,3.010434150695801,37.72350859642029,2694.488525390625,7426.841827392578,0.0,1136.8210678100586,0.0,0.0,5.468420505523682,14.947211742401123,7,3220,4.0,67.50001525878906,1.0,0.0,0.0,0.0,3.0,4.0,12.020234107971191,0.0,101.6333236694336,0.0,0.0,8,3285,88.0,0.0,0.0,0.0,0.0,0.0,7.0,0.0,4.607728004455566,175.75979614257812,0.0,0.0,0.0,6,3463,81.0,0.0,0.0,0.0,0.0,1.0,3.0,0.0,3.2042253017425537,2081.994873046875,646.1592407226562,0.0,0.0,5,2658,3.0,0.0,0.0,1.0,0.0,0.0,8.0,3.0,14.880887031555176,2474.5986328125,389.02850341796875,0.0,9.478791236877441,8,3238,85.0,267.0,0.0,66.49999618530273,0.0,4.0,0.0,1.0,0.0,1.0,1.0,2.0,3.0,21.0,0.0,7.0,4.204411506652832,32.18886423110962,3098.257080078125,7007.631256103516,0.0,0.0,0.0,0.0,6.6103363037109375,11.375581562519073,7,3441,2.0,62.499996185302734,4.0,1.0,0.0,0.0,3.0,2.0,6.925912380218506,125.66787719726562,0.0,0.0,0.08960089087486267,8,3568,96.0,4.0,0.0,0.0,0.0,1.0,4.0,3.0,8.277698516845703,605.1484375,0.0,0.0,2.6316022872924805,6,3148,79.0,0.0,0.0,0.0,1.0,0.0,4.0,1.0,4.894295692443848,1193.0015869140625,0.0,0.0,0.3521825969219208,6,2218,5.0,0.0,0.0,0.0,0.0,0.0,7.0,1.0,7.8865461349487305,1985.5562744140625,0.0,0.0,1.691859483718872,1,1,1,15615,0,1,0,0,1,1,2,15613,0,0,0,0,11,5195,121.0,408.0,4.0,97.5000228881836,0.0,1.0,0.0,1.0,1.0,5.0,0.0,1.0,4.0,36.0,0.0,17.0,4.685502052307129,78.91469669342041,4689.36865234375,14585.045776367188,0.0,2879.3386459350586,0.0,0.0,6.405920505523682,25.60745358467102,9,4634,7.0,93.5000228881836,1.0,0.0,0.0,0.0,3.0,5.0,15.661900520324707,1400.222900390625,101.6333236694336,0.0,1.3249280452728271,10,4674,124.0,0.0,0.0,0.0,3.0,0.0,8.0,0.0,9.126986503601074,1544.1805419921875,0.0,0.0,4.73577880859375,9,6069,148.0,0.0,0.0,0.0,0.0,1.0,7.0,7.0,17.618980407714844,4055.557861328125,1954.132080078125,0.0,0.0,8,4053,8.0,0.0,0.0,1.0,1.0,0.0,14.0,5.0,31.821327209472656,2895.7158203125,823.5732421875,0.0,13.140826225280762,11,5052,140.0,439.0,2.0,88.5,0.0,4.0,0.0,5.0,0.0,1.0,1.0,10.0,5.0,41.0,0.0,15.0,5.782468795776367,68.58473205566406,5889.73046875,18826.100830078125,0.0,513.6384735107422,0.0,0.0,11.354232788085938,31.264307260513306,9,5068,11.0,78.5,4.0,1.0,0.0,4.0,6.0,6.0,16.037105560302734,3282.7607421875,0.0,0.0,5.353517055511475,11,6041,144.0,8.0,0.0,2.0,0.0,2.0,6.0,3.0,12.022601127624512,3049.880615234375,373.413330078125,0.0,7.664394378662109,9,5852,136.0,0.0,0.0,1.0,1.0,1.0,7.0,5.0,10.62631893157959,3344.0234375,140.2251434326172,0.0,0.665945291519165,7,3694,8.0,0.0,0.0,1.0,0.0,2.0,17.0,1.0,24.11623764038086,3259.70556640625,0.0,0.0,6.226217746734619,1,5,1,24625,0,1,0,1,5,1,10,25707,0,1,0,0,18,14110,238.0,831.0,16.0,256.5000030994415,0.0,13.499999284744263,3.0,14.0,5.0,24.0,7.0,39.0,11.0,139.0,0.0,50.0,17.012413024902344,295.02219009399414,18436.04296875,89994.2177734375,3521.1123046875,11092.893920898438,0.0,0.0,16.460979461669922,85.61088275909424,16,12871,39.0,187.5,2.700000047683716,3.0,4.0,5.0,13.0,15.0,55.310935974121094,10233.64453125,1869.3858642578125,0.0,6.173140525817871,16,10843,200.0,3.200000047683716,0.0,1.0,7.0,10.0,20.0,2.0,36.30070114135742,15105.7890625,0.0,0.0,24.028579711914062,16,16987,334.0,49.80000305175781,10.799999237060547,4.0,4.0,7.0,19.0,19.0,71.92082214355469,39029.75390625,4592.69970703125,0.0,2.3066539764404297,14,10354,20.0,0.0,0.0,3.0,4.0,10.0,76.0,14.0,114.4773178100586,7188.9873046875,1109.696044921875,0.0,36.64152908325195,17,12896,261.0,903.0,7.0,243.00003814697266,0.0,14.999999046325684,0.0,24.0,4.0,14.0,11.0,64.0,13.0,126.0,5.0,64.0,30.882598876953125,313.6669235229492,15057.8564453125,105135.6513671875,602.852294921875,17631.045639038086,0.0,0.0,19.618093490600586,106.19489860534668,17,12444,46.0,134.20001220703125,10.999999046325684,2.0,6.0,14.0,18.0,14.0,58.8089714050293,9682.0654296875,161.96324157714844,0.0,17.52132797241211,18,16842,249.0,44.600013732910156,0.0,8.0,1.0,13.0,10.0,13.0,45.93966293334961,29731.064453125,3316.351806640625,0.0,36.579071044921875,18,21855,337.0,57.20001220703125,4.0,13.0,2.0,6.0,15.0,31.0,82.70985412597656,39654.25390625,13097.1025390625,0.0,7.559696197509766,16,9679,10.0,0.0,0.0,1.0,1.0,20.0,70.0,1.0,95.32583618164062,11010.4111328125,452.7757568359375,0.0,24.916709899902344,14,24,39,65165,0,1,1,5,24,14,64,73716,2,5,1,8
104366947889790212,108166997301178190,PCS Summer 2022,pcs_summer_2022,2022-06-23,2022-09-10,ESPORTSTMNT03:2920412,108166997302554618,1,Regular Season,regular_season,Regular Season,2022-08-06,2142,12.13.454.106,100,1,100,106269804045322803,99566406490127625,Beyond Gaming,J Team,100,BYG Likai,Gwen,BYG Husha,Viego,BYG Minji,Taliyah,BYG Wako,Zeri,BYG Kino,Alistar,JT Rock,Jax,JT Kongyue,LeeSin,JT Uniboy,Galio,JT Lilv,Sivir,JT Enso,Nautilus,100,5,100,100,2,0,1,100,6,1,100,5,1535,32.0,114.0,0.0,31.999998092651367,0.0,4.0,0.0,0.0,0.0,0.0,0.0,0.0,2.0,9.0,0.0,2.0,0.0,8.127091407775879,1112.545654296875,2384.8099403381348,0.0,0.0,0.0,0.0,0.0,5.830569088459015,4,1655,0.0,31.999998092651367,4.0,0.0,0.0,0.0,2.0,0.0,0.0,0.0,0.0,0.0,0.0,5,1626,38.0,0.0,0.0,0.0,0.0,0.0,2.0,0.0,1.509901762008667,533.4381103515625,0.0,0.0,3.454489231109619,4,1703,40.0,0.0,0.0,0.0,0.0,0.0,2.0,1.0,2.994980812072754,692.0012817382812,0.0,0.0,0.5880010724067688,3,1037,4.0,0.0,0.0,0.0,0.0,0.0,1.0,1.0,3.622208833694458,46.824893951416016,0.0,0.0,1.788078784942627,5,1444,27.0,108.0,0.0,27.999998092651367,0.0,0.0,0.0,0.0,0.0,0.0,0.0,0.0,1.0,8.0,0.0,0.0,0.5333333611488342,7.214256316423416,828.09912109375,1408.475112915039,0.0,0.0,0.0,0.0,2.8340606689453125,6.457555651664734,4,1607,2.0,27.999998092651367,0.0,0.0,0.0,0.0,1.0,0.0,2.9607110023498535,155.5884552001953,0.0,0.0,0.535979151725769,5,1710,42.0,0.0,0.0,0.0,0.0,0.0,2.0,0.0,1.5083202123641968,143.14071655273438,0.0,0.0,1.485137939453125,4,1573,31.0,0.0,0.0,0.0,0.0,0.0,2.0,0.0,1.8785583972930908,223.26235961914062,0.0,0.0,0.0,3,1132,6.0,0.0,0.0,0.0,0.0,0.0,2.0,0.0,0.3333333432674408,58.38446044921875,0.0,0.0,1.6023778915405273,0,0,0,7556,0,0,0,0,0,0,0,7466,0,0,0,0,8,3505,73.0,269.0,0.0,64.00000762939453,0.0,4.0,1.0,4.0,0.0,1.0,2.0,9.0,4.0,21.0,0.0,3.0,5.371704578399658,33.97650480270386,3010.610107421875,9519.604888916016,0.0,150.2281951904297,0.0,0.0,1.0090243816375732,24.805115044116974,7,3737,1.0,64.00000762939453,4.0,1.0,1.0,2.0,4.0,0.0,8.127537727355957,2152.396728515625,0.0,0.0,3.5531742572784424,8,3629,87.0,0.0,0.0,1.0,0.0,2.0,3.0,0.0,4.854503631591797,2532.218017578125,0.0,0.0,11.559586524963379,7,3824,96.0,0.0,0.0,1.0,0.0,0.0,4.0,2.0,8.065753936767578,1325.177734375,150.2281951904297,0.0,0.8849499821662903,6,2202,12.0,0.0,0.0,0.0,0.0,3.0,6.0,1.0,7.557004928588867,499.2023010253906,0.0,0.0,7.798379898071289,7,3206,67.0,258.0,0.0,56.00001525878906,0.0,0.0,1.0,1.0,2.0,4.0,0.0,3.0,3.0,21.0,0.0,2.0,2.31720232963562,26.036495208740234,2458.52978515625,7214.4600830078125,0.0,0.0,0.0,0.0,4.827311992645264,19.773736476898193,7,2913,3.0,52.00001525878906,0.0,0.0,1.0,1.0,4.0,1.0,8.366189002990723,1470.9891357421875,0.0,0.0,2.5221633911132812,8,3314,88.0,0.0,0.0,0.0,0.0,1.0,3.0,0.0,6.293734550476074,1720.180419921875,0.0,0.0,4.377044677734375,7,3449,87.0,4.0,0.0,0.0,0.0,0.0,3.0,1.0,3.378558397293091,609.9793090820312,0.0,0.0,0.0,6,2105,13.0,0.0,0.0,0.0,1.0,1.0,8.0,0.0,5.680810928344727,954.7814331054688,0.0,0.0,8.047216415405273,4,1,9,16897,0,0,0,0,1,4,3,14987,0,0,0,0,10,6053,121.0,440.0,4.0,112.00001525878906,0.0,8.0,1.0,7.0,0.0,1.0,2.0,18.0,8.0,45.0,1.0,13.0,10.661358833312988,89.37039566040039,3010.610107421875,16281.658081054688,1778.4422607421875,3040.821044921875,0.0,0.0,1.0090243816375732,39.7301145195961,10,5718,3.0,96.00001525878906,8.0,1.0,1.0,5.0,7.0,0.0,15.288482666015625,3679.320556640625,0.0,0.0,5.8141865730285645,11,6686,149.0,8.0,0.0,4.0,0.0,2.0,6.0,1.0,10.760733604431152,4779.1923828125,0.0,0.0,17.388200759887695,10,6241,150.0,4.0,0.0,1.0,0.0,3.0,8.0,5.0,18.35382080078125,3695.67822265625,1262.3787841796875,0.0,0.8849499821662903,7,3250,17.0,0.0,0.0,0.0,0.0,6.0,16.0,6.0,34.305999755859375,1116.8568115234375,0.0,0.0,14.633752822875977,10,4828,115.0,398.0,0.0,88.00002098083496,0.0,0.0,1.0,1.0,3.0,7.0,0.0,3.0,5.0,42.0,0.0,9.0,9.58907699584961,71.22602415084839,2661.25927734375,12069.08056640625,1135.04931640625,1747.9367065429688,0.0,0.0,4.827311992645264,30.669984340667725,9,4273,10.0,76.0000228881836,0.0,0.0,1.0,1.0,6.0,3.0,18.035873413085938,1618.2740478515625,0.0,0.0,2.5221633911132812,10,4721,128.0,0.0,0.0,0.0,1.0,1.0,4.0,1.0,10.417896270751953,3248.22607421875,612.8873901367188,0.0,12.917144775390625,9,5386,125.0,11.999998092651367,0.0,0.0,0.0,0.0,6.0,1.0,6.0139994621276855,3193.2421875,0.0,0.0,0.0,6,2990,20.0,0.0,0.0,0.0,2.0,1.0,21.0,4.0,27.169178009033203,1348.0789794921875,0.0,0.0,10.403364181518555,7,1,18,27948,0,1,0,1,1,7,3,22198,0,0,0,0,18,16135,259.0,894.0,31.999996185302734,293.7500190734863,4.0,41.499996185302734,5.0,20.0,1.0,6.0,8.0,56.0,21.0,116.0,13.0,57.0,49.02827072143555,307.4363269805908,15293.486328125,63692.613037109375,7129.6376953125,20701.464721679688,0.0,0.0,6.335311412811279,101.8620867729187,17,13982,31.0,181.80001831054688,18.0,4.0,1.0,11.0,15.0,8.0,52.01873779296875,10381.1796875,2304.140380859375,0.0,13.979464530944824,18,15379,267.0,44.75000762939453,0.0,5.0,1.0,10.0,9.0,7.0,30.03614616394043,15317.75390625,1722.9757080078125,0.0,38.693138122558594,17,17437,306.0,35.19999694824219,19.499996185302734,6.0,1.0,9.0,16.0,19.0,70.05364990234375,18645.9296875,9544.7109375,0.0,9.38515567779541,14,8958,31.0,0.0,0.0,0.0,2.0,18.0,55.0,10.0,106.29952239990234,4054.263427734375,0.0,0.0,33.469017028808594,16,12358,251.0,899.0,21.0,181.50003814697266,0.0,8.0,2.0,6.0,6.0,20.0,3.0,18.0,12.0,121.0,9.0,42.0,37.1225700378418,216.93049430847168,7257.828125,46535.452392578125,4294.662109375,5893.293884277344,0.0,0.0,6.667277812957764,68.54540461301804,14,8927,40.0,106.50003051757812,8.0,0.0,3.0,3.0,22.0,8.0,37.153045654296875,4361.43310546875,985.744384765625,0.0,9.087593078613281,16,10956,245.0,8.0,0.0,1.0,3.0,5.0,10.0,7.0,28.03911590576172,10798.26171875,612.8873901367188,0.0,27.569469451904297,16,16300,334.0,46.00000762939453,0.0,3.0,3.0,2.0,12.0,9.0,27.2515811920166,21571.525390625,0.0,0.0,0.6688429713249207,12,6744,29.0,0.0,0.0,0.0,5.0,5.0,65.0,9.0,87.36418151855469,2546.404052734375,0.0,0.0,24.552221298217773,20,6,56,71891,3,5,2,11,6,20,18,55285,0,0,0,2
104366947889790212,108166997301178190,PCS Summer 2022,pcs_summer_2022,2022-06-23,2022-09-10,ESPORTSTMNT03:2920552,108776587585895034,1,Regular Season,regular_season,Regular Season,2022-08-07,1771,12.13.454.106,100,2,200,107700199633958891,107760667929003738,CTBC Flying Oyster,Frank Esports,100,CFO Rest,Gwen,CFO Gemini,LeeSin,CFO Mission,Azir,CFO Atlen,Kalista,CFO Shunn,Nautilus,FAK YSKM,Camille,FAK Holo,Viego,FAK Pretender,Sylas,FAK MnM,Zeri,FAK Keres,Alistar,100,4,100,100,2,0,1,100,5,0,0,5,1521,30.0,113.0,0.0,31.999998092651367,0.0,0.0,0.0,0.0,0.0,0.0,0.0,0.0,1.0,5.0,0.0,2.0,1.4560410976409912,8.189825296401978,1266.3043212890625,4003.22998046875,0.0,0.0,0.0,0.0,0.0,6.624275982379913,4,1652,1.0,31.999998092651367,0.0,0.0,0.0,0.0,1.0,1.0,1.6666667461395264,0.0,0.0,0.0,0.0,5,1682,41.0,0.0,0.0,0.0,0.0,0.0,2.0,0.0,1.4498441219329834,1677.60693359375,0.0,0.0,0.8970195651054382,4,1531,33.0,0.0,0.0,0.0,0.0,0.0,1.0,1.0,2.6172733306884766,753.1357421875,0.0,0.0,1.0323010683059692,4,1194,8.0,0.0,0.0,0.0,0.0,0.0,0.0,0.0,1.0,306.1829833984375,0.0,0.0,4.694955348968506,5,1531,34.0,107.0,0.0,27.999998092651367,0.0,0.0,0.0,0.0,0.0,0.0,0.0,0.0,0.0,9.0,0.0,0.0,0.0,5.452958256006241,768.79931640625,1897.534854888916,0.0,0.0,0.0,0.0,0.6247493028640747,3.846778690814972,4,1578,0.0,27.999998092651367,0.0,0.0,0.0,0.0,3.0,0.0,0.40748336911201477,0.0,0.0,0.0,0.0,5,1514,31.0,0.0,0.0,0.0,0.0,0.0,2.0,0.0,1.7724244594573975,400.9957580566406,0.0,0.0,1.3096331357955933,4,1612,36.0,0.0,0.0,0.0,0.0,0.0,2.0,0.0,1.4393001794815063,683.096923828125,0.0,0.0,0.31860822439193726,4,1090,6.0,0.0,0.0,0.0,0.0,0.0,2.0,0.0,1.8337502479553223,44.64285659790039,0.0,0.0,1.5937880277633667,0,0,0,7580,0,0,0,0,0,0,0,7325,0,0,0,0,8,3046,76.0,285.0,0.0,68.00000762939453,0.0,4.0,0.0,0.0,1.0,1.0,0.0,0.0,3.0,15.0,1.0,7.0,4.552454471588135,28.762275218963623,3105.912841796875,9125.911163330078,0.0,0.0,0.0,0.0,1.4268410205841064,10.3175328373909,7,2979,2.0,64.00000762939453,4.0,0.0,0.0,0.0,2.0,2.0,8.928332328796387,445.8220520019531,0.0,0.0,0.7925071120262146,9,3588,100.0,4.0,0.0,0.0,0.0,0.0,3.0,0.0,3.032078742980957,4432.24462890625,0.0,0.0,2.3709282875061035,7,3304,90.0,0.0,0.0,0.0,0.0,0.0,4.0,2.0,7.086939811706543,835.7486572265625,0.0,0.0,1.0323010683059692,6,2154,17.0,0.0,0.0,0.0,0.0,0.0,3.0,2.0,5.162469863891602,306.1829833984375,0.0,0.0,4.694955348968506,8,3453,70.0,250.0,0.0,61.000003814697266,0.0,0.0,1.0,1.0,0.0,0.0,0.0,1.0,3.0,19.0,0.0,2.0,4.191875457763672,25.257798671722412,2432.8076171875,4711.905155181885,924.130859375,924.130859375,0.0,0.0,3.1578660011291504,8.587587237358093,7,3162,2.0,57.000003814697266,0.0,0.0,0.0,1.0,4.0,0.0,5.8415069580078125,423.2032165527344,0.0,0.0,1.050550103187561,8,2978,74.0,0.0,0.0,0.0,0.0,0.0,3.0,0.0,4.055118560791016,899.70263671875,0.0,0.0,2.154309034347534,7,3329,89.0,4.0,0.0,0.0,0.0,0.0,4.0,1.0,5.5885725021362305,911.548828125,0.0,0.0,0.631074070930481,6,2110,15.0,0.0,0.0,0.0,0.0,0.0,5.0,1.0,5.580725193023682,44.64285659790039,0.0,0.0,1.5937880277633667,0,1,0,15071,0,1,0,0,1,0,1,15032,0,0,0,0,11,5069,125.0,452.0,0.0,96.00001335144043,0.0,4.0,1.0,2.0,2.0,2.0,1.0,2.0,5.0,39.0,2.0,17.0,8.17673110961914,75.72280883789062,7025.486328125,19346.890502929688,0.0,1347.8395080566406,0.0,0.0,2.2503464221954346,23.59380531311035,8,4543,6.0,84.00001525878906,4.0,0.0,0.0,1.0,5.0,5.0,16.378332138061523,2088.034912109375,156.08157348632812,0.0,2.488731622695923,11,6208,158.0,11.999998092651367,0.0,1.0,0.0,0.0,5.0,3.0,14.788108825683594,7525.404296875,454.30718994140625,0.0,4.033664226531982,9,5167,140.0,0.0,0.0,0.0,0.0,0.0,6.0,3.0,11.006568908691406,1663.0384521484375,737.4507446289062,0.0,2.2158336639404297,6,3163,23.0,0.0,0.0,0.0,0.0,0.0,18.0,4.0,25.37306785583496,1044.926513671875,0.0,0.0,12.605229377746582,10,5148,107.0,417.0,0.0,87.50000762939453,0.0,0.0,1.0,2.0,2.0,2.0,1.0,2.0,6.0,34.0,2.0,13.0,13.006698608398438,68.56305694580078,6594.58251953125,14041.697509765625,1164.8438720703125,1164.8438720703125,0.0,0.0,7.800082683563232,27.18757963180542,9,4922,16.0,79.50000762939453,0.0,1.0,0.0,1.0,5.0,5.0,17.73150634765625,2284.76220703125,0.0,0.0,4.636626720428467,11,4895,129.0,4.0,0.0,0.0,0.0,0.0,4.0,2.0,9.945570945739746,1514.2760009765625,0.0,0.0,5.04316520690918,9,4845,142.0,4.0,0.0,0.0,0.0,0.0,6.0,2.0,8.973292350769043,2700.67333984375,0.0,0.0,1.2354683876037598,7,3156,23.0,0.0,0.0,0.0,0.0,0.0,13.0,2.0,18.905988693237305,947.4034423828125,0.0,0.0,8.472236633300781,2,2,2,24150,0,1,0,0,2,2,2,22966,0,1,0,0,16,12624,226.0,745.0,27.9999942779541,208.0000171661377,0.0,17.500000953674316,5.0,11.0,2.0,10.0,5.0,32.0,9.0,97.0,3.0,39.0,20.566362380981445,207.30795860290527,19247.595703125,68036.607421875,5482.17431640625,21749.820739746094,0.0,0.0,7.700016498565674,83.16352987289429,14,9624,20.0,131.2000274658203,12.700000762939453,1.0,3.0,7.0,15.0,11.0,47.330074310302734,6994.00048828125,2047.0626220703125,0.0,8.033931732177734,16,12749,235.0,40.79999542236328,4.800000190734863,3.0,1.0,5.0,7.0,8.0,30.12972640991211,28341.3515625,8265.83984375,0.0,13.439535140991211,14,12072,230.0,8.0,0.0,1.0,2.0,7.0,15.0,11.0,39.15719223022461,9090.9169921875,5714.044921875,0.0,10.593722343444824,12,7621,34.0,0.0,0.0,1.0,2.0,8.0,51.0,6.0,70.12460327148438,4362.74267578125,240.69903564453125,0.0,43.396324157714844,15,10530,206.0,761.0,16.0,171.5000114440918,1.5,9.5,3.0,10.0,5.0,11.0,4.0,20.0,10.0,94.0,5.0,51.0,32.282257080078125,232.9695644378662,11383.41796875,45232.77587890625,1676.260986328125,6724.6021728515625,0.0,0.0,11.400751113891602,71.88964653015137,13,8871,34.0,115.50001525878906,8.0,2.0,2.0,4.0,10.0,14.0,45.37385177612305,4912.6044921875,0.0,0.0,9.220075607299805,15,10254,214.0,12.0,0.0,1.0,2.0,3.0,4.0,8.0,25.145570755004883,8063.99560546875,708.3050537109375,0.0,16.069610595703125,14,11944,274.0,27.999996185302734,0.0,2.0,1.0,3.0,13.0,14.0,46.40653991699219,17750.30859375,4340.0361328125,0.0,8.583683013916016,11,6819,33.0,0.0,0.0,2.0,1.0,6.0,57.0,10.0,83.76134490966797,3122.44921875,0.0,0.0,26.61552619934082,11,10,32,54690,1,4,1,9,10,11,20,48418,0,1,0,4
104366947889790212,108166997301178190,PCS Summer 2022,pcs_summer_2022,2022-06-23,2022-09-10,ESPORTSTMNT03:2920562,108776602710594882,1,Regular Season,regular_season,Regular Season,2022-08-07,1638,12.13.454.106,100,1,100,107700204561086446,99566406490127625,Deep Cross Gaming,J Team,100,DCG Leaky,Mordekaiser,DCG Hana,Vi,DCG Nestea,Sylas,DCG Cryscata,Sivir,DCG Woody,Rakan,JT Rock,Sejuani,JT Kongyue,Viego,JT Uniboy,Azir,JT Lilv,Zeri,JT Enso,Yuumi,100,4,100,100,2,0,1,100,6,0,0,5,1845,24.0,100.0,0.0,31.999998092651367,0.0,0.0,1.0,1.0,1.0,1.0,0.0,0.0,2.0,6.0,0.0,0.0,1.7216272354125977,5.042898058891296,1173.3416748046875,2743.982666015625,0.0,0.0,0.0,0.0,0.91009521484375,2.02435302734375,4,1650,0.0,31.999998092651367,0.0,0.0,0.0,0.0,1.0,0.0,1.448861837387085,0.0,0.0,0.0,0.0,5,1535,32.0,0.0,0.0,0.0,0.0,0.0,1.0,0.0,0.0,0.0,0.0,0.0,0.0,4,1678,38.0,0.0,0.0,0.0,0.0,0.0,0.0,0.0,0.0,1231.4439697265625,0.0,0.0,0.0,4,1125,6.0,0.0,0.0,0.0,0.0,0.0,2.0,0.0,1.8724089860916138,339.197021484375,0.0,0.0,1.1142578125,5,1671,30.0,112.0,0.0,27.749998092651367,0.0,0.0,0.0,1.0,1.0,1.0,1.0,1.0,2.0,8.0,0.0,0.0,1.4588216543197632,7.46636164188385,1057.916259765625,3938.7193908691406,0.0,0.0,0.0,0.0,2.727902412414551,5.318678051233292,4,1875,0.0,27.749998092651367,0.0,1.0,0.0,0.0,2.0,0.0,1.4736216068267822,514.3562622070312,0.0,0.0,1.5155928134918213,5,1640,38.0,0.0,0.0,0.0,0.0,0.0,1.0,0.0,1.4707542657852173,1486.6341552734375,0.0,0.0,0.7004340887069702,4,1670,37.0,0.0,0.0,0.0,0.0,0.0,1.0,0.0,1.508795976638794,381.57763671875,0.0,0.0,0.0,3,1153,7.0,0.0,0.0,0.0,0.0,0.0,2.0,0.0,1.5543681383132935,498.2350769042969,0.0,0.0,0.37474873661994934,1,1,0,7833,0,0,0,0,1,1,1,8009,0,0,0,0,8,3793,70.0,259.0,4.0,76.0,0.0,4.0,2.0,3.0,1.0,2.0,0.0,6.0,4.0,18.0,2.0,6.0,7.744281768798828,32.277149081230164,3210.352783203125,10771.651184082031,0.0,0.0,0.0,0.0,1.2643063068389893,16.192524671554565,7,3308,0.0,72.0,4.0,0.0,0.0,2.0,2.0,0.0,6.485735893249512,1858.35009765625,0.0,0.0,5.049362659454346,8,3530,86.0,0.0,0.0,1.0,0.0,1.0,4.0,3.0,9.7549467086792,1857.527587890625,0.0,0.0,4.1763715744018555,7,3324,87.0,0.0,0.0,0.0,0.0,1.0,2.0,0.0,1.8537224531173706,2886.401123046875,0.0,0.0,0.0,6,2210,16.0,0.0,0.0,0.0,1.0,2.0,6.0,1.0,6.438462257385254,959.0195922851562,0.0,0.0,5.702484130859375,8,3347,71.0,257.0,0.0,49.350006103515625,0.0,0.0,1.0,2.0,2.0,3.0,1.0,4.0,4.0,17.0,1.0,5.0,7.20343017578125,31.42080044746399,2288.611083984375,10405.7080078125,0.0,0.0,0.0,0.0,4.8638763427734375,12.695268630981445,7,3304,11.0,49.350006103515625,0.0,1.0,1.0,1.0,3.0,4.0,11.823009490966797,1169.6732177734375,0.0,0.0,3.046022891998291,8,3207,85.0,0.0,0.0,0.0,0.0,1.0,3.0,0.0,3.2355310916900635,3431.5673828125,0.0,0.0,2.8070449829101562,6,3214,76.0,0.0,0.0,0.0,0.0,1.0,3.0,0.0,3.699411392211914,2437.318359375,0.0,0.0,0.9213789701461792,5,2127,14.0,0.0,0.0,0.0,0.0,0.0,4.0,0.0,5.459418296813965,1078.5379638671875,0.0,0.0,1.0569454431533813,3,2,6,16165,0,1,0,0,2,3,4,15199,0,0,0,0,11,6806,126.0,418.0,8.0,104.00000762939453,0.0,4.0,2.0,7.0,1.0,6.0,0.0,17.0,6.0,33.0,2.0,11.0,11.02135181427002,70.38801622390747,3210.352783203125,21137.336181640625,3505.938720703125,3912.359344482422,0.0,0.0,1.2643063068389893,31.088231801986694,9,5870,0.0,92.00000762939453,4.0,3.0,2.0,3.0,4.0,0.0,12.118108749389648,3831.697998046875,0.0,0.0,9.735867500305176,11,5771,134.0,0.0,0.0,2.0,0.0,4.0,5.0,5.0,16.204612731933594,5487.43408203125,0.0,0.0,7.560744762420654,9,5690,134.0,4.0,0.0,0.0,1.0,4.0,3.0,1.0,6.119542598724365,6106.515625,406.4206237792969,0.0,0.0,8,3553,24.0,0.0,0.0,0.0,2.0,6.0,15.0,3.0,24.924400329589844,2501.335693359375,0.0,0.0,12.527313232421875,10,6128,114.0,409.0,4.0,87.75001525878906,0.0,0.0,3.0,6.0,2.0,7.0,3.0,11.0,7.0,32.0,1.0,15.0,8.76065731048584,60.96553325653076,5569.87744140625,20031.239501953125,0.0,0.0,0.0,0.0,10.939650535583496,26.571117997169495,9,4715,14.0,75.75001525878906,0.0,1.0,3.0,2.0,4.0,7.0,20.146957397460938,3427.06689453125,0.0,0.0,4.453286647796631,11,5433,140.0,4.0,0.0,1.0,1.0,1.0,4.0,4.0,10.118865013122559,4581.13720703125,0.0,0.0,4.2562336921691895,9,5878,119.0,4.0,0.0,1.0,0.0,4.0,5.0,1.0,7.7254438400268555,4632.912109375,0.0,0.0,1.9055448770523071,7,3215,22.0,0.0,0.0,0.0,1.0,1.0,12.0,2.0,14.21360969543457,1820.245849609375,0.0,0.0,5.016402244567871,7,6,17,27690,0,2,0,1,6,7,11,25369,0,0,0,0,16,13892,238.0,786.0,25.0,216.0,4.0,12.0,3.0,15.0,1.0,8.0,7.0,41.0,9.0,83.0,2.0,36.0,22.761152267456055,190.85114097595215,15900.6083984375,57059.25244140625,8708.8681640625,17234.599182128906,0.0,0.0,4.840359687805176,62.25890588760376,13,10153,11.0,151.0,8.0,3.0,4.0,6.0,13.0,11.0,42.56432342529297,5742.24853515625,274.254150390625,0.0,15.060013771057129,16,11800,221.0,28.0,0.0,5.0,0.0,7.0,6.0,8.0,34.184288024902344,9809.0625,2366.537353515625,0.0,13.82268238067627,15,13806,285.0,12.0,0.0,4.0,1.0,7.0,10.0,6.0,17.09168243408203,19877.2109375,5455.1298828125,0.0,1.984015941619873,12,6811,31.0,0.0,0.0,0.0,2.0,14.0,45.0,9.0,74.24969482421875,5730.1220703125,429.80963134765625,0.0,26.551834106445312,14,9740,195.0,757.0,12.0,163.7500228881836,0.0,0.0,3.0,8.0,4.0,15.0,5.0,18.0,10.0,80.0,2.0,39.0,16.289323806762695,189.2316493988037,11103.3955078125,42932.260498046875,0.0,738.4962768554688,0.0,0.0,21.76897621154785,60.24620246887207,12,7477,38.0,92.15001678466797,0.0,1.0,5.0,4.0,12.0,14.0,46.70000457763672,6047.48876953125,0.0,0.0,8.086705207824707,15,9925,254.0,16.0,0.0,1.0,3.0,2.0,8.0,11.0,36.811092376708984,11958.6953125,0.0,0.0,6.984732627868652,14,12035,246.0,43.600006103515625,0.0,3.0,1.0,4.0,9.0,9.0,34.80970764160156,10510.8017578125,738.4962768554688,0.0,4.723491668701172,11,5209,24.0,0.0,0.0,0.0,2.0,3.0,41.0,3.0,54.62152099609375,3311.879150390625,0.0,0.0,18.682296752929688,15,8,41,56462,1,4,1,9,8,15,18,44386,0,0,0,0
104366947889790212,108166997301178190,PCS Summer 2022,pcs_summer_2022,2022-06-23,2022-09-10,ESPORTSTMNT01:3085339,108166997302620174,1,Playoffs,playoffs,Playoffs,2022-08-18,1957,12.14.455.6722,200,3,100,99566406490127625,106269804045322803,J Team,Beyond Gaming,200,JT Driver,Ornn,JT Kongyue,XinZhao,JT Uniboy,Ahri,JT Lilv,Zeri,JT Enso,Alistar,BYG Likai,Camille,BYG Husha,MonkeyKing,BYG Minji,Leblanc,BYG Wako,Sivir,BYG Kino,Leona,100,2,200,200,0,1,0,0,0,0,0,5,1570,36.0,114.0,0.0,23.749998092651367,0.0,0.0,0.0,0.0,0.0,0.0,0.0,0.0,1.0,7.0,0.0,0.0,0.0,5.92149019241333,1085.49462890625,2897.720428466797,497.7944030761719,497.7944030761719,0.0,0.0,3.3233489990234375,10.204430282115936,4,1457,0.0,23.749998092651367,0.0,0.0,0.0,0.0,2.0,0.0,2.9323606491088867,447.3647155761719,0.0,0.0,1.9503886699676514,5,1493,30.0,0.0,0.0,0.0,0.0,0.0,1.0,0.0,0.0,402.399658203125,0.0,0.0,0.0,4,1640,41.0,0.0,0.0,0.0,0.0,0.0,2.0,0.0,1.4378328323364258,694.4461059570312,0.0,0.0,0.31786102056503296,4,1111,7.0,0.0,0.0,0.0,0.0,0.0,1.0,0.0,1.5512967109680176,268.01531982421875,0.0,0.0,4.6128315925598145,5,1521,29.0,105.0,0.0,27.999998092651367,0.0,0.0,0.0,0.0,0.0,0.0,0.0,0.0,1.0,8.0,0.0,0.0,0.0,8.155703902244568,1046.83056640625,3655.5049743652344,0.0,0.0,0.0,0.0,3.15008544921875,7.858244895935059,4,1565,0.0,27.999998092651367,0.0,0.0,0.0,0.0,1.0,0.0,3.3975672721862793,0.0,0.0,0.0,0.0,5,1626,37.0,0.0,0.0,0.0,0.0,0.0,2.0,0.0,1.5015305280685425,827.07275390625,0.0,0.0,0.0,4,1602,33.0,0.0,0.0,0.0,0.0,0.0,2.0,0.0,1.7070996761322021,1287.90234375,0.0,0.0,0.0,4,1132,6.0,0.0,0.0,0.0,0.0,0.0,2.0,0.0,1.549506425857544,493.6993103027344,0.0,0.0,4.708159446716309,0,0,0,7271,0,0,0,0,0,0,0,7446,0,0,0,0,8,3160,86.0,290.0,0.0,49.7500114440918,0.0,0.0,0.0,0.0,0.0,0.0,0.0,0.0,4.0,21.0,0.0,7.0,4.748342037200928,34.25467014312744,2374.934814453125,5625.097198486328,567.19873046875,567.19873046875,0.0,0.0,5.5213541984558105,17.327101469039917,6,2831,6.0,49.7500114440918,0.0,0.0,0.0,0.0,4.0,3.0,12.29271411895752,447.3647155761719,0.0,0.0,1.9503886699676514,8,3311,91.0,0.0,0.0,0.0,0.0,0.0,4.0,2.0,5.353569030761719,882.1998291015625,0.0,0.0,1.4464111328125,6,3346,94.0,0.0,0.0,0.0,0.0,0.0,4.0,2.0,7.727916717529297,1393.3101806640625,0.0,0.0,0.6469278335571289,6,2071,13.0,0.0,0.0,0.0,0.0,0.0,5.0,0.0,4.1321282386779785,527.2876586914062,0.0,0.0,7.762019634246826,8,3082,75.0,273.0,0.0,62.00000762939453,0.0,2.0,0.0,0.0,0.0,0.0,0.0,0.0,3.0,19.0,0.0,4.0,4.536969184875488,32.18965244293213,1947.783935546875,6548.579895019531,0.0,185.39312744140625,0.0,0.0,4.58061408996582,11.566468715667725,6,3054,2.0,62.00000762939453,2.0,0.0,0.0,0.0,3.0,2.0,7.8306050300598145,0.0,0.0,0.0,0.0,8,3316,91.0,0.0,0.0,0.0,0.0,0.0,6.0,1.0,7.736566543579102,1404.151611328125,0.0,0.0,0.0,6,3310,87.0,0.0,0.0,0.0,0.0,0.0,3.0,0.0,3.382211208343506,2428.11572265625,185.39312744140625,0.0,0.0,6,2104,18.0,0.0,0.0,0.0,0.0,0.0,4.0,1.0,8.703300476074219,768.5286254882812,0.0,0.0,6.985854625701904,0,0,0,14719,0,0,0,0,0,0,0,14866,0,0,0,0,10,4699,123.0,450.0,4.0,93.75003051757812,0.0,4.0,0.0,1.0,1.0,1.0,0.0,2.0,6.0,35.0,0.0,17.0,11.375958442687988,69.14725589752197,3721.84423828125,9298.336975097656,567.19873046875,567.19873046875,0.0,0.0,7.478723049163818,24.02652072906494,9,4874,9.0,89.75003051757812,4.0,1.0,0.0,0.0,6.0,5.0,17.290346145629883,1459.140380859375,0.0,0.0,4.280335903167725,11,5151,150.0,0.0,0.0,0.0,0.0,0.0,5.0,7.0,13.149341583251953,1775.5516357421875,0.0,0.0,1.4464111328125,9,5297,150.0,0.0,0.0,0.0,0.0,1.0,6.0,5.0,13.325873374938965,1735.5634765625,0.0,0.0,0.6469278335571289,7,3188,18.0,0.0,0.0,0.0,0.0,1.0,12.0,0.0,14.005736351013184,606.2372436523438,0.0,0.0,10.17412281036377,11,4986,124.0,440.0,0.25,94.0000228881836,0.0,2.0,0.0,1.0,0.0,1.0,1.0,2.0,5.0,36.0,1.0,11.0,7.6968255043029785,62.22868204116821,3324.11083984375,12529.142761230469,0.0,185.39312744140625,0.0,0.0,6.960761547088623,17.136374473571777,9,4764,2.0,89.7500228881836,2.0,1.0,1.0,0.0,4.0,2.0,11.241714477539062,952.0284423828125,0.0,0.0,1.208740234375,11,5280,150.0,0.0,0.0,0.0,0.0,1.0,9.0,4.0,15.84489917755127,4305.59423828125,0.0,0.0,1.98101806640625,9,5556,141.0,4.0,0.0,0.0,0.0,0.0,6.0,1.0,6.9660234451293945,3178.880615234375,185.39312744140625,0.0,0.0,7,2986,23.0,0.0,0.0,0.0,0.0,0.0,12.0,3.0,20.479219436645508,768.5286254882812,0.0,0.0,6.985854625701904,1,1,2,23209,0,1,0,0,1,1,2,23572,0,0,0,0,15,9649,234.0,917.0,13.0,180.50004386901855,0.0,4.0,0.0,1.0,3.0,14.0,0.0,2.0,12.0,97.0,6.0,59.0,31.976533889770508,218.63608741760254,7549.75244140625,38295.7685546875,567.19873046875,3375.23486328125,0.0,0.0,15.669544219970703,76.18796420097351,14,9159,47.0,131.7500457763672,4.0,1.0,3.0,0.0,14.0,14.0,43.39459228515625,5627.83203125,0.0,0.0,12.126509666442871,16,11619,301.0,4.0,0.0,0.0,3.0,0.0,7.0,15.0,34.87581253051758,12663.5048828125,2808.0361328125,0.0,13.432342529296875,15,12394,314.0,31.749998092651367,0.0,0.0,1.0,1.0,12.0,21.0,48.82508850097656,9534.61328125,0.0,0.0,3.1836049556732178,11,5892,21.0,0.0,0.0,0.0,4.0,1.0,52.0,3.0,59.56406021118164,2920.06591796875,0.0,0.0,31.775962829589844,17,14263,256.0,900.0,20.249996185302734,220.0000228881836,8.0,15.0,6.0,14.0,0.0,1.0,6.0,44.0,18.0,124.0,6.0,59.0,36.922027587890625,279.86674880981445,13225.8779296875,76939.62353515625,5873.77734375,19362.47998046875,0.0,0.0,18.025514602661133,65.07771825790405,15,11510,26.0,154.75003051757812,2.0,3.0,1.0,8.0,11.0,13.0,53.18889236450195,7496.34033203125,3809.681396484375,0.0,9.79703140258789,16,12409,245.0,17.0,1.0,1.0,0.0,10.0,23.0,16.0,56.050777435302734,20668.45703125,2647.02734375,0.0,6.29254150390625,17,16016,335.0,27.999996185302734,4.0,4.0,0.0,9.0,18.0,10.0,32.93343734741211,33022.9609375,6744.0791015625,0.0,4.275533199310303,13,7607,38.0,0.0,0.0,0.0,0.0,11.0,54.0,14.0,100.77161407470703,2525.9873046875,287.914794921875,0.0,26.687097549438477,1,14,2,48713,0,1,0,1,14,1,44,61805,2,3,1,10
104366947889790212,108166997301178190,PCS Summer 2022,pcs_summer_2022,2022-06-23,2022-09-10,ESPORTSTMNT01:3085346,108166997302620175,2,Playoffs,playoffs,Playoffs,2022-08-18,2550,12.14.455.6722,200,3,200,99566406490127625,106269804045322803,J Team,Beyond Gaming,200,JT Rock,Sejuani,JT Kongyue,Vi,JT Uniboy,Taliyah,JT Lilv,Zeri,JT Enso,Renata,BYG Likai,Fiora,BYG Husha,MonkeyKing,BYG Minji,Orianna,BYG Wako,Sivir,BYG Kino,Nautilus,100,4,200,200,1,1,1,200,5,0,0,4,1374,23.0,106.0,0.0,27.999998092651367,0.0,0.0,0.0,0.0,1.0,1.0,0.0,0.0,0.0,6.0,0.0,1.0,0.0,8.85548222064972,1282.068115234375,2669.1799926757812,0.0,56.15419006347656,0.0,0.0,2.987135648727417,6.591466426849365,4,1575,1.0,27.999998092651367,0.0,0.0,0.0,0.0,1.0,1.0,3.9964828491210938,0.0,0.0,0.0,0.0,5,1549,32.0,0.0,0.0,0.0,0.0,0.0,2.0,0.0,1.475773811340332,343.5562744140625,0.0,0.0,1.8785524368286133,4,1745,44.0,0.0,0.0,0.0,0.0,0.0,2.0,0.0,1.4444462060928345,609.1141357421875,56.15419006347656,0.0,0.6922121047973633,4,1132,6.0,0.0,0.0,0.0,0.0,0.0,1.0,0.0,1.938779354095459,434.44146728515625,0.0,0.0,1.0335662364959717,5,1872,30.0,101.0,0.0,27.999998092651367,0.0,0.0,1.0,1.0,0.0,0.0,0.0,1.0,1.0,8.0,0.0,0.0,0.0,5.728640198707581,1191.161865234375,3487.8514709472656,0.0,0.0,0.0,0.0,0.18961477279663086,9.344066619873047,4,1785,0.0,27.999998092651367,0.0,0.0,0.0,1.0,2.0,0.0,1.3020297288894653,437.1305847167969,0.0,0.0,0.8585641384124756,5,1661,39.0,0.0,0.0,0.0,0.0,0.0,1.0,0.0,1.471126675605774,905.7822875976562,0.0,0.0,2.973121404647827,3,1493,28.0,0.0,0.0,0.0,0.0,0.0,2.0,0.0,1.515778660774231,843.4866333007812,0.0,0.0,0.0,3,1090,4.0,0.0,0.0,0.0,0.0,0.0,2.0,0.0,1.4397051334381104,110.29010009765625,0.0,0.0,5.322766304016113,0,1,0,7375,0,0,0,0,1,0,1,7901,0,0,0,0,8,2905,70.0,269.0,0.0,60.00001525878906,0.0,0.0,0.0,1.0,1.0,2.0,0.0,1.0,4.0,20.0,0.0,7.0,3.184964656829834,34.49472904205322,2517.47412109375,5489.4656982421875,0.0,203.0623321533203,0.0,0.0,4.217649459838867,13.34733510017395,7,3137,5.0,56.00001525878906,0.0,0.0,0.0,1.0,4.0,4.0,13.316499710083008,709.3117065429688,0.0,0.0,2.4320833683013916,8,3611,85.0,4.0,0.0,1.0,0.0,0.0,3.0,1.0,7.103060245513916,1038.417724609375,0.0,0.0,3.615922212600708,7,3372,93.0,0.0,0.0,0.0,0.0,0.0,3.0,1.0,4.750328063964844,609.1141357421875,203.0623321533203,0.0,0.6922121047973633,6,2128,16.0,0.0,0.0,0.0,1.0,0.0,6.0,1.0,6.139876365661621,615.1480102539062,0.0,0.0,2.38946795463562,8,3474,79.0,277.0,0.0,64.00000762939453,0.0,0.0,1.0,2.0,0.0,1.0,0.0,3.0,3.0,22.0,0.0,3.0,3.3308279514312744,30.26872420310974,2679.911376953125,6950.875671386719,0.0,0.0,0.0,0.0,0.5308550000190735,14.434978067874908,7,3526,9.0,60.00000762939453,0.0,0.0,0.0,2.0,4.0,1.0,8.864555358886719,722.620849609375,0.0,0.0,0.8585641384124756,8,3524,91.0,4.0,0.0,0.0,1.0,0.0,4.0,1.0,5.556824684143066,1752.3778076171875,0.0,0.0,5.929459571838379,7,3396,85.0,0.0,0.0,0.0,0.0,1.0,3.0,0.0,3.0205788612365723,1482.533203125,0.0,0.0,0.0,6,2363,13.0,0.0,0.0,1.0,0.0,0.0,8.0,1.0,9.49593734741211,313.43243408203125,0.0,0.0,7.1160993576049805,1,2,1,15153,0,0,0,0,2,1,3,16283,0,0,0,0,11,4570,116.0,437.0,4.0,100.0000228881836,0.0,0.0,0.0,2.0,1.0,2.0,1.0,3.0,6.0,33.0,0.0,19.0,6.472361087799072,77.73552656173706,4503.42578125,9147.042175292969,0.0,203.0623321533203,0.0,0.0,6.623466491699219,21.50064253807068,9,4825,9.0,84.0000228881836,0.0,1.0,0.0,1.0,5.0,8.0,23.61240577697754,1180.2108154296875,0.0,0.0,3.9186007976531982,11,5682,147.0,8.0,0.0,1.0,0.0,1.0,4.0,3.0,11.943706512451172,2200.79833984375,0.0,0.0,7.643721103668213,9,5109,142.0,4.0,0.0,0.0,0.0,0.0,4.0,3.0,7.783661842346191,647.459228515625,203.0623321533203,0.0,0.9253861904144287,7,3023,23.0,0.0,0.0,0.0,1.0,0.0,14.0,5.0,27.923391342163086,615.1480102539062,0.0,0.0,2.38946795463562,11,5244,135.0,458.0,0.0,100.0000057220459,0.0,0.0,1.0,2.0,1.0,2.0,0.0,3.0,6.0,43.0,0.0,10.0,4.550699234008789,65.04676628112793,3649.365966796875,8540.138366699219,0.0,172.02247619628906,0.0,0.0,0.5308550000190735,15.86493593454361,9,4997,13.0,84.00000762939453,0.0,0.0,0.0,2.0,6.0,4.0,18.267871856689453,722.620849609375,0.0,0.0,0.8585641384124756,11,5901,153.0,15.999998092651367,0.0,0.0,1.0,0.0,6.0,2.0,11.298880577087402,2077.130859375,0.0,0.0,7.35941743850708,10,5496,135.0,0.0,0.0,0.0,0.0,1.0,5.0,0.0,5.113430976867676,1777.5882568359375,172.02247619628906,0.0,0.0,7,3381,22.0,0.0,0.0,1.0,0.0,0.0,20.0,4.0,25.81588363647461,313.43243408203125,0.0,0.0,7.1160993576049805,2,2,3,23209,0,1,0,0,2,2,3,25019,0,0,0,0,17,11331,237.0,1113.0,10.399999618530273,249.00001335144043,0.0,5.0,0.0,5.0,3.0,11.0,3.0,12.0,16.0,150.0,4.0,76.0,41.721805572509766,342.22983169555664,7928.4482421875,50020.150146484375,0.0,4755.060119628906,0.0,0.0,13.440961837768555,66.78881645202637,16,11863,52.0,147.0,5.0,2.0,2.0,3.0,25.0,24.0,78.35372161865234,6532.77978515625,293.40081787109375,0.0,13.285693168640137,18,17124,388.0,19.599998474121094,0.0,2.0,2.0,3.0,8.0,6.0,34.73407745361328,16794.267578125,4057.77978515625,0.0,25.237613677978516,18,17844,399.0,72.00001525878906,0.0,1.0,2.0,1.0,18.0,31.0,70.65177154541016,17615.48046875,403.8795166015625,0.0,10.475349426269531,14,7678,37.0,0.0,0.0,0.0,2.0,2.0,83.0,11.0,116.7684555053711,1149.174072265625,0.0,0.0,4.349198341369629,18,16058,316.0,1106.0,20.999998092651367,324.5000286102295,1.5,30.999998092651367,3.0,11.0,2.0,5.0,3.0,26.0,16.0,160.0,5.0,57.0,36.34659957885742,348.47604751586914,10192.9853515625,55722.84619140625,6144.62890625,20213.25958251953,0.0,0.0,4.433052062988281,63.10771870613098,18,13777,36.0,184.20001220703125,8.0,1.0,0.0,7.0,17.0,14.0,67.44418334960938,6328.07470703125,3127.01123046875,0.0,5.201581954956055,18,18554,295.0,80.00001525878906,12.999998092651367,4.0,1.0,5.0,16.0,9.0,57.40812301635742,19350.7578125,1950.810791015625,0.0,27.113922119140625,18,20376,422.0,39.30000305175781,8.5,2.0,2.0,5.0,17.0,17.0,58.010677337646484,17085.865234375,8762.8427734375,0.0,1.7797176837921143,16,9797,37.0,0.0,0.0,1.0,0.0,6.0,94.0,12.0,129.26646423339844,2765.1630859375,227.96588134765625,0.0,24.579444885253906,5,11,12,65840,0,2,0,2,11,5,26,78562,2,4,3,9
104366947889790212,108166997301178190,PCS Summer 2022,pcs_summer_2022,2022-06-23,2022-09-10,ESPORTSTMNT01:3085353,108166997302620176,3,Playoffs,playoffs,Playoffs,2022-08-18,1786,12.14.455.6722,200,3,200,99566406490127625,106269804045322803,J Team,Beyond Gaming,100,JT Rock,Ornn,JT Kongyue,Pantheon,JT Uniboy,Sylas,JT Lilv,Sivir,JT Enso,TahmKench,BYG Likai,Fiora,BYG Husha,Vi,BYG Minji,Ahri,BYG Wako,Zeri,BYG Kino,Leona,200,2,100,100,2,0,0,0,0,0,0,5,1626,37.0,111.0,0.0,27.0,0.0,0.0,0.0,0.0,0.0,1.0,0.0,0.0,0.0,5.0,0.0,0.0,0.0,5.407418727874756,881.43359375,2730.005615234375,0.0,0.0,0.0,0.0,2.118478298187256,6.7531890869140625,4,1555,2.0,27.0,0.0,0.0,0.0,0.0,1.0,0.0,2.4379918575286865,250.8001708984375,0.0,0.0,1.5593912601470947,5,1549,33.0,0.0,0.0,0.0,1.0,0.0,1.0,0.0,1.4571222066879272,345.83660888671875,0.0,0.0,0.698699951171875,3,1570,34.0,0.0,0.0,0.0,0.0,0.0,1.0,0.0,0.0,694.6493530273438,0.0,0.0,0.0,3,1111,5.0,0.0,0.0,0.0,0.0,0.0,2.0,0.0,1.512304663658142,557.285888671875,0.0,0.0,2.376619577407837,5,1472,29.0,103.0,0.0,24.0,0.0,0.0,0.0,1.0,0.0,0.0,0.0,1.0,2.0,8.0,0.0,0.0,1.500138521194458,9.84790289402008,779.002685546875,3270.7620582580566,0.0,0.0,0.0,0.0,0.17713488638401031,2.114100828766823,4,1690,0.0,24.0,0.0,0.0,0.0,1.0,1.0,0.0,3.3959567546844482,313.29620361328125,0.0,0.0,0.76580810546875,5,1928,32.0,0.0,0.0,1.0,0.0,0.0,2.0,0.0,1.504166841506958,1680.1998291015625,0.0,0.0,1.1711578369140625,4,1656,37.0,0.0,0.0,0.0,0.0,0.0,2.0,0.0,1.5082052946090698,457.354248046875,0.0,0.0,0.0,4,1111,5.0,0.0,0.0,0.0,0.0,0.0,1.0,0.0,1.9394354820251465,40.90909194946289,0.0,0.0,0.0,0,1,0,7411,0,0,0,0,1,0,1,7857,0,0,0,0,7,2920,65.0,246.0,0.0,60.00000762939453,0.0,0.0,0.0,2.0,0.0,1.0,2.0,7.0,4.0,18.0,1.0,6.0,4.60245418548584,30.126998901367188,1994.3924560546875,9261.199462890625,0.0,611.0586547851562,0.0,0.0,4.8062968254089355,15.978485107421875,7,3224,3.0,56.00000762939453,0.0,1.0,0.0,0.0,2.0,1.0,8.318028450012207,1634.1639404296875,0.0,0.0,4.24533748626709,8,3524,84.0,0.0,0.0,1.0,1.0,1.0,4.0,0.0,4.283012390136719,2457.15380859375,0.0,0.0,3.2039942741394043,7,3820,81.0,4.0,0.0,0.0,0.0,2.0,4.0,3.0,5.681623458862305,1926.2989501953125,611.0586547851562,0.0,0.0,5,2143,13.0,0.0,0.0,0.0,0.0,2.0,4.0,1.0,7.241880416870117,1249.1903076171875,0.0,0.0,3.7228565216064453,8,3168,86.0,274.0,0.0,52.00000762939453,0.0,0.0,0.0,1.0,0.0,2.0,0.0,1.0,4.0,21.0,0.0,6.0,6.167596817016602,32.81224298477173,963.441650390625,8617.431823730469,0.0,0.0,0.0,0.0,0.48725515604019165,15.061110198497772,7,3145,9.0,52.00000762939453,0.0,0.0,1.0,1.0,3.0,2.0,9.289116859436035,962.8062133789062,0.0,0.0,2.30474853515625,7,3379,78.0,0.0,0.0,1.0,0.0,0.0,3.0,0.0,4.0499043464660645,4279.2822265625,0.0,0.0,5.3094635009765625,7,3428,88.0,0.0,0.0,0.0,0.0,0.0,5.0,3.0,6.713306427001953,1576.185791015625,0.0,0.0,0.6761480569839478,5,2034,13.0,0.0,0.0,0.0,1.0,0.0,6.0,1.0,6.592318534851074,835.7159423828125,0.0,0.0,6.28349494934082,2,1,7,15631,0,0,0,0,1,2,1,15154,0,1,0,0,10,4611,107.0,427.0,8.0,92.00001072883606,0.0,0.0,0.0,2.0,0.0,1.0,2.0,7.0,7.0,34.0,1.0,19.0,11.585639953613281,86.8356351852417,2537.432373046875,11757.108764648438,0.0,839.1177368164062,0.0,0.0,5.656032085418701,17.932063817977905,8,4700,13.0,78.80001068115234,0.0,1.0,0.0,0.0,2.0,7.0,23.943029403686523,2073.04736328125,0.0,0.0,4.24533748626709,10,5398,142.0,1.2000000476837158,0.0,1.0,1.0,1.0,5.0,1.0,9.834141731262207,2649.840576171875,0.0,0.0,3.664476156234741,10,5883,141.0,4.0,0.0,0.0,0.0,2.0,7.0,6.0,19.806461334228516,2863.090576171875,839.1177368164062,0.0,0.0,7,3348,24.0,0.0,0.0,0.0,0.0,2.0,13.0,4.0,21.666362762451172,1633.6978759765625,0.0,0.0,4.366218090057373,11,4836,136.0,448.0,0.0,88.0000228881836,0.0,0.0,0.0,1.0,0.0,2.0,0.0,1.0,7.0,45.0,0.0,12.0,7.746290683746338,61.554943561553955,1791.1033935546875,10644.936096191406,0.0,0.0,0.0,0.0,0.48725515604019165,15.366230189800262,9,4588,10.0,84.0000228881836,0.0,0.0,1.0,1.0,5.0,3.0,17.651268005371094,962.8062133789062,0.0,0.0,2.30474853515625,10,5337,135.0,4.0,0.0,1.0,0.0,0.0,8.0,2.0,7.635576248168945,4915.56201171875,0.0,0.0,5.614583492279053,9,5698,148.0,0.0,0.0,0.0,0.0,0.0,6.0,4.0,9.987977981567383,2139.74853515625,0.0,0.0,0.6761480569839478,6,2990,19.0,0.0,0.0,0.0,1.0,0.0,19.0,3.0,18.533830642700195,835.7159423828125,0.0,0.0,6.28349494934082,2,1,7,23940,0,1,0,0,1,2,1,23449,0,1,0,0,14,9649,157.0,786.0,16.0,200.00000095367432,0.0,5.5,1.0,15.0,0.0,2.0,7.0,38.0,15.0,103.0,5.0,64.0,42.98735427856445,280.48873138427734,6096.19384765625,62922.373046875,1976.1700439453125,22372.56005859375,0.0,0.0,17.82465171813965,54.41474628448486,14,11569,33.0,146.8000030517578,1.5,5.0,0.0,7.0,10.0,14.0,51.702415466308594,10000.6787109375,904.7486572265625,0.0,12.043736457824707,16,12363,249.0,13.199999809265137,0.0,5.0,1.0,5.0,9.0,10.0,36.35597610473633,12110.8349609375,3650.66455078125,0.0,14.71393871307373,16,15679,315.0,23.999998092651367,4.0,4.0,0.0,11.0,15.0,27.0,72.08799743652344,30004.35546875,15097.6494140625,0.0,0.0,12,7277,32.0,0.0,0.0,0.0,1.0,8.0,54.0,8.0,77.35498809814453,4710.31005859375,743.327392578125,0.0,9.832419395446777,15,10489,253.0,792.0,0.0,155.7500457763672,0.0,1.5,0.0,2.0,2.0,15.0,1.0,4.0,14.0,110.0,7.0,38.0,32.356563568115234,198.7046604156494,5710.36083984375,35497.97607421875,10000.396484375,14859.696350097656,0.0,0.0,1.1797661781311035,55.82971715927124,12,8150,20.0,127.75004577636719,1.5,0.0,4.0,1.0,11.0,11.0,38.923912048339844,2895.997314453125,0.0,0.0,10.75035285949707,14,9805,225.0,16.0,0.0,1.0,2.0,1.0,17.0,6.0,29.718801498413086,10980.08203125,394.24176025390625,0.0,18.2591552734375,14,11752,268.0,12.0,0.0,1.0,2.0,0.0,11.0,11.0,37.72333908081055,13977.29296875,4465.05810546875,0.0,5.107306480407715,9,5743,26.0,0.0,0.0,0.0,5.0,1.0,57.0,3.0,59.9820442199707,1934.242919921875,0.0,0.0,20.53313636779785,15,2,38,56537,2,3,1,10,2,15,4,45939,0,1,0,4
104366947889790212,108166997301178190,PCS Summer 2022,pcs_summer_2022,2022-06-23,2022-09-10,ESPORTSTMNT01:3085363,108166997302620177,4,Playoffs,playoffs,Playoffs,2022-08-18,1792,12.14.455.6722,100,2,100,106269804045322803,99566406490127625,Beyond Gaming,J Team,100,BYG Likai,Gragas,BYG Husha,Vi,BYG Minji,Sylas,BYG Wako,Aphelios,BYG Kino,Nautilus,JT Rock,Renekton,JT Kongyue,XinZhao,JT Uniboy,Azir,JT Lilv,Zeri,JT Enso,Braum,100,3,100,100,1,1,1,100,4,0,0,5,1654,21.0,108.0,0.0,27.999998092651367,0.0,0.0,0.0,2.0,0.0,0.0,2.0,2.0,1.0,6.0,0.0,0.0,1.5570189952850342,6.835226982831955,2375.763916015625,4862.281105041504,0.0,68.93150329589844,0.0,0.0,11.47514820098877,23.22236394882202,4,2362,4.0,27.999998092651367,0.0,2.0,0.0,0.0,2.0,0.0,0.3333333432674408,659.0468139648438,0.0,0.0,1.291776180267334,5,1580,37.0,0.0,0.0,0.0,0.0,0.0,1.0,0.0,1.4981328248977661,94.43433380126953,0.0,0.0,0.0,4,1685,38.0,0.0,0.0,0.0,0.0,0.0,1.0,0.0,1.4452438354492188,1343.6278076171875,68.93150329589844,0.0,3.101296901702881,4,1160,8.0,0.0,0.0,0.0,0.0,0.0,1.0,0.0,2.001497983932495,389.4082336425781,0.0,0.0,7.354142665863037,5,1570,34.0,107.0,0.0,27.999998092651367,0.0,0.0,0.0,0.0,1.0,2.0,0.0,0.0,1.0,6.0,0.0,0.0,1.46123468875885,5.945468187332153,2250.77978515625,4859.388412475586,330.4299011230469,330.4299011230469,0.0,0.0,5.8745880126953125,10.108330696821213,4,1586,1.0,27.999998092651367,0.0,0.0,1.0,0.0,2.0,0.0,1.4788410663604736,570.6898193359375,0.0,0.0,2.077313184738159,5,1647,38.0,0.0,0.0,0.0,0.0,0.0,0.0,0.0,0.0,1141.761474609375,0.0,0.0,0.48596590757369995,4,1493,28.0,0.0,0.0,0.0,0.0,0.0,2.0,0.0,1.5070222616195679,717.1937866210938,0.0,0.0,0.34101226925849915,4,1132,6.0,0.0,0.0,0.0,0.0,0.0,1.0,0.0,1.4983701705932617,178.9635467529297,0.0,0.0,1.329451322555542,2,0,2,8441,0,0,0,0,0,2,0,7428,0,0,0,0,8,3327,75.0,265.0,0.0,56.00000762939453,0.0,0.0,0.0,3.0,0.0,0.0,2.0,4.0,4.0,15.0,0.0,2.0,4.8037214279174805,22.65615940093994,4055.79931640625,9136.361694335938,0.0,68.93150329589844,0.0,0.0,16.211938858032227,34.3735933303833,7,3860,6.0,56.00000762939453,0.0,2.0,0.0,0.0,3.0,2.0,8.767030715942383,659.0468139648438,0.0,0.0,1.291776180267334,8,3497,87.0,0.0,0.0,1.0,0.0,0.0,2.0,0.0,2.123342514038086,1136.991943359375,0.0,0.0,2.134204387664795,6,3272,82.0,0.0,0.0,0.0,0.0,1.0,3.0,0.0,3.1272335052490234,2677.97314453125,68.93150329589844,0.0,4.403385162353516,6,2159,15.0,0.0,0.0,0.0,0.0,1.0,3.0,0.0,3.8348312377929688,606.5504760742188,0.0,0.0,10.33228874206543,8,3271,84.0,275.0,4.0,72.0000228881836,0.0,4.0,0.0,0.0,1.0,3.0,0.0,0.0,3.0,17.0,0.0,3.0,5.559954643249512,31.538533687591553,3503.582275390625,8883.914428710938,330.4299011230469,1276.8807067871094,0.0,0.0,8.303390502929688,15.164819777011871,7,3084,1.0,64.0000228881836,4.0,0.0,1.0,0.0,4.0,0.0,8.937114715576172,570.6898193359375,0.0,0.0,2.077313184738159,8,3472,100.0,0.0,0.0,0.0,0.0,0.0,3.0,2.0,5.356750965118408,2569.894287109375,0.0,0.0,1.770571231842041,6,3256,78.0,4.0,0.0,0.0,0.0,0.0,3.0,1.0,6.142034530639648,1652.0408935546875,946.4508056640625,0.0,0.6826780438423157,5,1981,12.0,0.0,0.0,0.0,1.0,0.0,4.0,0.0,5.5426788330078125,587.7071533203125,0.0,0.0,2.330866813659668,3,0,4,16115,0,1,0,0,0,3,0,15064,0,0,0,0,10,4647,114.0,388.0,0.0,96.00001525878906,0.0,0.0,0.0,4.0,0.0,4.0,2.0,7.0,6.0,35.0,0.0,8.0,10.788625717163086,61.73185586929321,5384.0458984375,15671.482543945312,0.0,478.36962890625,0.0,0.0,19.97930908203125,53.84885835647583,9,5585,6.0,92.00001525878906,0.0,2.0,0.0,1.0,5.0,2.0,12.948829650878906,1476.216796875,0.0,0.0,4.170902252197266,10,5518,125.0,4.0,0.0,2.0,1.0,0.0,3.0,3.0,6.244520664215088,3136.685791015625,0.0,0.0,6.911698341369629,9,5142,124.0,0.0,0.0,0.0,1.0,2.0,7.0,2.0,11.788677215576172,4404.79443359375,478.36962890625,0.0,6.7291083335876465,7,3135,19.0,0.0,0.0,0.0,2.0,2.0,14.0,1.0,19.96120262145996,1269.7396240234375,0.0,0.0,16.05784034729004,10,4954,130.0,426.0,4.0,103.75003051757812,0.0,4.0,0.0,4.0,1.0,4.0,0.0,9.0,4.0,30.0,1.0,15.0,8.293288230895996,70.27765369415283,3815.417236328125,17474.102783203125,330.4299011230469,1276.8807067871094,0.0,0.0,8.303390502929688,23.942625999450684,9,4495,5.0,91.75003051757812,4.0,0.0,2.0,1.0,5.0,0.0,13.124058723449707,1762.1405029296875,0.0,0.0,3.6717417240142822,11,5827,143.0,4.0,0.0,2.0,0.0,2.0,5.0,6.0,18.205829620361328,6699.0224609375,0.0,0.0,3.9049527645111084,9,5421,126.0,4.0,0.0,1.0,0.0,3.0,5.0,6.0,14.658700942993164,3261.636474609375,946.4508056640625,0.0,1.398705005645752,7,3770,22.0,0.0,0.0,1.0,1.0,3.0,11.0,2.0,15.995776176452637,1935.8861083984375,0.0,0.0,6.6638360023498535,4,4,7,24027,0,2,0,0,4,4,9,24467,0,0,0,0,15,9910,169.0,680.0,12.0,200.00003051757812,0.0,4.0,1.0,18.0,0.0,6.0,12.0,49.0,13.0,88.0,4.0,31.0,29.12027931213379,200.18843460083008,14926.6650390625,64772.00341796875,2176.18603515625,17962.173583984375,0.0,0.0,43.69773864746094,154.4369134902954,14,10915,19.0,151.00003051757812,0.0,2.0,0.0,11.0,12.0,8.0,38.454105377197266,7279.33349609375,2397.310546875,0.0,22.082035064697266,15,11576,208.0,17.0,4.0,2.0,3.0,9.0,8.0,5.0,21.04244041442871,13671.0302734375,4759.19970703125,0.0,26.199941635131836,15,15778,250.0,16.0,0.0,13.0,1.0,2.0,11.0,9.0,37.47435760498047,24474.65625,8445.068359375,0.0,14.323058128356934,12,7401,34.0,4.0,0.0,0.0,2.0,15.0,44.0,5.0,74.09725189208984,4420.318359375,184.408935546875,0.0,48.13414001464844,14,9176,203.0,706.0,5.0,179.50005722045898,0.0,4.0,0.0,6.0,2.0,18.0,2.0,17.0,9.0,83.0,6.0,46.0,31.807191848754883,215.02879905700684,9022.1669921875,48406.923828125,2583.35546875,5430.4058837890625,0.0,0.0,13.003402709960938,62.52565145492554,12,7739,15.0,125.70005798339844,4.0,0.0,6.0,3.0,11.0,5.0,37.23389434814453,5897.03466796875,0.0,0.0,11.767354965209961,15,11648,251.0,30.799999237060547,0.0,3.0,3.0,3.0,9.0,14.0,41.6552619934082,16672.73828125,1900.599609375,0.0,7.767679691314697,13,10246,211.0,18.0,0.0,2.0,3.0,4.0,8.0,17.0,39.40184783935547,12195.068359375,946.4508056640625,0.0,5.102377891540527,10,6287,26.0,0.0,0.0,1.0,4.0,5.0,46.0,4.0,64.93060302734375,4619.91552734375,0.0,0.0,24.884836196899414,18,6,49,55580,1,4,1,9,6,18,17,45096,0,0,0,2
104366947889790212,108166997301178190,PCS Summer 2022,pcs_summer_2022,2022-06-23,2022-09-10,ESPORTSTMNT01:3085532,108166997302620168,1,Playoffs,playoffs,Playoffs,2022-08-19,1993,12.14.455.6722,100,3,200,107700199633958891,107760667929003738,CTBC Flying Oyster,Frank Esports,100,CFO Rest,Gwen,CFO Gemini,Poppy,CFO Mission,Viktor,CFO Shunn,Aphelios,CFO Koala,Nautilus,FAK YSKM,Camille,FAK Holo,XinZhao,FAK Pretender,Sylas,FAK MnM,Zeri,FAK Keres,TahmKench,100,2,100,100,1,1,1,100,5,0,0,5,1577,35.0,107.0,0.0,27.19999885559082,0.0,3.200000286102295,0.0,0.0,0.0,1.0,0.0,0.0,2.0,9.0,0.0,0.0,1.5073390007019043,7.149011492729187,839.0800170898438,4010.032424926758,0.0,93.21622467041016,0.0,0.0,0.0,3.0111817121505737,4,1503,0.0,27.19999885559082,3.200000286102295,0.0,0.0,0.0,2.0,0.0,1.5027450323104858,241.47669982910156,0.0,0.0,0.7423925399780273,5,1702,38.0,0.0,0.0,0.0,0.0,0.0,1.0,0.0,1.4595576524734497,1743.795654296875,0.0,0.0,0.0,3,1499,28.0,0.0,0.0,0.0,0.0,0.0,2.0,0.0,2.0006189346313477,1042.3106689453125,93.21622467041016,0.0,1.6152021884918213,3,1132,6.0,0.0,0.0,0.0,1.0,0.0,2.0,0.0,0.6787508726119995,143.369384765625,0.0,0.0,0.6535869836807251,4,1332,20.0,97.0,0.0,25.0,0.0,0.0,0.0,1.0,0.0,0.0,0.0,2.0,2.0,10.0,0.0,2.0,1.748792052268982,11.642066240310669,1297.513427734375,3590.472900390625,0.0,0.0,0.0,0.0,3.913173198699951,10.29358196258545,4,1515,2.0,25.0,0.0,0.0,0.0,0.0,1.0,2.0,4.822762489318848,0.0,0.0,0.0,0.0,5,1712,36.0,0.0,0.0,0.0,0.0,1.0,2.0,0.0,1.6886998414993286,868.3002319335938,0.0,0.0,2.098175525665283,4,2001,32.0,0.0,0.0,1.0,0.0,0.0,3.0,0.0,1.875075340270996,766.0859985351562,0.0,0.0,0.6647143363952637,3,1211,7.0,0.0,0.0,0.0,0.0,1.0,2.0,0.0,1.5067365169525146,658.5732421875,0.0,0.0,3.617518901824951,0,1,0,7413,0,0,0,0,1,0,2,7771,0,0,0,0,8,3253,66.0,261.0,0.0,59.200008392333984,0.0,3.200000286102295,1.0,2.0,1.0,2.0,0.0,3.0,4.0,18.0,2.0,6.0,8.263631820678711,31.099796295166016,2889.318115234375,10875.461242675781,0.0,93.21622467041016,0.0,0.0,1.6735410690307617,18.690910577774048,7,3282,9.0,59.200008392333984,3.200000286102295,0.0,0.0,1.0,2.0,0.0,7.151522159576416,737.4141235351562,0.0,0.0,4.708066940307617,8,3499,88.0,0.0,0.0,0.0,0.0,1.0,2.0,1.0,2.9924263954162598,4126.33251953125,0.0,0.0,3.8741493225097656,6,3418,81.0,0.0,0.0,1.0,0.0,0.0,4.0,1.0,5.090915203094482,2319.862060546875,93.21622467041016,0.0,1.6152021884918213,6,2237,17.0,0.0,0.0,0.0,1.0,1.0,6.0,2.0,7.6013007164001465,802.534423828125,0.0,0.0,6.819951057434082,7,2819,57.0,246.0,0.0,56.800010681152344,0.0,0.0,0.0,2.0,1.0,2.0,1.0,3.0,4.0,19.0,1.0,7.0,6.90838098526001,38.0018515586853,2707.979248046875,8594.115844726562,0.0,0.0,0.0,0.0,6.228881359100342,17.40536904335022,7,3222,3.0,56.800010681152344,0.0,1.0,0.0,0.0,3.0,2.0,8.22822093963623,606.6454467773438,0.0,0.0,1.3349378108978271,8,3144,80.0,0.0,0.0,0.0,1.0,1.0,2.0,1.0,6.484062194824219,2439.7509765625,0.0,0.0,4.223900318145752,7,3871,91.0,0.0,0.0,1.0,0.0,0.0,6.0,2.0,10.968663215637207,1839.20703125,0.0,0.0,1.655111312866211,5,2160,15.0,0.0,0.0,0.0,0.0,1.0,4.0,1.0,5.412524223327637,1000.5331420898438,0.0,0.0,3.962538242340088,2,2,3,15689,0,0,0,0,2,2,3,15216,0,0,0,0,10,5209,115.0,396.0,4.0,87.20001220703125,0.0,7.200000762939453,1.0,4.0,1.0,6.0,1.0,8.0,6.0,39.0,3.0,12.0,10.90601634979248,66.86522388458252,5396.4755859375,26040.5654296875,1137.9130859375,2991.67626953125,0.0,0.0,2.4625070095062256,51.64700770378113,8,4639,10.0,71.20001220703125,7.200000762939453,0.0,1.0,3.0,5.0,1.0,12.726594924926758,3838.27392578125,0.0,0.0,12.27426815032959,10,5724,128.0,4.0,0.0,2.0,1.0,1.0,6.0,2.0,10.301803588867188,9696.0947265625,0.0,0.0,12.213774681091309,9,5519,118.0,8.0,0.0,1.0,1.0,1.0,8.0,2.0,12.885599136352539,4816.22119140625,1675.9306640625,0.0,5.2972612380981445,7,3285,25.0,0.0,0.0,0.0,2.0,2.0,14.0,4.0,20.045209884643555,2293.5,177.83251953125,0.0,19.39919662475586,10,4667,97.0,378.0,0.0,82.30001068115234,0.0,0.0,1.0,6.0,1.0,4.0,1.0,11.0,7.0,39.0,1.0,15.0,11.188436508178711,82.18610572814941,5788.6162109375,20639.783569335938,385.4465026855469,2164.661895751953,0.0,0.0,9.961241722106934,38.06642532348633,8,4841,7.0,76.80001068115234,0.0,2.0,2.0,2.0,4.0,6.0,19.615856170654297,4645.01611328125,0.0,0.0,8.315470695495605,10,5133,124.0,0.0,0.0,1.0,1.0,3.0,3.0,2.0,8.217395782470703,4004.2939453125,419.55780029296875,0.0,9.5394868850708,9,6688,126.0,5.5,0.0,2.0,0.0,1.0,10.0,3.0,16.878385543823242,4353.24560546875,1359.6575927734375,0.0,4.013904094696045,7,3417,24.0,0.0,0.0,0.0,0.0,4.0,15.0,3.0,26.28603172302246,1848.6116943359375,0.0,0.0,6.236321926116943,4,6,8,24376,0,1,0,0,6,4,11,24746,0,0,0,0,17,15240,212.0,777.0,29.499998092651367,224.70002555847168,8.0,24.699999809265137,9.0,22.0,2.0,14.0,9.0,55.0,10.0,124.0,15.0,58.0,42.44736099243164,265.140869140625,28544.728515625,98996.2509765625,7054.62548828125,19642.818420410156,0.0,0.0,10.175103187561035,150.92850971221924,15,10916,24.0,134.4500274658203,12.699999809265137,3.0,3.0,11.0,14.0,10.0,41.43661117553711,14011.0654296875,266.5195007324219,0.0,41.827144622802734,17,15278,254.0,20.0,0.0,7.0,2.0,12.0,11.0,10.0,37.521095275878906,34187.48828125,2386.51416015625,0.0,28.94536590576172,16,14225,250.0,40.5,4.0,3.0,4.0,8.0,37.0,15.0,59.214111328125,15155.908203125,9428.322265625,0.0,17.192562103271484,13,8090,37.0,0.25,0.0,0.0,3.0,15.0,52.0,8.0,84.52169036865234,7097.060546875,506.8370056152344,0.0,52.788333892822266,15,10690,192.0,768.0,8.0,174.30005264282227,0.0,4.0,2.0,14.0,6.0,22.0,5.0,33.0,12.0,123.0,6.0,66.0,36.05483627319336,268.49677085876465,9675.904296875,65618.6943359375,6065.72216796875,8347.344299316406,0.0,0.0,17.31603240966797,101.37977504730225,13,9940,27.0,123.75005340576172,4.0,4.0,6.0,7.0,10.0,19.0,50.919429779052734,15589.2470703125,0.0,0.0,27.120176315307617,15,11645,230.0,12.25,0.0,4.0,5.0,6.0,6.0,8.0,27.40571403503418,14066.91015625,419.55780029296875,0.0,29.233436584472656,15,15144,284.0,30.299999237060547,0.0,4.0,4.0,5.0,31.0,20.0,68.31489562988281,21172.951171875,1862.0643310546875,0.0,13.335933685302734,11,6863,35.0,0.0,0.0,0.0,1.0,10.0,64.0,13.0,85.80189514160156,5113.681640625,0.0,0.0,14.37419605255127,22,14,55,63749,1,4,1,8,14,22,33,54282,0,0,0,3
104366947889790212,108166997301178190,PCS Summer 2022,pcs_summer_2022,2022-06-23,2022-09-10,ESPORTSTMNT01:3085545,108166997302620169,2,Playoffs,playoffs,Playoffs,2022-08-19,1901,12.14.455.6722,200,3,100,107760667929003738,107700199633958891,Frank Esports,CTBC Flying Oyster,100,FAK YSKM,Camille,FAK Holo,Nocturne,FAK Pretender,Sylas,FAK MnM,Sivir,FAK Keres,Nautilus,CFO Rest,Renekton,CFO Gemini,MonkeyKing,CFO Mission,Viktor,CFO Shunn,Aphelios,CFO Koala,Braum,200,2,100,200,1,1,0,0,0,0,0,5,1444,26.0,100.0,0.0,27.499998092651367,0.0,0.0,0.0,0.0,0.0,0.0,0.0,0.0,1.0,7.0,0.0,0.0,1.5119949579238892,6.513157099485397,1532.1837158203125,3324.77547454834,0.0,0.0,0.0,0.0,3.324728488922119,9.044526100158691,4,1593,0.0,27.499998092651367,0.0,0.0,0.0,0.0,1.0,0.0,1.540307879447937,101.71432495117188,0.0,0.0,0.0,5,1626,37.0,0.0,0.0,0.0,0.0,0.0,2.0,0.0,1.493068814277649,1018.1445922851562,0.0,0.0,1.5081639289855957,3,1474,30.0,0.0,0.0,0.0,0.0,0.0,1.0,0.0,0.48895975947380066,619.5185546875,0.0,0.0,0.0,3,1153,7.0,0.0,0.0,0.0,0.0,0.0,2.0,0.0,1.4788256883621216,53.21428680419922,0.0,0.0,4.211633682250977,5,1524,33.0,113.0,0.0,27.999998092651367,0.0,0.0,0.0,0.0,0.0,0.0,0.0,0.0,2.0,6.0,0.0,1.0,1.532603144645691,8.022586584091187,1298.302978515625,4192.149871826172,0.0,0.0,0.0,0.0,0.0,1.3339828252792358,4,1565,0.0,27.999998092651367,0.0,0.0,0.0,0.0,1.0,0.0,3.466325521469116,0.0,0.0,0.0,0.0,5,1561,32.0,0.0,0.0,0.0,0.0,0.0,1.0,0.0,0.0,1738.1964111328125,0.0,0.0,0.0,4,1725,41.0,0.0,0.0,0.0,0.0,0.0,1.0,1.0,1.0833333730697632,919.7308349609375,0.0,0.0,0.0,4,1163,7.0,0.0,0.0,0.0,0.0,0.0,1.0,0.0,1.9403245449066162,235.91964721679688,0.0,0.0,1.3339828252792358,0,0,0,7290,0,0,0,0,0,0,0,7538,0,0,0,0,7,3069,54.0,217.0,0.0,60.0000114440918,0.0,0.0,1.0,2.0,1.0,2.0,1.0,2.0,3.0,17.0,0.0,4.0,3.1040515899658203,28.08571171760559,4990.1474609375,10622.616119384766,0.0,0.0,0.0,0.0,11.464021682739258,42.275118827819824,6,3108,2.0,60.0000114440918,0.0,0.0,0.0,1.0,5.0,1.0,9.057147979736328,887.3299560546875,0.0,0.0,16.32017707824707,8,3369,79.0,0.0,0.0,1.0,0.0,0.0,3.0,0.0,4.5305328369140625,2878.435791015625,0.0,0.0,5.803313255310059,7,2944,69.0,0.0,0.0,0.0,0.0,0.0,3.0,2.0,3.0901577472686768,1430.2744140625,0.0,0.0,0.0,5,2056,13.0,0.0,0.0,0.0,1.0,0.0,3.0,1.0,8.303821563720703,436.4284973144531,0.0,0.0,8.687606811523438,8,3562,76.0,251.0,0.0,55.999996185302734,0.0,0.0,1.0,2.0,1.0,2.0,0.0,5.0,3.0,18.0,0.0,5.0,3.1064276695251465,29.669241428375244,3414.120849609375,12842.590637207031,335.9119873046875,1088.9487915039062,0.0,0.0,5.370635986328125,23.14649724960327,6,3369,2.0,55.999996185302734,0.0,1.0,0.0,1.0,4.0,2.0,10.40625,1545.70458984375,0.0,0.0,1.217529296875,7,3100,67.0,0.0,0.0,0.0,1.0,2.0,3.0,0.0,4.452494144439697,4674.7265625,0.0,0.0,7.813549041748047,7,3576,92.0,0.0,0.0,0.0,0.0,0.0,4.0,2.0,6.251884937286377,2392.61669921875,753.0368041992188,0.0,3.843295097351074,6,2295,14.0,0.0,0.0,0.0,0.0,2.0,4.0,1.0,5.452184677124023,815.4219360351562,0.0,0.0,4.901487827301025,2,2,2,14546,0,0,0,0,2,2,5,15902,0,0,0,0,11,5562,105.0,382.0,0.0,95.60002899169922,0.0,3.6000003814697266,3.0,4.0,1.0,3.0,1.0,4.0,6.0,40.0,2.0,12.0,11.466188430786133,69.02344989776611,8883.375,16437.126953125,622.0791015625,622.0791015625,0.0,0.0,15.079667091369629,48.15459632873535,9,4712,9.0,95.60002899169922,3.6000003814697266,0.0,0.0,1.0,8.0,1.0,13.271902084350586,887.3299560546875,0.0,0.0,16.32017707824707,10,5099,127.0,0.0,0.0,1.0,1.0,0.0,5.0,4.0,10.870494842529297,3253.724365234375,0.0,0.0,5.803313255310059,9,5065,122.0,0.0,0.0,0.0,0.0,1.0,5.0,3.0,11.69412899017334,2539.8193359375,0.0,0.0,0.0,7,3106,19.0,0.0,0.0,0.0,1.0,1.0,16.0,2.0,21.720735549926758,872.8782958984375,0.0,0.0,10.951438903808594,10,5176,115.0,417.0,0.0,88.39999389648438,0.0,0.0,1.0,3.0,2.0,4.0,0.0,7.0,6.0,40.0,0.0,14.0,6.342266082763672,73.68336582183838,5086.10107421875,19097.522338867188,1368.9776611328125,2823.6593017578125,0.0,0.0,7.786224365234375,32.0234694480896,9,4962,5.0,80.39999389648438,0.0,1.0,1.0,2.0,5.0,5.0,21.652435302734375,4183.5712890625,0.0,0.0,4.383265495300293,10,5341,130.0,4.0,0.0,0.0,1.0,3.0,7.0,1.0,8.278938293457031,6428.46484375,0.0,0.0,9.709897994995117,9,6682,142.0,4.0,0.0,0.0,0.0,0.0,9.0,4.0,14.626561164855957,2392.61669921875,1454.681640625,0.0,3.843295097351074,8,3725,25.0,0.0,0.0,1.0,0.0,2.0,13.0,4.0,22.783164978027344,1006.7684326171875,0.0,0.0,6.30078649520874,4,3,4,23544,0,0,0,0,3,4,7,25886,0,1,0,1,17,15143,225.0,751.0,12.0,225.10004806518555,8.0,49.09999704360962,8.0,22.0,3.0,11.0,12.0,64.0,8.0,120.0,6.0,50.0,33.90941619873047,277.2053756713867,23943.115234375,79653.134765625,10226.55859375,24431.88217163086,0.0,0.0,26.30340003967285,209.74321937561035,15,10384,21.0,139.800048828125,10.200000762939453,0.0,1.0,14.0,31.0,10.0,63.61404800415039,6783.056640625,1658.2991943359375,0.0,111.84465789794922,17,13750,223.0,34.900001525878906,26.499996185302734,5.0,4.0,12.0,9.0,11.0,34.5677490234375,17167.017578125,5570.34228515625,0.0,17.193666458129883,16,15589,247.0,38.39999771118164,4.400000095367432,9.0,1.0,9.0,15.0,12.0,53.19816207885742,26404.431640625,6609.14892578125,0.0,3.066926956176758,13,8170,35.0,0.0,0.0,0.0,2.0,17.0,57.0,11.0,91.91600036621094,5355.513671875,367.5331726074219,0.0,51.33456802368164,15,11613,245.0,809.0,0.5,150.89999961853027,0.0,0.0,3.0,11.0,5.0,22.0,4.0,34.0,10.0,103.0,6.0,46.0,31.922286987304688,224.5429630279541,12824.521484375,69471.8076171875,1508.732421875,3473.987548828125,0.0,0.0,12.764862060546875,89.77817916870117,14,10311,17.0,120.4000015258789,0.0,3.0,5.0,8.0,11.0,12.0,44.05048751831055,15787.4326171875,0.0,0.0,19.14333724975586,16,12537,245.0,14.0,0.0,2.0,5.0,8.0,8.0,6.0,23.855993270874023,23474.6171875,0.0,0.0,23.453998565673828,15,13226,269.0,15.999998092651367,0.0,2.0,4.0,4.0,17.0,15.0,47.06517791748047,13023.556640625,1965.255126953125,0.0,10.134672164916992,13,6850,33.0,0.0,0.0,1.0,3.0,10.0,57.0,7.0,77.64901733398438,4361.6796875,0.0,0.0,24.281309127807617,22,11,64,63036,4,2,2,10,11,22,34,54537,0,2,0,2
104366947889790212,108166997301178190,PCS Summer 2022,pcs_summer_2022,2022-06-23,2022-09-10,ESPORTSTMNT01:3085550,108166997302620170,3,Playoffs,playoffs,Playoffs,2022-08-19,2126,12.14.455.6722,200,1,100,107700199633958891,107760667929003738,CTBC Flying Oyster,Frank Esports,100,CFO Rest,Gragas,CFO Gemini,Poppy,CFO Mission,Taliyah,CFO Shunn,Aphelios,CFO Koala,Renata,FAK YSKM,Jax,FAK Holo,MonkeyKing,FAK Pretender,Orianna,FAK MnM,Zeri,FAK Keres,Nautilus,200,3,100,200,1,1,1,100,2,0,0,4,1893,29.0,103.0,0.0,24.80000001192093,0.0,0.0,1.0,1.0,0.0,0.0,0.0,1.0,1.0,9.0,0.0,0.0,1.453128457069397,7.946956813335419,1197.271728515625,3887.0491333007812,0.0,0.0,0.0,0.0,7.2955322265625,18.560686111450195,4,1634,0.0,24.0,0.0,0.0,0.0,1.0,2.0,0.0,2.945852756500244,362.136474609375,0.0,0.0,2.8916618824005127,5,1593,34.0,0.800000011920929,0.0,0.0,0.0,0.0,2.0,0.0,1.551086664199829,996.6640625,0.0,0.0,2.4467594623565674,4,1708,40.0,0.0,0.0,0.0,0.0,0.0,2.0,0.0,1.4635555744171143,1014.4606323242188,0.0,0.0,2.6756832599639893,3,1045,0.0,0.0,0.0,0.0,0.0,0.0,2.0,0.0,0.5333333611488342,316.5162353515625,0.0,0.0,3.251049280166626,4,1465,29.0,103.0,0.0,27.19999885559082,0.0,3.200000286102295,0.0,0.0,1.0,1.0,0.0,0.0,1.0,9.0,0.0,0.0,1.5504847764968872,7.657311677932739,1180.481201171875,3004.1377029418945,0.0,0.0,0.0,0.0,1.236328125,7.829288572072983,4,1503,0.0,27.19999885559082,3.200000286102295,0.0,0.0,0.0,2.0,0.0,1.5493334531784058,57.176551818847656,0.0,0.0,0.0,5,1598,36.0,0.0,0.0,0.0,0.0,0.0,2.0,0.0,1.5514295101165771,818.3838500976562,0.0,0.0,1.0423024892807007,3,1557,32.0,0.0,0.0,0.0,0.0,0.0,2.0,0.0,1.5063095092773438,498.078369140625,0.0,0.0,0.308489054441452,3,1132,6.0,0.0,0.0,0.0,0.0,0.0,2.0,0.0,1.4997544288635254,450.0177307128906,0.0,0.0,5.24216890335083,1,0,1,7873,0,0,0,0,0,1,0,7255,0,0,0,0,8,4339,87.0,272.0,0.0,52.80000019073486,0.0,4.0,2.0,2.0,0.0,1.0,0.0,2.0,3.0,18.0,0.0,4.0,4.607873916625977,31.89557456970215,2867.493896484375,8395.705383300781,1870.3646240234375,3915.947509765625,0.0,0.0,13.854235649108887,35.74120378494263,7,3089,0.0,48.0,0.0,0.0,0.0,2.0,4.0,0.0,7.613600730895996,1304.26904296875,0.0,0.0,5.411874294281006,8,3343,85.0,4.800000190734863,4.0,0.0,1.0,0.0,3.0,2.0,6.358695030212402,1971.116943359375,0.0,0.0,7.466448783874512,7,3668,97.0,0.0,0.0,0.0,0.0,0.0,4.0,0.0,4.579267501831055,1604.5308837890625,1518.2987060546875,0.0,4.322917938232422,5,2158,3.0,0.0,0.0,0.0,0.0,0.0,4.0,2.0,8.736137390136719,648.2946166992188,527.2841796875,0.0,4.685727119445801,7,2673,56.0,251.0,0.0,55.20000457763672,0.0,3.200000286102295,0.0,1.0,2.0,2.0,0.0,0.0,4.0,20.0,0.0,5.0,4.988678932189941,34.05401825904846,2456.81982421875,6328.548065185547,0.0,0.0,0.0,0.0,2.3157958984375,13.790912985801697,7,2916,1.0,55.20000457763672,3.200000286102295,0.0,0.0,0.0,4.0,1.0,8.531878471374512,199.62860107421875,0.0,0.0,0.0,8,3595,91.0,0.0,0.0,1.0,0.0,0.0,4.0,1.0,3.5213234424591064,2042.7884521484375,0.0,0.0,4.52798318862915,7,3208,86.0,0.0,0.0,0.0,0.0,0.0,3.0,0.0,4.692095756530762,1179.29345703125,0.0,0.0,1.7049649953842163,5,2151,17.0,0.0,0.0,0.0,0.0,0.0,5.0,3.0,12.32004165649414,450.0177307128906,0.0,0.0,5.24216890335083,2,1,2,16597,0,0,0,0,1,2,0,14543,0,1,0,0,11,6157,134.0,424.0,4.0,88.8000078201294,0.0,8.0,2.0,3.0,1.0,4.0,0.0,3.0,7.0,35.0,1.0,14.0,9.860478401184082,62.643263816833496,3998.044189453125,12459.757690429688,1870.3646240234375,5794.068054199219,0.0,0.0,16.663379669189453,44.53515625,9,4601,8.0,68.00000762939453,4.0,0.0,0.0,3.0,6.0,4.0,17.102954864501953,2120.330078125,0.0,0.0,7.101197242736816,11,5535,132.0,12.800000190734863,4.0,1.0,1.0,0.0,7.0,3.0,11.875513076782227,2368.1357421875,0.0,0.0,8.165848731994629,9,5979,144.0,0.0,0.0,0.0,1.0,0.0,6.0,1.0,7.634193420410156,2704.490234375,3130.6669921875,0.0,4.913897514343262,7,3602,6.0,4.0,0.0,0.0,1.0,0.0,9.0,5.0,16.170124053955078,1268.7574462890625,793.0364379882812,0.0,7.69083309173584,9,5207,102.0,423.0,0.0,86.95000457763672,0.0,7.200000286102295,0.0,4.0,3.0,3.0,2.0,6.0,6.0,44.0,0.0,11.0,6.315695285797119,73.7623028755188,3903.62646484375,12953.420043945312,1948.0989990234375,2330.599853515625,0.0,0.0,5.5216064453125,28.73431396484375,9,5671,4.0,78.95000457763672,7.200000286102295,2.0,0.0,1.0,6.0,2.0,15.31244945526123,1327.3411865234375,137.17608642578125,0.0,2.1510159969329834,11,5821,149.0,4.0,0.0,1.0,0.0,1.0,7.0,2.0,12.53227424621582,3275.239990234375,245.32476806640625,0.0,6.504116058349609,9,6097,139.0,4.0,0.0,1.0,0.0,1.0,8.0,1.0,10.641425132751465,3195.44140625,0.0,0.0,2.152923822402954,7,3447,29.0,0.0,0.0,0.0,0.0,1.0,17.0,6.0,28.960458755493164,1251.77099609375,0.0,0.0,12.404651641845703,3,4,3,25874,0,1,0,1,4,3,6,26243,0,1,0,1,17,14363,228.0,820.0,27.999996185302734,218.30000495910645,12.0,27.0,3.0,12.0,2.0,6.0,8.0,32.0,9.0,111.0,6.0,82.0,35.6065788269043,296.51548767089844,17174.9296875,57360.07568359375,3821.443359375,25276.865112304688,0.0,0.0,45.56425094604492,124.95361137390137,14,10918,37.0,109.60001373291016,8.0,2.0,0.0,8.0,15.0,30.0,71.82968139648438,7797.11083984375,151.1624755859375,0.0,31.05210304260254,18,14741,273.0,56.79999542236328,7.0,2.0,1.0,6.0,12.0,11.0,39.32490158081055,12939.333984375,3308.98486328125,0.0,23.704973220825195,15,15889,263.0,19.899999618530273,0.0,5.0,1.0,3.0,16.0,19.0,55.41520690917969,16902.51953125,15384.9716796875,0.0,9.215898513793945,13,8978,19.0,4.0,0.0,0.0,2.0,7.0,59.0,16.0,94.33911895751953,2546.181640625,2610.302734375,0.0,15.416385650634766,15,11911,243.0,895.0,12.0,213.34996795654297,0.0,15.599998474121094,0.0,6.0,6.0,12.0,2.0,10.0,19.0,155.0,3.0,51.0,32.19716262817383,300.37504959106445,7397.08544921875,67421.04931640625,5561.03857421875,6080.657424926758,0.0,0.0,15.977783203125,108.03319644927979,14,10631,17.0,141.3499755859375,13.599998474121094,3.0,2.0,1.0,10.0,11.0,54.95462417602539,5592.607421875,137.17608642578125,0.0,7.0627593994140625,17,13879,307.0,24.0,2.0,2.0,1.0,2.0,17.0,7.0,40.30355453491211,24981.330078125,245.32476806640625,0.0,27.752971649169922,15,13500,291.0,35.99999237060547,0.0,1.0,1.0,2.0,40.0,17.0,75.9985580444336,24759.626953125,137.1179962158203,0.0,12.189553260803223,12,7101,37.0,0.0,0.0,0.0,2.0,3.0,69.0,13.0,96.92115020751953,4690.3994140625,0.0,0.0,45.05012893676758,12,6,32,64889,3,4,2,10,6,12,10,57022,0,2,0,3
104366947889790212,108166997301178190,PCS Summer 2022,pcs_summer_2022,2022-06-23,2022-09-10,ESPORTSTMNT01:3085559,108166997302620171,4,Playoffs,playoffs,Playoffs,2022-08-19,1690,12.14.455.6722,200,1,200,107760667929003738,107700199633958891,Frank Esports,CTBC Flying Oyster,200,FAK YSKM,Camille,FAK Holo,MonkeyKing,FAK Pretender,Leblanc,FAK MnM,Zeri,FAK Keres,Leona,CFO Rest,Mordekaiser,CFO Gemini,Viego,CFO Mission,Taliyah,CFO Shunn,Aphelios,CFO Koala,Nautilus,200,5,200,100,1,1,1,200,2,0,0,5,1591,35.0,112.0,0.0,29.349998474121094,0.0,1.5,0.0,0.0,0.0,0.0,0.0,0.0,1.0,8.0,0.0,0.0,0.0,6.4741387367248535,1117.430419921875,2137.333984375,0.0,0.0,0.0,0.0,4.89599609375,8.101181030273438,4,1550,0.0,29.099998474121094,1.5,0.0,0.0,0.0,2.0,0.0,1.5003108978271484,0.0,0.0,0.0,0.0,5,1633,38.0,0.0,0.0,0.0,0.0,0.0,1.0,0.0,1.9452279806137085,920.0328979492188,0.0,0.0,3.2051849365234375,3,1603,34.0,0.25,0.0,0.0,0.0,0.0,2.0,0.0,1.535984754562378,99.87066650390625,0.0,0.0,0.0,4,1111,5.0,0.0,0.0,0.0,0.0,0.0,2.0,0.0,1.4926151037216187,0.0,0.0,0.0,0.0,5,1472,27.0,109.0,0.0,31.749998092651367,0.0,1.5,0.0,0.0,0.0,0.0,0.0,0.0,2.0,9.0,0.0,0.0,1.5029970407485962,4.276146650314331,406.8458251953125,1687.72802734375,0.0,120.08656311035156,0.0,0.0,0.866455078125,2.8898255825042725,4,1637,0.0,31.749998092651367,1.5,0.0,0.0,0.0,3.0,0.0,1.7731496095657349,0.0,0.0,0.0,0.0,5,1682,40.0,0.0,0.0,0.0,0.0,0.0,2.0,0.0,0.0,652.9075317382812,0.0,0.0,2.0233705043792725,4,1641,36.0,0.0,0.0,0.0,0.0,0.0,2.0,0.0,0.0,627.9746704101562,120.08656311035156,0.0,0.0,3,1132,6.0,0.0,0.0,0.0,0.0,0.0,0.0,0.0,1.0,0.0,0.0,0.0,0.0,0,0,0,7488,0,0,0,0,0,0,0,7564,0,0,0,0,7,2866,68.0,251.0,0.0,57.75,0.0,1.5,0.0,0.0,1.0,1.0,0.0,0.0,3.0,15.0,0.0,3.0,3.4467124938964844,26.193862438201904,2878.0478515625,6839.272674560547,0.0,0.0,0.0,0.0,6.888338088989258,18.263391971588135,7,3056,4.0,53.5,1.5,0.0,0.0,0.0,3.0,1.0,8.893701553344727,373.45068359375,0.0,0.0,0.0,8,3323,89.0,4.0,0.0,0.0,0.0,0.0,1.0,0.0,2.445228099822998,2318.266357421875,0.0,0.0,8.014419555664062,7,3047,76.0,0.25,0.0,0.0,0.0,0.0,3.0,0.0,3.464860439300537,791.9983520507812,0.0,0.0,0.6427433490753174,5,2055,14.0,0.0,0.0,0.0,0.0,0.0,5.0,2.0,7.943359851837158,477.5094299316406,0.0,0.0,2.717890977859497,9,3574,75.0,264.0,2.0,69.75000762939453,0.0,5.5,1.0,1.0,0.0,0.0,0.0,0.0,4.0,22.0,0.0,4.0,4.768455982208252,32.861026763916016,2488.97021484375,7189.786773681641,0.0,1366.4392852783203,0.0,0.0,1.2478095293045044,12.497010588645935,6,2919,0.0,63.75000762939453,5.5,0.0,0.0,0.0,4.0,0.0,7.331239223480225,162.41720581054688,0.0,0.0,1.4866437911987305,8,3273,84.0,4.0,0.0,0.0,0.0,0.0,4.0,1.0,7.318061828613281,2526.548095703125,0.0,0.0,3.806518077850342,7,3653,90.0,0.0,0.0,0.0,0.0,0.0,7.0,2.0,8.743619918823242,1452.4288330078125,1218.0452880859375,0.0,1.670825719833374,5,2243,15.0,0.0,0.0,0.0,0.0,0.0,3.0,1.0,4.699649810791016,559.4224243164062,148.3939971923828,0.0,4.285213470458984,0,1,0,14347,0,0,0,0,1,0,0,15662,0,1,0,0,10,4754,118.0,417.0,0.0,69.75000762939453,0.0,1.5,0.0,1.0,1.0,5.0,0.0,1.0,6.0,33.0,0.0,12.0,6.706532955169678,60.18537759780884,3726.927734375,14999.350463867188,860.1026611328125,1520.6585388183594,0.0,0.0,9.389810562133789,35.197030544281006,8,4291,10.0,65.50000762939453,1.5,0.0,1.0,0.0,5.0,3.0,16.797971725463867,1303.4345703125,569.6239624023438,0.0,3.67236328125,10,5220,140.0,4.0,0.0,0.0,0.0,0.0,2.0,0.0,6.148259162902832,4470.48828125,90.93191528320312,0.0,11.804824829101562,9,5384,122.0,0.25,0.0,1.0,1.0,0.0,7.0,2.0,9.366140365600586,3816.16552734375,0.0,0.0,2.009315013885498,7,3231,27.0,0.0,0.0,0.0,2.0,1.0,13.0,7.0,21.166473388671875,1682.3343505859375,0.0,0.0,8.320716857910156,11,5700,133.0,432.0,6.0,101.75002098083496,0.0,5.5,1.0,5.0,0.0,1.0,1.0,11.0,5.0,38.0,1.0,12.0,7.950333118438721,73.44647550582886,4294.47900390625,17035.14501953125,0.0,1366.4392852783203,0.0,0.0,1.8790961503982544,33.96613872051239,9,5085,4.0,87.35002136230469,5.5,2.0,0.0,2.0,5.0,1.0,15.285551071166992,2021.534912109375,0.0,0.0,5.106132507324219,11,5511,132.0,8.399999618530273,0.0,1.0,0.0,3.0,6.0,2.0,11.534480094909668,6145.03369140625,0.0,0.0,12.157371520996094,9,5728,139.0,0.0,0.0,0.0,1.0,3.0,10.0,3.0,12.553243637084961,3193.209228515625,1218.0452880859375,0.0,2.311572790145874,7,3582,24.0,0.0,0.0,1.0,0.0,2.0,12.0,5.0,26.122867584228516,1380.88818359375,148.3939971923828,0.0,12.51196575164795,1,5,1,22880,0,0,0,0,5,1,11,25606,0,2,0,0,13,9009,198.0,688.0,0.0,105.5000228881836,0.0,1.5,1.0,6.0,8.0,30.0,0.0,12.0,13.0,105.0,1.0,38.0,24.406339645385742,196.39826202392578,9977.83984375,54723.96337890625,860.1026611328125,3540.1707763671875,0.0,0.0,18.97613525390625,86.44623517990112,12,7808,19.0,89.2500228881836,1.5,1.0,7.0,2.0,10.0,6.0,26.596921920776367,8090.8134765625,569.6239624023438,0.0,13.072368621826172,14,9502,220.0,8.0,0.0,1.0,3.0,2.0,10.0,5.0,29.03988265991211,14375.9267578125,1378.90576171875,0.0,18.249160766601562,13,11058,213.0,8.25,0.0,3.0,6.0,3.0,21.0,13.0,44.35942840576172,18899.12109375,731.5383911132812,0.0,6.0050578117370605,11,5871,38.0,0.0,0.0,0.0,6.0,5.0,51.0,13.0,71.99568939208984,3380.26220703125,0.0,0.0,30.143512725830078,16,13490,193.0,673.0,36.0,241.75004196166992,22.0,49.50000047683716,4.0,30.0,0.0,6.0,16.0,65.0,10.0,93.0,6.0,36.0,31.918485641479492,214.43770027160645,23456.4609375,83733.87060546875,6104.5947265625,24605.83026123047,0.0,0.0,10.135283470153809,110.40332984924316,15,11858,22.0,126.95002746582031,17.5,8.0,2.0,9.0,12.0,6.0,40.069488525390625,12574.55859375,1603.660888671875,0.0,13.226747512817383,16,13006,200.0,50.40001678466797,6.000000476837158,6.0,2.0,15.0,6.0,2.0,16.567813873291016,23484.380859375,5520.3818359375,0.0,30.296348571777344,15,14337,212.0,28.39999771118164,4.0,10.0,2.0,9.0,25.0,9.0,48.27764129638672,18784.30859375,10774.060546875,0.0,12.89830493927002,13,8029,46.0,0.0,0.0,2.0,0.0,16.0,40.0,13.0,77.6042709350586,5434.16162109375,603.1322631835938,0.0,43.84664535522461,6,30,12,43248,0,0,0,1,30,6,65,60720,3,4,1,10
104366947889790212,108166997301178190,PCS Summer 2022,pcs_summer_2022,2022-06-23,2022-09-10,ESPORTSTMNT01:3095575,108166997302620192,1,Playoffs,playoffs,Playoffs,2022-08-20,2255,12.14.455.6722,200,3,200,99566406490127625,107700211633200412,J Team,Meta Falcon Team,100,JT Rock,Gwen,JT Kongyue,Vi,JT Uniboy,Ahri,JT Lilv,Lucian,JT Enso,Nami,MFT Taco,Renekton,MFT 665,MonkeyKing,MFT Hong2,Swain,MFT Whale,Aphelios,MFT 1SSUE,TahmKench,200,6,0,100,2,0,0,0,0,0,0,5,1736,30.0,106.0,0.0,27.999998092651367,0.0,0.0,1.0,2.0,1.0,2.0,0.0,1.0,2.0,8.0,1.0,1.0,1.1166666746139526,7.049448370933533,1149.1851806640625,3949.0416259765625,0.0,267.4274444580078,0.0,0.0,0.0,2.782321497797966,4,1885,0.0,27.999998092651367,0.0,1.0,0.0,0.0,2.0,0.0,1.554308533668518,662.7579956054688,0.0,0.0,1.1547874212265015,5,1797,39.0,0.0,0.0,0.0,1.0,1.0,1.0,0.0,1.4803900718688965,901.6639404296875,0.0,0.0,1.4093475341796875,4,1669,37.0,0.0,0.0,0.0,0.0,0.0,2.0,0.0,1.4594873189926147,590.3321533203125,115.01274108886719,0.0,0.0,4,1185,0.0,0.0,0.0,0.0,0.0,0.0,1.0,0.0,1.4385957717895508,645.1023559570312,152.41470336914062,0.0,0.21818654239177704,5,1786,34.0,104.0,0.0,24.0,0.0,0.0,0.0,2.0,1.0,2.0,1.0,2.0,1.0,7.0,0.0,0.0,0.46369221806526184,5.743320971727371,1090.7568359375,3490.3468017578125,0.0,0.0,0.0,0.0,2.3199462890625,8.681103765964508,4,2241,1.0,24.0,0.0,2.0,0.0,0.0,1.0,0.0,2.3083701133728027,697.218505859375,0.0,0.0,0.9960430264472961,5,1720,34.0,0.0,0.0,0.0,1.0,1.0,2.0,0.0,0.0,690.2543334960938,0.0,0.0,3.6052818298339844,3,1486,29.0,0.0,0.0,0.0,0.0,0.0,1.0,0.0,1.4818953275680542,625.6123046875,0.0,0.0,0.0,3,1125,6.0,0.0,0.0,0.0,0.0,0.0,2.0,0.0,1.4893633127212524,386.50482177734375,0.0,0.0,1.7598326206207275,2,2,1,8272,0,0,0,0,2,2,2,8358,0,0,0,0,8,3724,75.0,260.0,0.0,60.00000762939453,0.0,0.0,2.0,4.0,1.0,2.0,0.0,4.0,5.0,19.0,1.0,4.0,6.514650344848633,28.229713678359985,1915.0609130859375,8349.182250976562,0.0,1095.3661804199219,0.0,0.0,0.6465630531311035,9.930179238319397,7,3702,1.0,60.00000762939453,0.0,1.0,0.0,2.0,4.0,1.0,9.522123336791992,1794.4306640625,494.2910461425781,0.0,4.708718299865723,8,3985,93.0,0.0,0.0,1.0,1.0,2.0,4.0,2.0,6.456169128417969,2055.335205078125,0.0,0.0,2.5864105224609375,7,3319,89.0,0.0,0.0,0.0,0.0,0.0,3.0,0.0,3.298175096511841,1439.85546875,395.52490234375,0.0,0.0,6,2078,2.0,0.0,0.0,0.0,0.0,0.0,3.0,0.0,2.438595771789551,1144.5,205.55023193359375,0.0,1.9884873628616333,8,3306,80.0,271.0,0.0,48.0,0.0,0.0,0.0,2.0,2.0,4.0,1.0,2.0,4.0,18.0,2.0,4.0,8.32401180267334,31.781750679016113,1857.7510986328125,6888.3663330078125,0.0,0.0,0.0,0.0,3.69696044921875,18.048481941223145,6,3388,2.0,48.0,0.0,2.0,1.0,0.0,2.0,1.0,8.101045608520508,1192.608642578125,0.0,0.0,1.418874979019165,8,3345,87.0,0.0,0.0,0.0,1.0,1.0,3.0,0.0,4.966033935546875,1408.9208984375,0.0,0.0,6.376158714294434,7,3271,88.0,0.0,0.0,0.0,0.0,0.0,4.0,0.0,4.066408157348633,1318.9228515625,0.0,0.0,3.0579614639282227,6,2097,14.0,0.0,0.0,0.0,0.0,0.0,5.0,1.0,6.324251174926758,1110.162841796875,0.0,0.0,3.4985263347625732,4,2,4,16808,0,0,0,0,2,4,2,15407,0,1,0,0,11,5573,131.0,435.0,4.0,96.00001525878906,0.0,4.0,2.0,4.0,1.0,2.0,0.0,4.0,7.0,41.0,1.0,11.0,10.435863494873047,76.37854433059692,2995.627685546875,11597.442993164062,0.0,1095.3661804199219,0.0,0.0,0.6465630531311035,11.262617111206055,9,5441,4.0,84.00001525878906,4.0,1.0,0.0,2.0,5.0,3.0,16.383464813232422,1794.4306640625,494.2910461425781,0.0,4.708718299865723,11,6130,155.0,8.0,0.0,1.0,1.0,2.0,6.0,3.0,15.638957977294922,2535.755615234375,0.0,0.0,3.0925869941711426,9,5006,141.0,0.0,0.0,0.0,0.0,0.0,5.0,2.0,5.447651386260986,2901.931884765625,395.52490234375,0.0,0.0,8,2920,4.0,0.0,0.0,0.0,0.0,0.0,18.0,2.0,28.472606658935547,1369.6971435546875,205.55023193359375,0.0,2.814748764038086,10,5125,138.0,463.0,0.0,84.00001525878906,0.0,0.0,0.0,2.0,2.0,4.0,1.0,2.0,6.0,30.0,4.0,14.0,12.351263999938965,62.23827266693115,2454.51513671875,8539.044189453125,0.0,0.0,0.0,0.0,4.46826171875,19.774445295333862,8,4920,4.0,84.00001525878906,0.0,2.0,1.0,0.0,3.0,2.0,12.076045989990234,1192.608642578125,0.0,0.0,1.418874979019165,11,5208,145.0,0.0,0.0,0.0,1.0,1.0,3.0,1.0,7.282700538635254,1482.47607421875,0.0,0.0,6.376158714294434,9,5090,148.0,0.0,0.0,0.0,0.0,0.0,6.0,6.0,12.310481071472168,1872.74169921875,0.0,0.0,3.0579614639282227,8,3346,28.0,0.0,0.0,0.0,0.0,0.0,12.0,1.0,18.21778106689453,1536.70263671875,0.0,0.0,4.453188419342041,4,2,4,25070,0,1,0,0,2,4,2,23689,0,1,0,0,18,15067,293.0,984.0,11.999998092651367,299.9999294281006,0.0,63.9999942779541,6.0,19.0,3.0,10.0,6.0,46.0,16.0,148.0,4.0,55.0,33.58803939819336,334.3008689880371,26876.76953125,103497.29052734375,7140.97216796875,18956.818237304688,0.0,0.0,10.107792854309082,101.31182193756104,16,12720,14.0,180.7999267578125,20.799997329711914,1.0,3.0,12.0,14.0,11.0,55.31682586669922,9703.9775390625,1963.896240234375,0.0,26.694082260131836,18,16923,318.0,48.79999923706055,24.799999237060547,8.0,2.0,6.0,14.0,10.0,56.862953186035156,31101.23046875,5393.90087890625,0.0,30.803646087646484,17,18122,346.0,58.40000534057617,18.39999771118164,4.0,0.0,8.0,16.0,20.0,67.5546875,28465.103515625,4058.77099609375,0.0,6.389884948730469,15,8427,13.0,0.0,0.0,0.0,2.0,14.0,88.0,10.0,120.97836303710938,7350.20947265625,399.2779541015625,0.0,27.316415786743164,17,13504,287.0,1008.0,16.0,176.0000228881836,0.0,0.0,2.0,10.0,5.0,19.0,4.0,22.0,13.0,108.0,15.0,67.0,43.53352737426758,258.7606086730957,15318.3271484375,71722.33056640625,2024.3536376953125,7714.723037719727,0.0,0.0,15.48588752746582,91.97367477416992,14,9920,28.0,132.4000244140625,0.0,3.0,4.0,2.0,11.0,13.0,46.595638275146484,6217.556640625,0.0,0.0,7.992849349975586,17,13511,292.0,8.0,0.0,3.0,4.0,6.0,15.0,12.0,34.88666534423828,24934.806640625,240.26466369628906,0.0,46.090030670166016,15,15187,360.0,19.599998474121094,0.0,2.0,4.0,4.0,16.0,20.0,49.149288177490234,18756.732421875,4844.1904296875,0.0,10.100301742553711,14,7930,41.0,0.0,0.0,0.0,2.0,6.0,53.0,7.0,84.59548950195312,6494.90771484375,605.914306640625,0.0,12.304605484008789,19,10,46,71259,1,3,0,8,10,19,22,60052,0,3,0,2
104366947889790212,108166997301178190,PCS Summer 2022,pcs_summer_2022,2022-06-23,2022-09-10,ESPORTSTMNT01:3095583,108166997302620193,2,Playoffs,playoffs,Playoffs,2022-08-20,1441,12.14.455.6722,100,3,200,107700211633200412,99566406490127625,Meta Falcon Team,J Team,200,MFT Taco,Gwen,MFT 665,Viego,MFT Hong2,Galio,MFT Whale,Kalista,MFT 1SSUE,Leona,JT Rock,Jax,JT Kongyue,Sejuani,JT Uniboy,Sylas,JT Lilv,Aphelios,JT Enso,Nautilus,100,3,200,100,1,1,0,0,0,0,0,5,1737,27.0,96.0,0.0,28.0,0.0,0.0,1.0,1.0,1.0,1.0,0.0,1.0,2.0,8.0,0.0,1.0,1.4712553024291992,11.217586040496826,1307.5692138671875,2972.9725799560547,0.0,0.0,0.0,0.0,0.0,3.8770791888237,4,1791,3.0,28.0,0.0,0.0,0.0,1.0,1.0,0.0,3.4109153747558594,444.97125244140625,0.0,0.0,0.4656982421875,5,1556,33.0,0.0,0.0,0.0,0.0,0.0,2.0,0.0,1.5244845151901245,732.9631958007812,0.0,0.0,0.0,3,1419,27.0,0.0,0.0,0.0,0.0,0.0,2.0,1.0,2.870645046234131,352.978759765625,0.0,0.0,0.71075838804245,3,1100,6.0,0.0,0.0,0.0,0.0,0.0,1.0,0.0,1.9402858018875122,134.4901580810547,0.0,0.0,2.70062255859375,4,1599,26.0,114.0,0.0,23.999998092651367,0.0,0.0,0.0,1.0,1.0,1.0,1.0,1.0,1.0,9.0,0.0,0.0,1.455863118171692,7.245759576559067,1135.999755859375,3369.987579345703,0.0,0.0,0.0,0.0,3.0193939208984375,12.643930912017822,4,1888,0.0,23.999998092651367,0.0,1.0,0.0,0.0,3.0,0.0,1.9610488414764404,679.4312744140625,0.0,0.0,2.480713129043579,5,1696,41.0,0.0,0.0,0.0,0.0,0.0,2.0,0.0,1.50010347366333,234.9835205078125,0.0,0.0,1.3301631212234497,4,1675,40.0,0.0,0.0,0.0,0.0,0.0,2.0,0.0,0.3333333432674408,1058.3177490234375,0.0,0.0,1.6553593873977661,4,1146,7.0,0.0,0.0,0.0,0.0,0.0,1.0,0.0,1.9954107999801636,261.2552795410156,0.0,0.0,4.15830135345459,1,1,1,7603,0,0,0,0,1,1,1,8004,0,0,0,0,7,3575,64.0,254.0,0.0,68.0,0.0,4.0,2.0,2.0,2.0,2.0,0.0,2.0,4.0,18.0,1.0,4.0,4.463014602661133,32.93326282501221,2708.96728515625,5328.377502441406,915.9566040039062,915.9566040039062,0.0,0.0,0.6819029450416565,7.9589149951934814,7,3464,4.0,68.0,4.0,0.0,0.0,1.0,3.0,1.0,7.703597068786621,444.97125244140625,0.0,0.0,0.4656982421875,8,3306,89.0,0.0,0.0,0.0,0.0,0.0,3.0,0.0,4.864745140075684,1403.726806640625,0.0,0.0,0.967926025390625,7,3237,81.0,0.0,0.0,0.0,0.0,0.0,4.0,1.0,8.871426582336426,412.71368408203125,0.0,0.0,0.71075838804245,6,2271,16.0,0.0,0.0,0.0,0.0,1.0,4.0,1.0,7.030479431152344,357.99847412109375,0.0,0.0,5.13262939453125,8,4087,82.0,276.0,0.0,60.00001525878906,0.0,2.0,1.0,2.0,1.0,2.0,1.0,3.0,3.0,16.0,0.0,2.0,4.246809005737305,25.263798713684082,2223.929443359375,6428.969024658203,761.4959716796875,1483.753677368164,0.0,0.0,3.9863128662109375,19.648898601531982,6,3377,2.0,54.00001525878906,0.0,1.0,0.0,1.0,3.0,1.0,7.7872161865234375,835.7821044921875,0.0,0.0,3.483032464981079,9,3714,98.0,2.0,2.0,0.0,0.0,1.0,3.0,0.0,5.120784282684326,869.2611694335938,186.6804962158203,0.0,2.841003656387329,6,3328,80.0,4.0,0.0,0.0,1.0,0.0,3.0,1.0,4.844403266906738,2077.692138671875,535.5772094726562,0.0,2.6889286041259766,6,2062,14.0,0.0,0.0,0.0,0.0,0.0,4.0,0.0,3.2645859718322754,422.3041687011719,0.0,0.0,6.64962100982666,2,2,2,15853,0,1,0,0,2,2,3,16568,0,0,0,0,10,5696,118.0,408.0,0.0,80.25000762939453,0.0,4.0,2.0,3.0,2.0,4.0,0.0,3.0,5.0,30.0,2.0,15.0,7.631346225738525,76.14738702774048,3684.53125,12131.039489746094,2324.53125,4534.520446777344,0.0,0.0,0.6819029450416565,18.85975331068039,8,5240,9.0,80.25000762939453,4.0,1.0,0.0,1.0,3.0,5.0,18.5140380859375,2558.382568359375,0.0,0.0,3.2517502307891846,11,5320,136.0,0.0,0.0,0.0,0.0,0.0,4.0,1.0,8.164745330810547,3725.909912109375,1238.548828125,0.0,6.12896728515625,8,4976,120.0,0.0,0.0,0.0,1.0,0.0,6.0,3.0,16.715641021728516,1303.0040283203125,971.4403686523438,0.0,0.9704879522323608,7,3540,25.0,0.0,0.0,0.0,1.0,2.0,12.0,4.0,25.12161636352539,859.2117309570312,0.0,0.0,7.8266448974609375,10,6494,114.0,418.0,15.0,99.50001525878906,11.0,15.0,3.0,4.0,1.0,3.0,1.0,8.0,5.0,36.0,2.0,8.0,8.036273956298828,62.898237228393555,4113.41748046875,14692.60595703125,966.79150390625,3210.2554473876953,0.0,0.0,6.8466644287109375,44.019675493240356,9,4752,7.0,76.00001525878906,0.0,1.0,0.0,3.0,5.0,1.0,12.855935096740723,2606.745849609375,0.0,0.0,8.733718872070312,11,5475,150.0,4.0,4.0,0.0,0.0,2.0,6.0,0.0,11.45905876159668,2991.398193359375,186.6804962158203,0.0,9.445120811462402,8,5292,127.0,4.0,0.0,0.0,2.0,1.0,6.0,3.0,9.999625205993652,3624.34814453125,2056.783447265625,0.0,2.838859796524048,7,3119,20.0,0.5,0.0,0.0,0.0,1.0,14.0,2.0,20.547344207763672,1356.6962890625,0.0,0.0,16.155311584472656,3,4,3,24772,0,1,0,1,4,3,8,25132,0,1,0,0,13,9175,168.0,561.0,0.0,95.2500228881836,0.0,4.0,4.0,7.0,6.0,24.0,1.0,14.0,11.0,56.0,2.0,27.0,23.220630645751953,152.4664421081543,11094.7412109375,37553.5615234375,4172.392578125,6382.381774902344,0.0,0.0,4.122259140014648,62.107197761535645,11,8687,17.0,93.7500228881836,4.0,3.0,4.0,2.0,6.0,8.0,29.138336181640625,7124.54345703125,0.0,0.0,12.76883316040039,13,7546,174.0,0.5,0.0,0.0,5.0,3.0,4.0,2.0,15.096492767333984,9388.9697265625,1238.548828125,0.0,19.231109619140625,11,7829,174.0,1.0,0.0,0.0,4.0,3.0,12.0,11.0,38.076072692871094,7156.83935546875,971.4403686523438,0.0,7.1339521408081055,10,5228,28.0,0.0,0.0,0.0,5.0,5.0,23.0,4.0,46.93490982055664,2788.4677734375,0.0,0.0,18.851043701171875,14,12322,172.0,606.0,27.0,179.5000286102295,19.0,43.0,6.0,24.0,3.0,7.0,12.0,67.0,7.0,66.0,5.0,24.0,20.31678581237793,150.49067306518555,17033.78125,62978.39990234375,3081.3291015625,15271.507308959961,0.0,0.0,19.504196166992188,132.16545581817627,13,8727,15.0,101.60002899169922,4.0,3.0,1.0,16.0,10.0,3.0,26.668254852294922,8529.7138671875,134.6598663330078,0.0,25.129159927368164,15,11588,206.0,20.0,16.0,6.0,0.0,13.0,9.0,4.0,23.108137130737305,13078.40234375,3800.794921875,0.0,32.45460891723633,14,12335,187.0,30.399999618530273,4.0,8.0,3.0,9.0,10.0,9.0,31.95010757446289,20228.095703125,7897.0478515625,0.0,9.146483421325684,12,6826,26.0,0.5,0.0,1.0,0.0,17.0,30.0,3.0,48.4473876953125,4108.40673828125,357.6755676269531,0.0,45.931007385253906,7,24,14,38465,0,1,0,2,24,7,67,51798,2,2,1,8
104366947889790212,108166997301178190,PCS Summer 2022,pcs_summer_2022,2022-06-23,2022-09-10,ESPORTSTMNT01:3095587,108166997302620194,3,Playoffs,playoffs,Playoffs,2022-08-20,1537,12.14.455.6722,100,3,100,99566406490127625,107700211633200412,J Team,Meta Falcon Team,100,JT Rock,Gwen,JT Kongyue,Pantheon,JT Uniboy,Sylas,JT Lilv,Samira,JT Enso,Nautilus,MFT Taco,Camille,MFT 665,Viego,MFT Wen,Ahri,MFT Whale,Aphelios,MFT 1SSUE,Braum,100,3,0,100,2,0,0,0,0,0,0,5,1740,36.0,124.0,0.0,23.749998092651367,0.0,0.0,0.0,1.0,0.0,0.0,1.0,1.0,1.0,7.0,0.0,0.0,1.6485674381256104,9.49044418334961,652.8587646484375,3137.1504516601562,0.0,0.0,0.0,0.0,0.0,9.64976716041565,4,1930,2.0,23.749998092651367,0.0,1.0,0.0,0.0,1.0,0.0,2.5355064868927,728.022216796875,0.0,0.0,2.342313528060913,5,1646,37.0,0.0,0.0,0.0,0.0,0.0,2.0,0.0,1.8592250347137451,300.8499755859375,0.0,0.0,0.0,4,1724,43.0,0.0,0.0,0.0,0.0,0.0,2.0,0.0,1.4783942699432373,867.0946655273438,0.0,0.0,1.430816650390625,4,1090,6.0,0.0,0.0,0.0,0.0,0.0,1.0,0.0,1.9687509536743164,588.3248291015625,0.0,0.0,5.876636981964111,4,1346,24.0,112.0,0.0,27.999998092651367,0.0,0.0,0.0,0.0,1.0,1.0,0.0,0.0,2.0,10.0,0.0,1.0,0.0,9.111132383346558,472.40081787109375,3750.2354431152344,0.0,0.0,0.0,0.0,0.6197910308837891,7.688446044921875,4,1511,0.0,27.999998092651367,0.0,0.0,0.0,0.0,1.0,0.0,3.2299187183380127,120.918212890625,0.0,0.0,0.9365234375,5,1727,43.0,0.0,0.0,0.0,0.0,0.0,4.0,1.0,3.0041372776031494,1196.9046630859375,0.0,0.0,1.570098876953125,4,1654,38.0,0.0,0.0,0.0,0.0,0.0,2.0,0.0,1.4394359588623047,1583.178955078125,0.0,0.0,2.1718437671661377,4,1153,7.0,0.0,0.0,0.0,0.0,0.0,1.0,0.0,1.4376404285430908,376.8327941894531,0.0,0.0,2.3901889324188232,1,0,1,8130,0,0,0,0,0,1,0,7391,0,0,0,0,8,3190,77.0,277.0,4.0,43.750003814697266,0.0,0.0,0.0,7.0,0.0,2.0,1.0,13.0,4.0,17.0,0.0,5.0,4.055696487426758,28.631752014160156,1027.846435546875,10877.697509765625,99.58695983886719,1030.0211639404297,0.0,0.0,0.0,20.33018922805786,7,4706,8.0,39.750003814697266,0.0,5.0,0.0,2.0,2.0,2.0,7.654446601867676,3185.717041015625,0.0,0.0,4.359320163726807,8,3254,85.0,0.0,0.0,0.0,0.0,0.0,2.0,0.0,3.1925582885742188,1096.2802734375,0.0,0.0,0.9533510208129883,7,4872,94.0,0.0,0.0,2.0,1.0,4.0,6.0,1.0,7.797423362731934,4135.83740234375,930.4342041015625,0.0,2.002960205078125,6,2480,13.0,0.0,0.0,0.0,1.0,6.0,3.0,2.0,5.93162727355957,1432.016357421875,0.0,0.0,13.014557838439941,8,3075,76.0,268.0,0.0,60.000003814697266,0.0,0.0,0.0,2.0,1.0,7.0,0.0,2.0,5.0,23.0,0.0,5.0,9.313331604003906,35.82874059677124,1226.437744140625,8607.975708007812,0.0,505.8165283203125,0.0,0.0,1.8197829723358154,19.374494314193726,7,3544,6.0,56.000003814697266,0.0,2.0,1.0,0.0,3.0,0.0,6.961964130401611,950.515625,0.0,0.0,1.409531831741333,8,3535,90.0,4.0,0.0,0.0,0.0,0.0,7.0,4.0,11.054804801940918,2088.82421875,505.8165283203125,0.0,4.37969970703125,6,3257,81.0,0.0,0.0,0.0,3.0,1.0,5.0,1.0,4.611639499664307,2442.076904296875,0.0,0.0,2.409916639328003,6,2172,15.0,0.0,0.0,0.0,2.0,1.0,3.0,0.0,3.887000560760498,1900.1212158203125,0.0,0.0,9.355563163757324,7,2,13,18502,0,0,0,0,2,7,2,15583,0,0,0,0,10,5113,122.0,444.0,4.0,71.75002670288086,0.0,8.0,1.0,11.0,0.0,3.0,3.0,25.0,7.0,36.0,0.0,11.0,11.141836166381836,65.29876661300659,3253.294677734375,17384.49560546875,99.58695983886719,3096.9898529052734,0.0,0.0,1.0582904815673828,31.053804755210876,9,6600,11.0,63.75002670288086,8.0,5.0,0.0,6.0,3.0,4.0,14.699569702148438,4975.88134765625,449.29034423828125,0.0,6.524746417999268,11,5565,137.0,4.0,0.0,0.0,0.0,1.0,2.0,0.0,6.850891590118408,1624.6943359375,1158.606201171875,0.0,1.8312147855758667,9,8223,152.0,0.0,0.0,5.0,2.0,5.0,13.0,5.0,20.287439346313477,5721.91650390625,1389.50634765625,0.0,2.677215576171875,8,3812,22.0,0.0,0.0,0.0,1.0,10.0,11.0,2.0,12.319029808044434,1808.708740234375,0.0,0.0,18.962337493896484,10,4972,125.0,430.0,4.0,96.0,0.0,12.0,0.0,3.0,1.0,11.0,0.0,5.0,8.0,38.0,0.0,12.0,15.355520248413086,72.17350006103516,1506.5399169921875,12973.267822265625,606.4713134765625,2141.555419921875,0.0,0.0,2.1742148399353027,30.179739475250244,9,5159,11.0,88.0,12.0,2.0,2.0,1.0,4.0,1.0,12.274425506591797,1623.3648681640625,0.0,0.0,3.1058847904205322,11,6061,146.0,4.0,0.0,1.0,0.0,0.0,11.0,7.0,23.65117835998535,3633.035400390625,1535.0841064453125,0.0,5.928955078125,8,4835,124.0,0.0,0.0,0.0,4.0,2.0,7.0,2.0,6.288586616516113,3378.648193359375,0.0,0.0,3.444401502609253,7,3251,24.0,0.0,0.0,0.0,4.0,2.0,8.0,2.0,14.603789329528809,2831.679443359375,0.0,0.0,15.526283264160156,11,3,25,29313,0,1,0,1,3,11,5,24278,0,0,0,0,14,9792,200.0,727.0,8.399999618530273,140.4000301361084,4.0,26.5,1.0,23.0,1.0,8.0,13.0,62.0,12.0,74.0,3.0,26.0,25.334014892578125,171.99081230163574,8270.55859375,50814.3662109375,6996.2490234375,25864.232360839844,0.0,0.0,3.48301100730896,68.11224722862244,13,10961,34.0,99.00003051757812,13.5,7.0,3.0,12.0,6.0,5.0,25.623546600341797,9467.4228515625,449.29034423828125,0.0,9.911075592041016,15,11469,209.0,20.0,0.0,3.0,0.0,9.0,3.0,2.0,14.165533065795898,12461.6572265625,5419.89111328125,0.0,13.078187942504883,14,15834,254.0,12.0,8.0,11.0,3.0,10.0,23.0,9.0,54.00910949707031,16392.330078125,12287.2734375,0.0,6.597198486328125,11,7122,30.0,1.0,1.0,1.0,1.0,18.0,30.0,7.0,52.85860824584961,4222.3974609375,711.5284423828125,0.0,35.04277420043945,14,8251,193.0,678.0,4.0,139.85000848770142,0.0,17.09999990463257,0.0,8.0,4.0,23.0,3.0,14.0,10.0,64.0,1.0,25.0,22.240415573120117,146.82214736938477,8751.4873046875,39873.99755859375,848.719970703125,2533.61474609375,0.0,0.0,7.624434471130371,66.40741682052612,12,7746,18.0,115.50000762939453,13.5,3.0,5.0,3.0,7.0,3.0,23.035980224609375,4274.22998046875,0.0,0.0,6.257631301879883,14,10826,220.0,14.350000381469727,3.5999999046325684,4.0,2.0,0.0,12.0,7.0,30.87506675720215,11425.9716796875,1684.894775390625,0.0,17.831636428833008,12,8756,212.0,6.000000476837158,0.0,1.0,6.0,3.0,9.0,9.0,21.740535736083984,9942.4443359375,0.0,0.0,6.413549900054932,11,5440,35.0,0.0,0.0,0.0,6.0,5.0,26.0,5.0,48.93014907836914,5479.8642578125,0.0,0.0,28.28016471862793,23,8,62,55178,2,2,0,10,8,23,14,41019,0,0,0,0
104366947889790212,108166997301178190,PCS Summer 2022,pcs_summer_2022,2022-06-23,2022-09-10,ESPORTSTMNT01:3095724,108166997302620198,1,Playoffs,playoffs,Playoffs,2022-08-21,1520,12.14.455.6722,100,3,100,107760667929003738,106269859169658575,Frank Esports,Impunity Esports,100,FAK YSKM,Jax,FAK Holo,Trundle,FAK Pretender,Viktor,FAK MnM,Kalista,FAK Keres,Amumu,IMP Jackpot,Sejuani,IMP Alex,MonkeyKing,IMP Apex,Azir,IMP Anex,Varus,IMP Yusin,Leona,100,6,100,100,1,1,1,100,4,0,0,5,1395,24.0,97.0,0.0,27.999998092651367,0.0,0.0,0.0,0.0,0.0,0.0,0.0,0.0,1.0,8.0,0.0,2.0,0.3333333432674408,9.614220589399338,1295.59423828125,2670.552536010742,0.0,0.0,0.0,0.0,5.8217315673828125,7.3002800941467285,4,1524,0.0,27.999998092651367,0.0,0.0,0.0,0.0,2.0,0.0,1.5120121240615845,87.46257019042969,0.0,0.0,0.7691934108734131,5,1570,34.0,0.0,0.0,0.0,0.0,0.0,2.0,0.0,1.483506679534912,926.4302368164062,0.0,0.0,0.0,4,1562,34.0,0.0,0.0,0.0,0.0,0.0,1.0,2.0,3.6124696731567383,361.06549072265625,0.0,0.0,0.7093551158905029,3,1131,5.0,0.0,0.0,0.0,0.0,0.0,2.0,0.0,2.672898769378662,0.0,0.0,0.0,0.0,5,1479,29.0,97.0,0.0,24.0,0.0,0.0,0.0,0.0,0.0,0.0,0.0,0.0,1.0,10.0,0.0,1.0,1.555835247039795,7.168414324522018,905.1798706054688,1847.1558380126953,0.0,0.0,0.0,0.0,2.6223068237304688,4.877250701189041,4,1490,1.0,24.0,0.0,0.0,0.0,0.0,2.0,1.0,3.116885185241699,138.11940002441406,0.0,0.0,0.4466974437236786,5,1598,36.0,0.0,0.0,0.0,0.0,0.0,2.0,0.0,1.5246745347976685,531.9367065429688,0.0,0.0,0.5466251969337463,3,1409,27.0,0.0,0.0,0.0,0.0,0.0,2.0,0.0,0.4751221835613251,271.91986083984375,0.0,0.0,1.2616212368011475,3,1048,4.0,0.0,0.0,0.0,0.0,0.0,3.0,0.0,0.49589717388153076,0.0,0.0,0.0,0.0,0,0,0,7182,0,0,0,0,0,0,0,7024,0,0,0,0,8,2966,64.0,269.0,0.0,60.0,0.0,4.0,0.0,1.0,0.0,0.0,0.0,2.0,3.0,17.0,0.0,8.0,1.8933919668197632,32.650328516960144,2238.325439453125,6762.2275390625,890.7138671875,890.7138671875,0.0,0.0,5.8217315673828125,17.688497334718704,7,3034,4.0,56.0,4.0,0.0,0.0,1.0,3.0,2.0,9.503211975097656,443.51031494140625,0.0,0.0,4.235912799835205,8,3521,98.0,4.0,0.0,0.0,0.0,0.0,4.0,1.0,4.542357921600342,2217.41259765625,0.0,0.0,0.3582269251346588,7,3525,88.0,0.0,0.0,0.0,0.0,1.0,3.0,4.0,8.036142349243164,1072.59130859375,0.0,0.0,1.776556134223938,6,2672,15.0,0.0,0.0,1.0,0.0,0.0,4.0,1.0,8.675224304199219,790.3878784179688,0.0,0.0,5.49606990814209,8,3347,84.0,264.0,0.0,50.00000762939453,0.0,0.0,0.0,0.0,0.0,1.0,0.0,0.0,3.0,18.0,0.0,2.0,3.173686981201172,24.9347026348114,2428.37548828125,6632.576530456543,733.4544677734375,733.4544677734375,0.0,0.0,5.392515182495117,13.34198796749115,6,2722,1.0,50.00000762939453,0.0,0.0,1.0,0.0,3.0,1.0,8.773832321166992,834.3483276367188,0.0,0.0,2.283672571182251,8,3187,84.0,0.0,0.0,0.0,0.0,0.0,4.0,0.0,3.6615216732025146,1633.0557861328125,0.0,0.0,1.3730486631393433,6,3103,80.0,0.0,0.0,0.0,0.0,0.0,3.0,0.0,2.7848572731018066,1618.34521484375,0.0,0.0,2.019213914871216,6,2088,15.0,0.0,0.0,0.0,0.0,0.0,5.0,1.0,6.540804386138916,118.45171356201172,0.0,0.0,2.2735376358032227,1,0,2,15718,0,1,0,0,0,1,0,14447,0,0,0,0,10,5078,119.0,439.0,4.0,98.75000762939453,0.0,15.0,0.0,4.0,0.0,1.0,0.0,9.0,4.0,35.0,0.0,18.0,5.036974906921387,81.89919090270996,3093.443359375,16364.787475585938,1839.6417236328125,4278.8350830078125,0.0,0.0,6.9630279541015625,33.918436765670776,9,5110,10.0,82.75000762939453,11.0,0.0,0.0,4.0,4.0,4.0,20.960575103759766,2221.748779296875,0.0,0.0,11.790276527404785,10,5470,148.0,8.0,0.0,0.0,0.0,3.0,7.0,2.0,13.467015266418457,6759.0380859375,0.0,0.0,3.3497884273529053,9,7036,138.0,4.0,4.0,3.0,0.0,1.0,6.0,8.0,17.381452560424805,2989.636474609375,2439.193359375,0.0,2.350139617919922,8,3847,24.0,0.0,0.0,1.0,1.0,1.0,14.0,4.0,25.053173065185547,1300.9207763671875,0.0,0.0,9.465204238891602,11,5444,137.0,412.0,0.0,79.0000228881836,0.0,0.0,0.0,1.0,0.0,4.0,0.0,3.0,6.0,38.0,0.0,9.0,6.738889217376709,59.72421407699585,4540.25390625,15860.569213867188,1628.1778564453125,1628.1778564453125,0.0,0.0,8.76393985748291,29.581165552139282,8,4154,1.0,79.0000228881836,0.0,0.0,2.0,1.0,5.0,1.0,10.967081069946289,1929.8406982421875,0.0,0.0,3.7679083347320557,10,4907,137.0,0.0,0.0,0.0,1.0,1.0,6.0,1.0,10.55491828918457,4818.427734375,0.0,0.0,4.099976539611816,8,4661,113.0,0.0,0.0,1.0,0.0,0.0,6.0,2.0,9.573553085327148,4033.063232421875,0.0,0.0,5.167002201080322,7,3140,24.0,0.0,0.0,0.0,1.0,1.0,15.0,5.0,21.889772415161133,538.983642578125,0.0,0.0,7.782338619232178,4,1,9,26541,0,2,0,1,1,4,3,22306,0,0,0,0,15,10181,203.0,726.0,9.5,166.25001335144043,4.0,29.0,2.0,16.0,0.0,2.0,6.0,51.0,10.0,77.0,5.0,46.0,23.23159408569336,229.67995834350586,8396.4716796875,48403.3623046875,6421.0986328125,20963.64971923828,0.0,0.0,11.460464477539062,85.76259136199951,13,9642,24.0,120.75001525878906,21.0,1.0,0.0,15.0,8.0,10.0,49.71879196166992,7265.58349609375,2970.99755859375,0.0,22.063371658325195,15,11434,240.0,12.0,0.0,4.0,0.0,9.0,11.0,6.0,38.45563888549805,19028.740234375,4033.54052734375,0.0,12.52284049987793,14,14084,225.0,23.999998092651367,4.0,8.0,1.0,8.0,11.0,18.0,50.13304138183594,8553.1630859375,7241.02294921875,0.0,10.045231819152832,11,6959,34.0,0.0,0.0,1.0,1.0,13.0,37.0,7.0,68.1408920288086,5159.40380859375,296.99005126953125,0.0,29.670682907104492,13,9139,192.0,629.0,4.0,129.0000400543213,0.0,0.0,1.0,2.0,3.0,16.0,0.0,7.0,8.0,76.0,5.0,21.0,31.52057456970215,140.988618850708,9909.896484375,32734.087890625,1628.1778564453125,2564.8418579101562,0.0,0.0,16.92725372314453,74.18457651138306,11,6748,17.0,105.90003967285156,0.0,0.0,4.0,2.0,7.0,3.0,21.475452423095703,4325.72998046875,0.0,0.0,9.361351013183594,13,8731,214.0,9.0,0.0,0.0,3.0,2.0,12.0,3.0,20.310646057128906,8721.8603515625,936.6640014648438,0.0,7.581131458282471,11,7739,176.0,10.100000381469727,0.0,1.0,2.0,1.0,9.0,4.0,19.98944854736328,7746.15673828125,0.0,0.0,21.384796142578125,10,5126,30.0,0.0,0.0,0.0,4.0,2.0,40.0,6.0,47.69249725341797,2030.4443359375,0.0,0.0,18.930044174194336,16,2,51,52300,2,4,1,9,2,16,7,37483,0,0,0,1
104366947889790212,108166997301178190,PCS Summer 2022,pcs_summer_2022,2022-06-23,2022-09-10,ESPORTSTMNT01:3095727,108166997302620199,2,Playoffs,playoffs,Playoffs,2022-08-21,1642,12.14.455.6722,100,1,200,106269859169658575,107760667929003738,Impunity Esports,Frank Esports,200,IMP Jackpot,Kennen,IMP Alex,Vi,IMP Husky,Yone,IMP Anex,Kalista,IMP Yusin,Amumu,FAK YSKM,Camille,FAK Holo,MonkeyKing,FAK Pretender,Akali,FAK MnM,Aphelios,FAK Keres,Renata,200,5,200,100,2,0,1,200,4,0,0,4,1160,16.0,96.0,0.0,27.999998092651367,0.0,0.0,0.0,1.0,1.0,2.0,0.0,2.0,2.0,7.0,0.0,4.0,1.7284072637557983,11.987009286880493,2684.202880859375,6074.186721801758,0.0,162.19839477539062,0.0,0.0,4.607391357421875,11.053991422057152,4,1670,1.0,27.999998092651367,0.0,0.0,0.0,1.0,2.0,1.0,2.4208240509033203,143.0272979736328,65.38695526123047,0.0,0.2153014987707138,5,1626,36.0,0.0,0.0,0.0,0.0,0.0,1.0,0.0,1.5199366807937622,1477.7796630859375,0.0,0.0,1.7588043212890625,4,1960,34.0,0.0,0.0,1.0,0.0,0.0,2.0,0.0,1.9345080852508545,1311.7633056640625,96.81143951416016,0.0,1.3659006357192993,3,1230,9.0,0.0,0.0,0.0,1.0,1.0,0.0,3.0,4.383333206176758,457.41357421875,0.0,0.0,3.106593608856201,5,1338,18.0,79.0,0.0,27.999998092651367,0.0,0.0,0.0,2.0,0.0,1.0,1.0,2.0,2.0,9.0,0.0,0.0,1.432532787322998,5.672289460897446,2462.4892578125,6804.495429992676,0.0,0.0,0.0,0.0,5.5075507164001465,17.565959215164185,4,1885,0.0,27.999998092651367,0.0,1.0,0.0,0.0,2.0,0.0,1.8158776760101318,60.17548370361328,0.0,0.0,0.0,5,1549,33.0,0.0,0.0,0.0,0.0,0.0,1.0,0.0,0.0,608.39599609375,0.0,0.0,0.4309728145599365,3,1598,26.0,0.0,0.0,0.0,1.0,1.0,2.0,0.0,0.3333333432674408,2555.834716796875,0.0,0.0,6.792973518371582,4,1636,2.0,0.0,0.0,1.0,0.0,0.0,2.0,0.0,2.090545654296875,1117.5999755859375,0.0,0.0,4.8344621658325195,1,2,2,7646,0,0,0,0,2,1,2,8006,0,0,0,0,6,2674,38.0,226.0,0.0,56.00001525878906,0.0,0.0,0.0,2.0,2.0,3.0,1.0,4.0,3.0,19.0,0.0,9.0,3.494976043701172,33.57673645019531,4248.3662109375,10537.450134277344,545.9513549804688,1704.2554092407227,0.0,0.0,9.508087158203125,25.658880352973938,7,3628,9.0,56.00001525878906,0.0,0.0,0.0,2.0,3.0,2.0,9.292818069458008,1254.23974609375,303.21466064453125,0.0,4.581207275390625,8,3564,83.0,0.0,0.0,1.0,0.0,0.0,4.0,0.0,1.8532700538635254,2675.570068359375,0.0,0.0,3.9246978759765625,6,3918,78.0,0.0,0.0,1.0,0.0,0.0,4.0,1.0,7.42246675491333,1387.4188232421875,795.3701782226562,0.0,1.3659006357192993,5,2490,18.0,0.0,0.0,0.0,1.0,1.0,5.0,6.0,11.513205528259277,971.8552856445312,59.719215393066406,0.0,6.278987407684326,7,2394,41.0,226.0,0.0,60.0,0.0,5.5,0.0,3.0,1.0,2.0,1.0,3.0,4.0,22.0,0.0,5.0,5.975649833679199,30.557146072387695,3440.93359375,10170.31103515625,0.0,3607.8301010131836,0.0,0.0,9.489811897277832,28.00423949956894,7,3500,3.0,60.0,5.5,1.0,0.0,1.0,2.0,1.0,6.933719635009766,1009.0701904296875,0.0,0.0,1.1700133085250854,8,3531,93.0,0.0,0.0,0.0,0.0,0.0,5.0,1.0,7.430568695068359,1245.17431640625,790.0025024414062,0.0,0.8669305443763733,7,3885,82.0,0.0,0.0,0.0,1.0,1.0,4.0,1.0,3.649261951446533,2607.1572265625,2728.57373046875,0.0,6.792973518371582,5,3127,7.0,0.0,0.0,2.0,0.0,0.0,7.0,2.0,6.567945957183838,1867.9757080078125,89.25386810302734,0.0,9.684510231018066,2,3,4,16274,0,0,0,1,3,2,3,16437,0,1,0,0,9,4245,72.0,370.0,0.0,84.0000228881836,0.0,0.0,0.0,4.0,3.0,6.0,3.0,8.0,6.0,37.0,1.0,18.0,10.728276252746582,77.66759014129639,7836.3955078125,19738.73974609375,545.9513549804688,1704.2554092407227,0.0,0.0,16.422698974609375,50.1113805770874,9,5325,13.0,80.0000228881836,0.0,1.0,0.0,3.0,5.0,6.0,16.789262771606445,2849.15576171875,303.21466064453125,0.0,7.651580810546875,10,5173,129.0,0.0,0.0,1.0,0.0,0.0,5.0,0.0,11.64303207397461,4199.041015625,0.0,0.0,7.7592315673828125,8,6214,127.0,4.0,0.0,2.0,0.0,0.0,6.0,2.0,11.629444122314453,2735.882568359375,795.3701782226562,0.0,4.0323896408081055,7,3658,29.0,0.0,0.0,0.0,3.0,2.0,15.0,9.0,26.877574920654297,2118.264892578125,59.719215393066406,0.0,14.245479583740234,9,4228,77.0,355.0,0.0,96.00001525878906,0.0,7.0,1.0,6.0,2.0,4.0,2.0,12.0,7.0,44.0,0.0,12.0,7.5854411125183105,74.62865400314331,5258.48779296875,22874.865966796875,0.0,4233.744407653809,0.0,0.0,13.358296394348145,43.26560413837433,9,5153,7.0,87.75001525878906,7.0,1.0,0.0,4.0,4.0,3.0,16.851749420166016,4716.69384765625,0.0,0.0,6.5552167892456055,11,5455,134.0,4.0,0.0,1.0,0.0,2.0,5.0,2.0,11.737995147705078,5677.0361328125,790.0025024414062,0.0,1.2592555284500122,9,6708,127.0,4.25,0.0,1.0,1.0,2.0,10.0,4.0,12.249935150146484,4622.36767578125,3354.488037109375,0.0,7.830265998840332,7,4214,10.0,0.0,0.0,2.0,1.0,2.0,18.0,3.0,26.203533172607422,2600.280517578125,89.25386810302734,0.0,14.262569427490234,4,6,8,24615,0,0,0,1,6,4,12,25758,0,2,0,1,12,7104,128.0,638.0,0.0,163.74998784065247,0.0,4.0,0.0,7.0,8.0,22.0,5.0,17.0,12.0,86.0,6.0,46.0,30.117815017700195,180.09122467041016,13129.0673828125,41840.220947265625,545.9513549804688,1704.2554092407227,0.0,0.0,23.001922607421875,100.80880498886108,13,10105,24.0,148.54998779296875,4.0,3.0,2.0,4.0,11.0,10.0,32.4517707824707,7269.8251953125,303.21466064453125,0.0,20.195295333862305,13,8794,205.0,3.200000047683716,0.0,1.0,4.0,2.0,8.0,1.0,20.610071182250977,7991.8291015625,0.0,0.0,17.503982543945312,13,11474,240.0,12.0,0.0,3.0,2.0,2.0,10.0,12.0,35.572933197021484,9800.7822265625,795.3701782226562,0.0,6.81294584274292,10,5798,41.0,0.0,0.0,0.0,6.0,4.0,45.0,17.0,61.3386344909668,3648.717041015625,59.719215393066406,0.0,33.29465866088867,15,10886,162.0,666.0,8.0,196.00001525878906,0.0,26.999999046325684,5.0,22.0,4.0,7.0,9.0,46.0,15.0,107.0,3.0,48.0,26.826324462890625,238.7205467224121,15977.2001953125,63118.7841796875,7776.58203125,24916.02313232422,0.0,0.0,24.172517776489258,79.18137955665588,14,10110,29.0,138.95001220703125,18.19999885559082,2.0,0.0,13.0,8.0,13.0,45.740684509277344,10288.552734375,3590.1962890625,0.0,14.214557647705078,15,11034,232.0,12.0,4.0,4.0,1.0,2.0,9.0,4.0,22.235931396484375,9884.03125,2728.6474609375,0.0,1.3781931400299072,15,14367,219.0,37.05000305175781,4.800000190734863,7.0,1.0,7.0,31.0,13.0,61.34682083129883,22389.2734375,10314.349609375,0.0,17.710721969604492,12,9015,24.0,0.0,0.0,4.0,1.0,15.0,44.0,15.0,82.57078552246094,4579.7265625,506.24774169921875,0.0,21.70538902282715,7,22,17,43275,0,0,0,1,22,7,46,55412,1,4,1,9
104366947889790212,108166997301178190,PCS Summer 2022,pcs_summer_2022,2022-06-23,2022-09-10,ESPORTSTMNT01:3095730,108166997302620200,3,Playoffs,playoffs,Playoffs,2022-08-21,2563,12.14.455.6722,100,1,200,106269859169658575,107760667929003738,Impunity Esports,Frank Esports,100,IMP Jackpot,Renekton,IMP Alex,Vi,IMP Apex,Rumble,IMP Anex,Zeri,IMP Yusin,Nautilus,FAK YSKM,Camille,FAK Holo,MonkeyKing,FAK Pretender,Orianna,FAK MnM,Lucian,FAK Keres,Nami,100,6,100,100,2,0,0,0,0,0,0,5,1712,36.0,110.0,2.75,35.349998474121094,0.5,5.099999904632568,0.0,0.0,0.0,2.0,0.0,0.0,2.0,10.0,0.0,3.0,1.4571694135665894,8.465286612510681,1826.6490478515625,4989.645751953125,271.9107666015625,271.9107666015625,0.0,0.0,3.3582916259765625,16.793540000915527,4,1628,0.0,32.599998474121094,4.599999904632568,0.0,0.0,0.0,2.0,0.0,2.0109663009643555,0.0,0.0,0.0,0.0,5,1479,29.0,0.0,0.0,0.0,0.0,0.0,2.0,0.0,1.4431425333023071,775.2434692382812,0.0,0.0,1.9637017250061035,3,1551,35.0,0.0,0.0,0.0,1.0,0.0,2.0,2.0,1.1873759031295776,1454.7408447265625,0.0,0.0,0.7324557304382324,4,1198,10.0,0.0,0.0,0.0,1.0,0.0,2.0,1.0,2.3666324615478516,933.0123901367188,0.0,0.0,10.739090919494629,5,1472,27.0,94.0,0.0,20.399999618530273,0.0,0.0,0.0,2.0,0.0,0.0,0.0,3.0,2.0,11.0,0.0,2.0,1.519036054611206,9.28809180855751,1796.399169921875,5401.7830810546875,0.0,0.0,0.0,0.0,2.947936773300171,6.467102944850922,4,2097,0.0,20.399999618530273,0.0,2.0,0.0,0.0,3.0,0.0,1.2443249225616455,812.9694213867188,0.0,0.0,0.8075224757194519,5,1526,32.0,0.0,0.0,0.0,0.0,0.0,2.0,0.0,1.5009284019470215,866.168212890625,0.0,0.0,1.7198535203933716,4,1633,32.0,0.0,0.0,0.0,0.0,1.0,1.0,1.0,0.4166666567325592,1060.4935302734375,0.0,0.0,0.0,3,1624,3.0,0.0,0.0,0.0,0.0,2.0,3.0,1.0,4.607135772705078,865.7527465820312,0.0,0.0,0.9917901754379272,0,2,0,7568,0,0,0,0,2,0,3,8352,0,0,0,0,8,4097,81.0,259.0,2.75,71.85000610351562,0.5,9.099999904632568,0.0,0.0,0.0,4.0,0.0,0.0,4.0,18.0,1.0,10.0,3.963225841522217,31.728642463684082,3515.17822265625,9958.440795898438,2442.7099609375,2873.7123107910156,0.0,0.0,7.5552520751953125,29.55518126487732,7,3754,6.0,64.60000610351562,4.599999904632568,0.0,0.0,0.0,3.0,3.0,10.441446304321289,188.36767578125,0.0,0.0,0.76434326171875,8,3496,84.0,4.0,4.0,0.0,0.0,0.0,3.0,0.0,4.514337539672852,1322.4112548828125,431.0023498535156,0.0,2.9526143074035645,6,2899,72.0,0.5,0.0,0.0,2.0,0.0,3.0,4.0,4.471587657928467,2890.9501953125,0.0,0.0,1.8078892230987549,5,2015,16.0,0.0,0.0,0.0,2.0,0.0,5.0,2.0,8.338045120239258,2041.533447265625,0.0,0.0,16.475082397460938,8,2991,69.0,248.0,0.0,43.89999771118164,0.0,1.0,0.0,4.0,0.0,0.0,0.0,7.0,4.0,25.0,0.0,6.0,2.3890504837036133,33.3572359085083,4050.0556640625,13532.513916015625,0.0,2418.41845703125,0.0,0.0,7.201724052429199,19.851722478866577,6,3761,2.0,43.89999771118164,1.0,3.0,0.0,1.0,4.0,1.0,9.118799209594727,1475.8641357421875,0.0,0.0,1.4360015392303467,8,3182,82.0,0.0,0.0,0.0,0.0,0.0,4.0,0.0,5.16842794418335,1819.4468994140625,0.0,0.0,4.663942813873291,6,3917,90.0,0.0,0.0,0.0,0.0,3.0,4.0,3.0,6.683838367462158,3694.386474609375,1941.456298828125,0.0,0.0,6,3181,5.0,0.0,0.0,1.0,0.0,3.0,9.0,2.0,9.997119903564453,2492.7607421875,476.962158203125,0.0,6.55005407333374,0,4,0,16261,0,0,0,1,4,0,7,17032,0,0,0,0,11,5914,126.0,404.0,10.75,103.85002136230469,0.5,9.099999904632568,0.0,4.0,1.0,5.0,1.0,8.0,7.0,34.0,2.0,22.0,12.708237648010254,69.87481307983398,5436.69580078125,19309.259765625,2442.7099609375,5336.052764892578,0.0,0.0,9.329842567443848,46.79027795791626,9,5623,10.0,88.60002136230469,4.599999904632568,1.0,0.0,1.0,4.0,6.0,18.624343872070312,2088.65625,1367.9735107421875,0.0,5.631103515625,10,5746,119.0,4.0,4.0,2.0,0.0,1.0,6.0,0.0,8.215131759643555,3903.0986328125,431.0023498535156,0.0,5.265641212463379,8,5017,123.0,0.5,0.0,0.0,2.0,3.0,5.0,10.0,13.5310697555542,4761.478515625,1094.366943359375,0.0,3.250399112701416,7,3498,26.0,0.0,0.0,1.0,2.0,2.0,12.0,4.0,16.796030044555664,3119.33056640625,0.0,0.0,23.313291549682617,10,4538,100.0,388.0,0.0,72.4000015258789,0.0,1.5,1.0,5.0,1.0,4.0,0.0,9.0,7.0,44.0,0.0,11.0,9.562543869018555,76.15820598602295,5761.5810546875,19389.369873046875,0.0,2761.639205932617,0.0,0.0,10.809208869934082,28.25534749031067,8,5046,4.0,67.9000015258789,1.0,3.0,1.0,1.0,6.0,3.0,18.372106552124023,1522.29736328125,0.0,0.0,1.4360015392303467,11,5424,144.0,4.5,0.5,0.0,0.0,0.0,6.0,1.0,10.828916549682617,2460.629638671875,163.5498504638672,0.0,5.885244846343994,9,5722,133.0,0.0,0.0,0.0,1.0,4.0,6.0,3.0,8.508759498596191,5559.150390625,2082.552978515625,0.0,0.0,7,4408,7.0,0.0,0.0,1.0,1.0,4.0,19.0,4.0,28.885879516601562,4085.71142578125,515.536376953125,0.0,10.124892234802246,4,5,8,25798,0,1,0,1,5,4,9,25138,0,0,0,0,17,16558,245.0,869.0,22.749998092651367,321.69994163513184,0.5,45.20000076293945,6.0,27.0,8.0,29.0,6.0,48.0,10.0,138.0,7.0,80.0,29.335899353027344,346.7806816101074,30631.599609375,151867.458984375,7411.4931640625,20291.97833251953,0.0,0.0,31.57074737548828,176.50119590759277,17,14255,33.0,210.5999298095703,26.100000381469727,1.0,6.0,9.0,17.0,24.0,72.95732879638672,13074.4921875,1743.5428466796875,0.0,24.510906219482422,18,17191,237.0,8.0,4.0,10.0,2.0,8.0,19.0,5.0,35.55892562866211,43304.984375,3763.144775390625,0.0,19.180116653442383,18,20462,311.0,80.10001373291016,14.600000381469727,9.0,6.0,8.0,19.0,33.0,93.34407043457031,53881.3046875,7119.07373046875,0.0,18.66724395751953,16,10206,43.0,0.25,0.0,1.0,7.0,17.0,73.0,11.0,115.58445739746094,10975.078125,254.72381591796875,0.0,82.57218170166016,18,16360,263.0,920.0,23.799997329711914,219.8000202178955,5.000000476837158,6.500000476837158,7.0,29.0,5.0,27.0,6.0,78.0,20.0,176.0,7.0,56.0,69.49359893798828,372.2942810058594,31443.830078125,138410.6181640625,7083.1767578125,13095.156852722168,0.0,0.0,30.169071197509766,112.15477395057678,16,14468,31.0,122.30001831054688,1.0,5.0,6.0,20.0,14.0,19.0,68.00728607177734,19847.7890625,104.99285125732422,0.0,23.275392532348633,18,16643,297.0,36.100006103515625,0.5,4.0,6.0,15.0,18.0,4.0,45.04951858520508,24064.462890625,892.7933349609375,0.0,20.66546630859375,18,19621,313.0,33.599998474121094,0.0,9.0,6.0,15.0,19.0,14.0,56.9187126159668,48355.3359375,4426.15283203125,0.0,3.5728704929351807,16,11502,16.0,4.0,0.0,4.0,4.0,22.0,105.0,12.0,132.82516479492188,14699.2001953125,588.0410766601562,0.0,34.47197341918945,27,29,48,78672,2,3,1,10,29,27,78,78594,0,3,1,4
104366947889790212,108166997301178190,PCS Summer 2022,pcs_summer_2022,2022-06-23,2022-09-10,ESPORTSTMNT01:3095739,108166997302620201,4,Playoffs,playoffs,Playoffs,2022-08-21,2869,12.14.455.6722,200,1,200,107760667929003738,106269859169658575,Frank Esports,Impunity Esports,100,FAK YSKM,Gwen,FAK Holo,MonkeyKing,FAK Pretender,Azir,FAK MnM,Aphelios,FAK Keres,Nautilus,IMP Jackpot,Renekton,IMP Alex,Sejuani,IMP Apex,Rumble,IMP Anex,Zeri,IMP Yusin,Rakan,100,6,100,200,0,2,1,200,4,1,200,5,1451,27.0,105.0,0.0,27.999998092651367,0.0,0.0,0.0,0.0,1.0,1.0,0.0,0.0,2.0,8.0,0.0,0.0,1.509922742843628,7.336105704307556,2443.30810546875,4643.554260253906,0.0,0.0,0.0,0.0,0.0,6.845747768878937,4,1519,0.0,27.999998092651367,0.0,0.0,0.0,0.0,1.0,0.0,2.8731436729431152,69.7313232421875,0.0,0.0,0.0,5,1654,35.0,0.0,0.0,0.0,0.0,0.0,2.0,0.0,1.4392163753509521,1142.2333984375,0.0,0.0,0.8246427774429321,4,1655,36.0,0.0,0.0,0.0,0.0,0.0,1.0,0.0,0.0,675.00439453125,0.0,0.0,0.616527259349823,3,1146,7.0,0.0,0.0,0.0,0.0,0.0,2.0,0.0,1.5138229131698608,313.27703857421875,0.0,0.0,5.404577732086182,5,1906,29.0,104.0,0.0,23.999998092651367,0.0,0.0,1.0,1.0,0.0,0.0,0.0,0.0,1.0,7.0,0.0,0.0,1.5262540578842163,8.135940432548523,1523.063232421875,3127.600311279297,0.0,0.0,0.0,0.0,1.7371063232421875,6.42667281627655,4,1434,0.0,23.999998092651367,0.0,0.0,0.0,0.0,2.0,0.0,1.8808894157409668,322.0155944824219,0.0,0.0,2.2515523433685303,5,1647,38.0,0.0,0.0,0.0,0.0,0.0,2.0,0.0,1.6863279342651367,676.5048828125,0.0,0.0,1.36768639087677,4,1563,33.0,0.0,0.0,0.0,0.0,0.0,1.0,0.0,1.5412061214447021,353.6036682128906,0.0,0.0,0.0,3,1090,4.0,0.0,0.0,0.0,0.0,0.0,1.0,0.0,1.501262903213501,252.41293334960938,0.0,0.0,1.0703277587890625,0,1,0,7425,0,0,0,0,1,0,0,7640,0,0,0,0,7,2862,68.0,263.0,0.0,56.00000762939453,0.0,0.0,0.0,0.0,1.0,1.0,0.0,0.0,4.0,21.0,0.0,3.0,4.125084400177002,29.614573001861572,4197.0029296875,10888.158615112305,0.0,767.3804626464844,0.0,0.0,0.4850109815597534,19.276543974876404,6,2737,1.0,56.00000762939453,0.0,0.0,0.0,0.0,5.0,1.0,9.418197631835938,165.1428680419922,0.0,0.0,0.0,8,3376,86.0,0.0,0.0,0.0,0.0,0.0,3.0,0.0,4.975826740264893,2581.364013671875,76.91574096679688,0.0,2.0766639709472656,7,3464,92.0,0.0,0.0,0.0,0.0,0.0,5.0,1.0,4.39786434173584,2804.224853515625,690.4647216796875,0.0,5.106317043304443,6,2250,16.0,0.0,0.0,0.0,0.0,0.0,4.0,1.0,6.6975998878479,1140.4239501953125,0.0,0.0,11.608551979064941,8,3818,85.0,279.0,0.0,55.999996185302734,0.0,0.0,1.0,1.0,0.0,0.0,0.0,0.0,3.0,18.0,1.0,6.0,6.1772966384887695,36.099766969680786,3029.360595703125,5709.376251220703,210.7695770263672,210.7695770263672,0.0,0.0,5.7922515869140625,11.876338481903076,7,2921,3.0,47.999996185302734,0.0,0.0,0.0,0.0,3.0,3.0,14.323974609375,355.0941162109375,0.0,0.0,2.2515523433685303,8,3264,87.0,0.0,0.0,0.0,0.0,0.0,4.0,0.0,3.1787564754486084,1054.31787109375,0.0,0.0,2.0927863121032715,7,3366,89.0,8.0,0.0,0.0,0.0,0.0,4.0,0.0,3.793588161468506,1018.1907348632812,0.0,0.0,0.6694204807281494,6,2089,15.0,0.0,0.0,0.0,0.0,0.0,4.0,2.0,8.626151084899902,252.41293334960938,0.0,0.0,1.0703277587890625,0,1,0,14689,0,1,0,0,1,0,0,15458,0,0,0,0,10,4515,113.0,415.0,0.0,92.0000228881836,0.0,0.0,0.0,2.0,2.0,2.0,0.0,4.0,7.0,44.0,1.0,11.0,9.336308479309082,70.48819780349731,4699.87255859375,15097.712692260742,0.0,1387.9439392089844,0.0,0.0,1.064916729927063,32.029054284095764,8,4067,7.0,80.0000228881836,0.0,0.0,0.0,0.0,8.0,3.0,16.869142532348633,165.1428680419922,0.0,0.0,0.0,11,5965,135.0,8.0,0.0,2.0,0.0,0.0,6.0,1.0,8.823317527770996,3855.94677734375,76.91574096679688,0.0,2.9657998085021973,9,5784,137.0,4.0,0.0,0.0,0.0,2.0,6.0,1.0,7.256262302398682,4119.4541015625,1311.0281982421875,0.0,10.025099754333496,8,3382,23.0,0.0,0.0,0.0,0.0,2.0,17.0,5.0,28.203166961669922,2257.29638671875,0.0,0.0,17.973237991333008,11,6199,134.0,436.0,0.0,99.99999809265137,0.0,4.0,1.0,2.0,0.0,2.0,1.0,1.0,6.0,37.0,2.0,15.0,10.643315315246582,77.99651908874512,4186.28955078125,9662.246520996094,887.51806640625,1396.2919921875,0.0,0.0,7.530326843261719,19.03412228822708,9,5168,7.0,80.0,4.0,1.0,0.0,0.0,5.0,5.0,21.493925094604492,856.2969970703125,508.77392578125,0.0,3.0796594619750977,11,5143,138.0,4.0,0.0,0.0,0.0,0.0,8.0,1.0,13.973377227783203,1054.31787109375,0.0,0.0,2.0927863121032715,9,5141,134.0,15.999998092651367,0.0,0.0,1.0,0.0,7.0,4.0,10.495465278625488,2637.93701171875,0.0,0.0,0.7915394902229309,7,3144,23.0,0.0,0.0,0.0,1.0,0.0,11.0,3.0,21.39043617248535,927.4050903320312,0.0,0.0,5.5398101806640625,2,2,4,23713,0,1,0,0,2,2,1,24795,0,1,0,1,18,15869,290.0,1105.0,18.399999618530273,277.0000247955322,0.0,22.499998092651367,0.0,22.0,5.0,21.0,11.0,53.0,12.0,218.0,8.0,102.0,41.95989990234375,501.0508270263672,31629.228515625,133071.525390625,9350.572265625,24478.931701660156,0.0,0.0,10.11628246307373,143.7754421234131,17,14165,49.0,161.20001220703125,9.19999885559082,4.0,6.0,7.0,16.0,35.0,92.88746643066406,9427.5888671875,801.6738891601562,0.0,21.30488395690918,18,22082,379.0,37.0,2.5,7.0,2.0,11.0,20.0,19.0,96.48493957519531,31787.900390625,6547.125,0.0,14.161572456359863,18,23653,353.0,60.4000129699707,10.799999237060547,11.0,1.0,8.0,59.0,27.0,125.38372802734375,52534.99609375,7779.560546875,0.0,24.838478088378906,16,11015,34.0,0.0,0.0,0.0,7.0,16.0,111.0,13.0,144.3347930908203,7691.8115234375,0.0,0.0,73.3542251586914,18,18379,313.0,1069.0,17.69999885559082,304.49999809265137,1.899999976158142,21.499998450279236,4.0,21.0,4.0,22.0,11.0,57.0,11.0,160.0,23.0,112.0,55.39482498168945,417.32058334350586,25033.828125,111939.35498046875,3932.375244140625,11428.127990722656,0.0,0.0,24.41377067565918,123.59535217285156,17,14282,57.0,168.59999084472656,9.599998474121094,1.0,5.0,15.0,18.0,29.0,93.8493423461914,11687.5576171875,756.9468383789062,0.0,34.131534576416016,18,16990,245.0,44.999996185302734,0.0,8.0,4.0,7.0,25.0,1.0,46.73181915283203,30720.396484375,406.2209777832031,0.0,18.92533302307129,18,21573,405.0,73.20001220703125,10.0,8.0,3.0,7.0,18.0,35.0,74.99077606201172,39177.60546875,5923.7373046875,0.0,14.487186431884766,15,10138,49.0,0.0,0.0,0.0,6.0,17.0,88.0,24.0,146.35382080078125,5319.96728515625,408.8476257324219,0.0,31.637527465820312,22,21,53,86784,1,1,2,9,21,22,57,81362,0,5,0,6
104366947889790212,108166997301178190,PCS Summer 2022,pcs_summer_2022,2022-06-23,2022-09-10,ESPORTSTMNT01:3096063,108166997302620186,1,Playoffs,playoffs,Playoffs,2022-08-25,1788,12.14.455.6722,200,3,100,107700204561086446,106269804045322803,Deep Cross Gaming,Beyond Gaming,200,DCG Leaky,Gragas,DCG Hana,Vi,DCG Nestea,Swain,DCG Cryscata,Draven,DCG Woody,Renata,BYG Likai,Aatrox,BYG Husha,XinZhao,BYG Minji,Sylas,BYG Wako,Kalista,BYG Kino,Ashe,200,6,200,200,0,2,1,200,5,0,0,5,1584,38.0,107.0,0.0,21.0,0.0,0.0,0.0,2.0,0.0,0.0,0.0,3.0,1.0,7.0,0.0,0.0,0.0,5.7606701254844666,1439.8948974609375,4790.514892578125,0.0,0.0,0.0,0.0,6.836572647094727,13.892200648784637,4,1853,2.0,21.0,0.0,1.0,0.0,0.0,1.0,0.0,1.9381080865859985,728.3012084960938,0.0,0.0,2.316202402114868,5,1654,38.0,0.0,0.0,0.0,0.0,0.0,2.0,0.0,1.849123477935791,632.7122802734375,0.0,0.0,1.5729217529296875,3,1722,22.0,0.0,0.0,0.0,0.0,2.0,1.0,0.0,0.5333333611488342,1181.583251953125,0.0,0.0,0.599794328212738,3,1487,7.0,0.0,0.0,1.0,0.0,1.0,2.0,0.0,1.4401051998138428,808.0232543945312,0.0,0.0,2.566709518432617,5,1458,27.0,99.0,0.0,26.999996185302734,0.0,3.0,0.0,0.0,0.0,2.0,0.0,0.0,1.0,8.0,0.0,1.0,0.0,8.32298231124878,1292.252685546875,3444.4029693603516,0.0,0.0,0.0,0.0,2.719132900238037,12.139061868190765,4,1537,1.0,26.999996185302734,3.0,0.0,1.0,0.0,3.0,1.0,2.9388773441314697,88.83711242675781,0.0,0.0,0.7346163392066956,5,1640,38.0,0.0,0.0,0.0,0.0,0.0,2.0,0.0,1.5266387462615967,174.603759765625,0.0,0.0,0.5367846488952637,4,1528,31.0,0.0,0.0,0.0,1.0,0.0,1.0,0.0,1.6907994747161865,918.8949584960938,0.0,0.0,1.6758054494857788,3,1227,2.0,0.0,0.0,0.0,0.0,0.0,1.0,0.0,2.1666667461395264,969.814453125,0.0,0.0,6.47272253036499,2,0,3,8300,0,0,0,0,0,2,0,7390,0,0,0,0,8,3125,85.0,259.0,0.0,61.0000114440918,0.0,0.0,0.0,3.0,0.0,3.0,0.0,5.0,2.0,16.0,0.0,5.0,3.071420192718506,32.51576852798462,3375.580078125,11638.396362304688,0.0,547.9669189453125,0.0,0.0,10.786949157714844,28.195282220840454,7,3464,3.0,61.0000114440918,0.0,1.0,0.0,0.0,3.0,1.0,9.956564903259277,896.4835205078125,0.0,0.0,2.316202402114868,8,3353,88.0,0.0,0.0,0.0,1.0,1.0,4.0,0.0,6.682619094848633,2405.098388671875,0.0,0.0,5.333234786987305,6,3261,63.0,0.0,0.0,0.0,1.0,3.0,3.0,2.0,5.444199562072754,2599.024169921875,547.9669189453125,0.0,2.2523975372314453,6,2884,20.0,0.0,0.0,2.0,1.0,1.0,4.0,2.0,7.360964775085449,2362.210205078125,0.0,0.0,7.506498336791992,8,3131,79.0,250.0,0.0,59.000003814697266,0.0,3.0,0.0,3.0,0.0,3.0,0.0,8.0,3.0,26.0,0.0,5.0,5.047328472137451,44.84906721115112,3926.916015625,13327.2099609375,0.0,798.3308410644531,0.0,0.0,8.066205024719238,32.46927762031555,7,3890,4.0,59.000003814697266,3.0,2.0,2.0,1.0,4.0,2.0,10.59106159210205,1233.857177734375,0.0,0.0,3.9793567657470703,8,3191,77.0,0.0,0.0,0.0,0.0,3.0,5.0,0.0,7.934545516967773,2286.534912109375,0.0,0.0,3.1891379356384277,7,3808,86.0,0.0,0.0,1.0,1.0,1.0,3.0,1.0,4.290799140930176,3089.8017578125,541.658203125,0.0,3.761347532272339,6,2543,4.0,0.0,0.0,0.0,0.0,3.0,11.0,2.0,16.985332489013672,2790.10009765625,256.6726379394531,0.0,13.473230361938477,3,3,5,16087,0,0,0,0,3,3,8,16563,0,1,0,0,11,4748,130.0,429.0,0.0,87.0000228881836,0.0,2.0,0.0,4.0,1.0,4.0,0.0,6.0,4.0,28.0,0.0,13.0,3.5556223392486572,62.93671917915344,5095.486328125,17291.1591796875,0.0,692.833251953125,0.0,0.0,13.778135299682617,38.722938537597656,10,5120,14.0,87.0000228881836,2.0,1.0,0.0,1.0,4.0,4.0,17.46489715576172,3041.513671875,0.0,0.0,6.705667495727539,11,5545,149.0,0.0,0.0,1.0,1.0,1.0,6.0,0.0,8.366250991821289,3404.087890625,0.0,0.0,6.959375381469727,8,4980,106.0,0.0,0.0,0.0,1.0,3.0,3.0,5.0,12.479363441467285,3134.84912109375,692.833251953125,0.0,2.2523975372314453,7,3917,30.0,0.0,0.0,2.0,1.0,1.0,11.0,4.0,21.070585250854492,2615.22216796875,0.0,0.0,9.027362823486328,11,5354,130.0,410.0,2.0,89.00000154972076,0.0,3.0,1.0,4.0,0.0,4.0,0.0,8.0,4.0,44.0,1.0,10.0,6.280661582946777,75.79995250701904,6958.05615234375,20436.975341796875,0.0,2044.4092330932617,0.0,0.0,13.368453025817871,45.93763613700867,9,5379,7.0,81.4000015258789,3.0,2.0,2.0,1.0,8.0,5.0,19.306320190429688,1978.388427734375,114.9458236694336,0.0,5.21636438369751,11,5083,129.0,4.0,0.0,0.0,1.0,3.0,7.0,0.0,11.467710494995117,4084.310546875,0.0,0.0,7.452353000640869,9,6153,138.0,1.600000023841858,0.0,1.0,1.0,1.0,5.0,1.0,6.149969100952148,3776.50927734375,1451.051513671875,0.0,3.761347532272339,7,3739,6.0,0.0,0.0,0.0,0.0,3.0,20.0,3.0,32.59529113769531,3639.7109375,478.4118957519531,0.0,16.139118194580078,4,4,6,24310,0,0,0,0,4,4,8,25708,0,2,0,1,15,8822,209.0,723.0,10.0,157.0000457763672,0.0,2.0,0.0,7.0,4.0,24.0,3.0,16.0,8.0,72.0,1.0,34.0,14.619112014770508,161.9077434539795,17038.287109375,70741.2841796875,0.0,692.833251953125,0.0,0.0,30.772708892822266,118.99871253967285,13,9156,39.0,127.00004577636719,2.0,2.0,5.0,2.0,10.0,13.0,43.79939270019531,11023.26953125,0.0,0.0,21.97077751159668,14,9238,212.0,4.0,0.0,1.0,6.0,3.0,11.0,3.0,21.533519744873047,16226.603515625,0.0,0.0,37.8365478515625,13,12194,223.0,16.0,0.0,2.0,5.0,4.0,6.0,8.0,21.758941650390625,20630.009765625,692.833251953125,0.0,11.082098007202148,11,6500,40.0,0.0,0.0,2.0,4.0,4.0,37.0,9.0,60.19677734375,5823.1142578125,0.0,0.0,17.336580276489258,16,10922,188.0,702.0,17.999998092651367,197.0000228881836,4.0,20.5,2.0,24.0,1.0,7.0,6.0,62.0,14.0,101.0,4.0,34.0,27.485315322875977,239.2542896270752,15489.56640625,97383.09765625,1987.9835205078125,17713.508422851562,0.0,0.0,21.63336944580078,137.3221778869629,15,12381,33.0,137.4000244140625,15.0,5.0,2.0,13.0,13.0,10.0,46.72657775878906,15772.453125,3111.3349609375,0.0,17.987403869628906,16,13921,209.0,24.0,1.5,9.0,2.0,11.0,10.0,2.0,24.90036392211914,27854.705078125,3869.150146484375,0.0,26.749937057495117,15,15066,256.0,17.600000381469727,0.0,6.0,1.0,12.0,11.0,8.0,38.56229019165039,19302.85546875,6115.93896484375,0.0,11.553739547729492,13,8942,16.0,0.0,0.0,2.0,1.0,20.0,53.0,10.0,101.57974243164062,18963.517578125,2629.100830078125,0.0,59.397727966308594,7,24,16,45910,0,0,0,0,24,7,62,61232,2,4,1,11
104366947889790212,108166997301178190,PCS Summer 2022,pcs_summer_2022,2022-06-23,2022-09-10,ESPORTSTMNT01:3096073,108166997302620187,2,Playoffs,playoffs,Playoffs,2022-08-25,2574,12.14.455.6722,100,1,200,107700204561086446,106269804045322803,Deep Cross Gaming,Beyond Gaming,200,DCG Leaky,Gragas,DCG Hana,Vi,DCG Nestea,Yone,DCG Cryscata,Zeri,DCG Woody,Lulu,BYG Likai,Camille,BYG Husha,Viego,BYG Minji,Sylas,BYG Wako,Sivir,BYG Kino,Leona,200,3,200,100,1,1,1,200,5,0,0,5,1521,31.0,99.0,0.0,31.999998092651367,0.0,0.0,0.0,1.0,0.0,1.0,0.0,1.0,1.0,8.0,0.0,0.0,0.0,3.6215447783470154,1751.046142578125,4889.684997558594,0.0,0.0,0.0,0.0,5.502755165100098,8.671590566635132,4,1655,0.0,31.999998092651367,0.0,0.0,0.0,0.0,2.0,0.0,1.833994746208191,0.0,0.0,0.0,0.0,5,1577,37.0,0.0,0.0,0.0,0.0,0.0,2.0,0.0,1.1368356943130493,807.8409423828125,0.0,0.0,0.0,3,1700,29.0,0.0,0.0,0.0,1.0,1.0,1.0,0.0,0.6507143378257751,626.1167602539062,0.0,0.0,0.0,4,1609,2.0,0.0,0.0,1.0,0.0,0.0,2.0,0.0,0.0,1704.68115234375,0.0,0.0,3.168835401535034,5,1430,25.0,109.0,0.0,31.999998092651367,0.0,0.0,0.0,1.0,0.0,1.0,0.0,1.0,1.0,5.0,0.0,2.0,0.0,7.256775617599487,1446.289306640625,3994.89306640625,0.0,0.0,0.0,0.0,3.800537586212158,9.064212083816528,4,1670,1.0,31.999998092651367,0.0,0.0,0.0,0.0,1.0,1.0,4.859302043914795,0.0,0.0,0.0,0.0,5,1598,36.0,0.0,0.0,0.0,0.0,0.0,1.0,0.0,0.0,591.2661743164062,0.0,0.0,2.0579090118408203,4,2099,41.0,0.0,0.0,1.0,0.0,0.0,2.0,1.0,1.8974735736846924,1436.5611572265625,0.0,0.0,0.0,4,1325,6.0,0.0,0.0,0.0,1.0,1.0,0.0,0.0,0.5,520.7764282226562,0.0,0.0,3.20576548576355,1,1,1,8062,0,0,0,0,1,1,1,8122,0,0,0,0,8,3343,86.0,268.0,0.0,64.00000762939453,0.0,0.0,0.0,1.0,0.0,2.0,0.0,1.0,3.0,20.0,0.0,3.0,4.632034778594971,30.54732608795166,3378.378173828125,8900.106689453125,0.0,0.0,0.0,0.0,10.198346138000488,16.664089649915695,7,3201,2.0,64.00000762939453,0.0,0.0,0.0,0.0,4.0,2.0,9.580580711364746,0.0,0.0,0.0,0.0,8,3355,95.0,0.0,0.0,0.0,0.0,0.0,5.0,0.0,6.151302337646484,1469.3848876953125,0.0,0.0,1.147003173828125,7,3324,79.0,0.0,0.0,0.0,1.0,1.0,4.0,1.0,4.628005027770996,1662.7896728515625,0.0,0.0,0.33467480540275574,5,2570,6.0,0.0,0.0,1.0,1.0,0.0,4.0,0.0,5.555403232574463,2389.553955078125,0.0,0.0,4.984065532684326,8,2815,67.0,268.0,0.0,68.0,0.0,4.0,0.0,2.0,0.0,1.0,0.0,3.0,4.0,18.0,0.0,4.0,3.052163600921631,24.98808002471924,3108.403564453125,8114.666809082031,0.0,1008.1378173828125,0.0,0.0,7.761358261108398,18.52570414543152,7,3129,2.0,64.0,4.0,0.0,0.0,1.0,2.0,1.0,5.859302043914795,571.2804565429688,0.0,0.0,1.8717849254608154,9,3450,92.0,4.0,0.0,0.0,0.0,0.0,4.0,1.0,5.072536468505859,1264.3642578125,0.0,0.0,3.6346168518066406,7,4292,92.0,0.0,0.0,2.0,0.0,0.0,4.0,1.0,3.4774646759033203,2514.62109375,1008.1378173828125,0.0,0.0,6,2371,15.0,0.0,0.0,0.0,1.0,2.0,4.0,1.0,7.526613235473633,655.9974365234375,0.0,0.0,5.257944107055664,1,2,1,15793,0,0,0,0,2,1,3,16057,0,1,0,0,10,5108,123.0,409.0,8.25,100.25001525878906,0.0,9.5,0.0,5.0,0.0,3.0,3.0,15.0,4.0,44.0,1.0,13.0,7.748939037322998,75.74195432662964,4642.390625,19099.929931640625,0.0,2520.5010986328125,0.0,0.0,12.458922386169434,33.038267731666565,9,5397,6.0,84.00001525878906,8.0,1.0,0.0,2.0,7.0,4.0,17.687545776367188,1194.074462890625,644.0990600585938,0.0,3.5601820945739746,11,5853,141.0,8.0,1.5,1.0,1.0,3.0,7.0,1.0,11.318587303161621,4151.56640625,205.77392578125,0.0,4.980560302734375,9,7100,130.0,0.0,0.0,2.0,1.0,3.0,12.0,4.0,15.629334449768066,5814.599609375,1551.0250244140625,0.0,0.710302472114563,7,4034,9.0,0.0,0.0,1.0,1.0,4.0,14.0,3.0,23.357547760009766,3297.298828125,119.60308837890625,0.0,11.328300476074219,10,4070,91.0,412.0,0.0,99.50000762939453,0.0,5.5,0.0,3.0,1.0,5.0,1.0,6.0,5.0,31.0,1.0,14.0,9.42302131652832,72.4027853012085,3477.874267578125,13474.050354003906,0.0,2921.413818359375,0.0,0.0,8.523326873779297,23.89825129508972,9,4725,5.0,95.50000762939453,5.5,0.0,1.0,2.0,3.0,4.0,18.778141021728516,1237.144287109375,0.0,0.0,2.9082839488983154,11,5561,145.0,4.0,0.0,1.0,0.0,0.0,5.0,2.0,8.959734916687012,3953.554931640625,0.0,0.0,5.481727123260498,9,6911,146.0,0.0,0.0,2.0,1.0,1.0,7.0,4.0,14.127555847167969,3886.598876953125,2921.413818359375,0.0,0.0,7,3445,25.0,0.0,0.0,0.0,2.0,2.0,11.0,3.0,21.11433219909668,918.8779907226562,0.0,0.0,6.984913349151611,5,3,15,27492,0,0,0,1,3,5,6,24712,0,2,0,1,17,12425,211.0,915.0,33.149993896484375,286.2499542236328,0.4000000059604645,20.50000038743019,1.0,20.0,5.0,21.0,11.0,59.0,9.0,160.0,7.0,71.0,40.908939361572266,361.4604721069336,14657.1982421875,94843.2880859375,1649.8089599609375,12267.93896484375,0.0,0.0,45.33625411987305,153.73361825942993,16,13204,33.0,155.64996337890625,9.5,3.0,4.0,13.0,21.0,19.0,72.00213623046875,8869.1572265625,2874.16552734375,0.0,24.916627883911133,18,15546,262.0,50.0,1.5,5.0,5.0,9.0,16.0,7.0,30.888530731201172,26797.5,600.87451171875,0.0,37.34720230102539,17,21386,387.0,47.44999694824219,9.100000381469727,9.0,4.0,9.0,47.0,25.0,99.36573028564453,36077.90625,6501.49267578125,0.0,7.373169422149658,14,9931,22.0,0.0,0.0,2.0,3.0,17.0,67.0,13.0,118.29513549804688,8441.5263671875,641.5972900390625,0.0,38.7603645324707,18,12449,178.0,954.0,16.0,276.49995040893555,0.0,11.5,1.0,21.0,4.0,20.0,12.0,56.0,20.0,125.0,12.0,73.0,37.74481964111328,297.1208801269531,13639.5224609375,99123.869140625,3022.98046875,19343.592895507812,0.0,0.0,17.357349395751953,92.72440481185913,18,14384,45.0,183.09994506835938,5.5,1.0,2.0,13.0,12.0,14.0,59.53142166137695,11413.8681640625,826.2518310546875,0.0,13.253729820251465,18,15949,258.0,39.000003814697266,4.0,5.0,7.0,12.0,10.0,9.0,46.45021057128906,21701.21484375,3508.614501953125,0.0,25.242870330810547,18,24886,436.0,38.400001525878906,2.0,14.0,1.0,6.0,17.0,28.0,58.487911224365234,47647.87109375,11985.74609375,0.0,6.464657306671143,15,9814,37.0,0.0,0.0,0.0,6.0,13.0,66.0,10.0,94.9065170288086,4721.392578125,0.0,0.0,30.405797958374023,20,21,59,72492,0,2,0,4,21,20,56,77482,1,4,2,9
104366947889790212,108166997301178190,PCS Summer 2022,pcs_summer_2022,2022-06-23,2022-09-10,ESPORTSTMNT01:3096081,108166997302620188,3,Playoffs,playoffs,Playoffs,2022-08-25,1904,12.14.455.6722,200,3,100,107700204561086446,106269804045322803,Deep Cross Gaming,Beyond Gaming,200,DCG Leaky,Ornn,DCG Hana,Vi,DCG Nestea,Yone,DCG Cryscata,Zeri,DCG Woody,Lulu,BYG Likai,Sylas,BYG Husha,Viego,BYG Minji,Akali,BYG Wako,Sivir,BYG Kino,Leona,100,5,200,200,0,2,0,0,0,0,0,5,1720,43.0,126.0,0.0,28.799997329711914,0.0,0.800000011920929,0.0,0.0,0.0,0.0,0.0,0.0,2.0,8.0,1.0,3.0,1.3954517841339111,10.184828519821167,1028.499755859375,3320.6128540039062,0.0,382.7189178466797,0.0,0.0,1.7863465547561646,5.921957492828369,4,1638,4.0,28.799997329711914,0.800000011920929,0.0,0.0,0.0,0.0,1.0,2.316666603088379,153.39572143554688,0.0,0.0,0.77349853515625,5,1591,37.0,0.0,0.0,0.0,0.0,0.0,2.0,0.0,1.4470592737197876,1074.147705078125,0.0,0.0,1.614013671875,4,1737,41.0,0.0,0.0,0.0,0.0,0.0,2.0,0.0,1.401373028755188,468.8177795410156,224.93663024902344,0.0,0.714393138885498,4,1215,1.0,0.0,0.0,0.0,0.0,0.0,2.0,1.0,3.6242778301239014,595.7518920898438,157.78228759765625,0.0,1.0337055921554565,5,1406,25.0,99.0,0.0,27.19999885559082,0.0,0.0,0.0,0.0,0.0,0.0,0.0,0.0,1.0,4.0,1.0,2.0,0.949999988079071,5.243672460317612,448.9739990234375,1693.0875625610352,0.0,0.0,0.0,0.0,1.4528412818908691,4.439155340194702,4,1567,0.0,27.19999885559082,0.0,0.0,0.0,0.0,1.0,0.0,1.6447255611419678,0.0,0.0,0.0,0.0,5,1542,35.0,0.0,0.0,0.0,0.0,0.0,1.0,0.0,0.5656135678291321,979.0322875976562,0.0,0.0,0.9987988471984863,4,1535,32.0,0.0,0.0,0.0,0.0,0.0,1.0,0.0,0.3333333432674408,226.61973571777344,0.0,0.0,0.0,4,1135,7.0,0.0,0.0,0.0,0.0,0.0,0.0,1.0,1.75,38.46154022216797,0.0,0.0,1.9875152111053467,0,0,0,7901,0,0,0,0,0,0,0,7185,0,0,0,0,8,3302,94.0,260.0,0.0,72.80000305175781,0.0,0.800000011920929,0.0,2.0,0.0,3.0,1.0,5.0,2.0,21.0,1.0,6.0,2.8838043212890625,31.37801456451416,2295.779052734375,10216.814208984375,0.0,382.7189178466797,0.0,0.0,5.53362512588501,20.017539739608765,7,3364,5.0,72.80000305175781,0.800000011920929,0.0,1.0,1.0,2.0,2.0,7.939496040344238,1010.26171875,0.0,0.0,4.8001708984375,8,3809,82.0,0.0,0.0,2.0,1.0,0.0,3.0,1.0,6.544295310974121,2403.313232421875,0.0,0.0,2.923736572265625,6,3263,76.0,0.0,0.0,0.0,0.0,1.0,5.0,0.0,5.523111343383789,2744.06689453125,224.93663024902344,0.0,1.8456127643585205,5,2290,3.0,0.0,0.0,0.0,1.0,2.0,9.0,2.0,8.48730754852295,1763.393310546875,157.78228759765625,0.0,4.914394378662109,8,3057,70.0,247.0,0.0,55.20000457763672,0.0,0.0,0.0,3.0,0.0,2.0,3.0,9.0,4.0,16.0,2.0,8.0,7.390066623687744,26.83087968826294,3203.507568359375,8919.85433959961,0.0,0.0,0.0,0.0,7.17568302154541,18.39198112487793,7,3389,1.0,55.20000457763672,0.0,1.0,0.0,1.0,1.0,1.0,6.303058624267578,1393.754638671875,0.0,0.0,2.881697177886963,8,3418,82.0,0.0,0.0,1.0,0.0,1.0,4.0,1.0,3.7456932067871094,2558.618408203125,0.0,0.0,1.4166913032531738,7,3278,74.0,0.0,0.0,1.0,0.0,1.0,3.0,0.0,3.705533504486084,1468.9669189453125,0.0,0.0,0.0,6,2390,20.0,0.0,0.0,0.0,2.0,3.0,4.0,4.0,5.686527729034424,295.0068054199219,0.0,0.0,6.917909622192383,2,3,5,16028,0,1,0,0,3,2,9,15532,0,0,0,0,10,4787,134.0,404.0,0.0,100.80001068115234,0.0,0.800000011920929,0.0,3.0,1.0,6.0,1.0,7.0,5.0,40.0,2.0,17.0,4.717137813568115,76.62162256240845,4144.86083984375,17992.435791015625,0.0,382.7189178466797,0.0,0.0,9.970032691955566,34.29918384552002,9,4960,9.0,96.80001068115234,0.800000011920929,1.0,1.0,1.0,3.0,6.0,18.3644962310791,2257.32080078125,0.0,0.0,9.45001220703125,10,5540,129.0,4.0,0.0,2.0,1.0,1.0,3.0,2.0,9.044295310974121,5976.88671875,0.0,0.0,6.571075439453125,8,5420,127.0,0.0,0.0,0.0,1.0,1.0,9.0,3.0,13.752265930175781,3634.3310546875,224.93663024902344,0.0,2.185049533843994,7,3297,5.0,0.0,0.0,0.0,2.0,3.0,20.0,4.0,30.743427276611328,1979.036376953125,157.78228759765625,0.0,6.123013973236084,10,4980,110.0,382.0,0.0,91.20001220703125,0.0,1.5,1.0,6.0,0.0,3.0,5.0,19.0,8.0,37.0,3.0,11.0,17.583053588867188,63.609822273254395,4788.7412109375,16102.701965332031,0.0,357.53900146484375,0.0,0.0,11.516016006469727,31.09300208091736,9,5853,9.0,91.20001220703125,1.5,2.0,0.0,2.0,3.0,2.0,10.963178634643555,2697.6298828125,0.0,0.0,3.6210110187530518,10,4987,114.0,0.0,0.0,2.0,1.0,2.0,6.0,1.0,6.4234843254089355,4652.7861328125,0.0,0.0,1.584190845489502,10,5453,129.0,0.0,0.0,1.0,0.0,4.0,4.0,1.0,7.647365093231201,3303.569580078125,357.53900146484375,0.0,0.0,7,3310,20.0,0.0,0.0,0.0,2.0,6.0,16.0,4.0,20.992740631103516,659.9751586914062,0.0,0.0,14.371784210205078,3,6,7,24004,0,2,0,0,6,3,19,24583,0,0,0,0,14,9154,190.0,719.0,4.0,200.80001068115234,0.0,0.800000011920929,0.0,11.0,4.0,23.0,7.0,30.0,11.0,103.0,4.0,53.0,17.05629539489746,240.2934398651123,11041.4326171875,65429.73193359375,161.0357208251953,7310.119644165039,0.0,0.0,31.533039093017578,101.66601467132568,13,10608,32.0,143.20001220703125,0.800000011920929,2.0,5.0,6.0,8.0,18.0,60.50144958496094,7453.69677734375,967.524658203125,0.0,21.279918670654297,15,12125,220.0,16.0,0.0,5.0,5.0,4.0,4.0,6.0,25.373382568359375,16261.8642578125,4227.521484375,0.0,16.274887084960938,14,13463,268.0,37.599998474121094,0.0,3.0,5.0,4.0,32.0,18.0,59.01362609863281,25496.5703125,1796.2554931640625,0.0,10.04797649383545,12,6993,9.0,0.0,0.0,1.0,4.0,9.0,48.0,7.0,78.34868621826172,5176.16796875,157.78228759765625,0.0,22.530193328857422,16,11908,192.0,718.0,15.999998092651367,195.20000648498535,4.0,15.000000476837158,2.0,23.0,2.0,11.0,17.0,71.0,17.0,100.0,8.0,51.0,38.03398895263672,188.16641426086426,15695.0380859375,72949.24169921875,2293.701416015625,13091.820526123047,0.0,0.0,39.63722610473633,88.24245524406433,15,11411,32.0,154.95001220703125,7.000000476837158,3.0,1.0,12.0,8.0,11.0,38.38815689086914,8523.9892578125,1533.2777099609375,0.0,9.096083641052246,15,12389,194.0,4.0,0.0,9.0,2.0,8.0,11.0,6.0,22.43935203552246,15547.7197265625,2962.118896484375,0.0,1.9010536670684814,16,14794,267.0,20.249996185302734,4.0,8.0,1.0,14.0,11.0,15.0,23.357192993164062,30340.75,5989.38427734375,0.0,4.268988132476807,13,7825,33.0,0.0,0.0,1.0,5.0,20.0,53.0,11.0,65.94772338867188,2841.74462890625,313.3382263183594,0.0,33.33910369873047,11,23,30,52343,0,2,0,3,23,11,71,58327,1,3,1,5
104366947889790212,108166997301178190,PCS Summer 2022,pcs_summer_2022,2022-06-23,2022-09-10,ESPORTSTMNT01:3086247,108166997302620180,1,Playoffs,playoffs,Playoffs,2022-08-26,1921,12.14.455.6722,200,3,200,104367068120825486,107700199633958891,PSG Talon,CTBC Flying Oyster,200,PSG Hanabi,Renekton,PSG Burry,Trundle,PSG Gori,Taliyah,PSG Unified,Kalista,PSG Kaiwing,Renata,CFO Rest,Aatrox,CFO Gemini,Sejuani,CFO Mission,Azir,CFO Shunn,Draven,CFO Koala,Ashe,200,5,200,100,1,1,0,0,0,0,0,5,1651,29.0,95.0,0.0,22.0,0.0,0.0,0.0,1.0,0.0,1.0,1.0,1.0,2.0,10.0,0.0,0.0,0.0,6.41788375377655,1310.130615234375,3813.69580078125,0.0,0.0,0.0,0.0,2.445404052734375,11.872130990028381,4,1704,0.0,22.0,0.0,1.0,0.0,0.0,2.0,0.0,1.884014368057251,551.315673828125,0.0,0.0,0.8131076693534851,5,1549,33.0,0.0,0.0,0.0,0.0,0.0,1.0,0.0,1.5239224433898926,869.0907592773438,0.0,0.0,6.7126688957214355,3,1384,25.0,0.0,0.0,0.0,1.0,0.0,3.0,0.0,1.5022939443588257,614.4097900390625,0.0,0.0,1.059880018234253,4,1160,8.0,0.0,0.0,0.0,0.0,0.0,2.0,0.0,1.507652997970581,468.74896240234375,0.0,0.0,0.8410703539848328,5,1402,24.0,94.0,0.0,31.999998092651367,0.0,0.0,0.0,1.0,1.0,1.0,0.0,1.0,2.0,6.0,0.0,0.0,1.5429052114486694,6.008054971694946,1186.1634521484375,3764.8063354492188,0.0,0.0,0.0,0.0,1.9339148998260498,5.790411055088043,4,1650,0.0,31.999998092651367,0.0,0.0,0.0,0.0,1.0,0.0,2.627673625946045,0.0,0.0,0.0,0.0,5,1638,35.0,0.0,0.0,0.0,0.0,0.0,1.0,0.0,0.0,1127.5654296875,0.0,0.0,0.5389490723609924,4,1792,34.0,0.0,0.0,0.0,0.0,1.0,1.0,0.0,0.0,453.7882080078125,0.0,0.0,0.0,4,1606,1.0,0.0,0.0,1.0,0.0,0.0,1.0,0.0,1.837476134300232,997.2892456054688,0.0,0.0,3.317547082901001,1,1,1,7448,0,0,0,0,1,1,1,8088,0,0,0,0,8,3379,79.0,252.0,0.0,56.00000762939453,0.0,0.0,0.0,1.0,1.0,2.0,1.0,1.0,3.0,19.0,1.0,7.0,6.488164901733398,37.248783588409424,2559.54541015625,7397.3770751953125,0.0,0.0,0.0,0.0,5.265228271484375,20.33339560031891,7,3229,4.0,56.00000762939453,0.0,1.0,0.0,0.0,4.0,4.0,11.644309997558594,1081.490966796875,0.0,0.0,1.668753743171692,7,2795,66.0,0.0,0.0,0.0,0.0,0.0,3.0,0.0,5.1880316734313965,1748.22021484375,0.0,0.0,9.715087890625,6,3151,84.0,0.0,0.0,0.0,1.0,0.0,5.0,1.0,7.322199821472168,1248.1947021484375,0.0,0.0,2.135267972946167,6,2137,19.0,0.0,0.0,0.0,0.0,0.0,4.0,1.0,6.606077194213867,759.92578125,0.0,0.0,1.5490577220916748,9,3382,69.0,253.0,4.0,72.00000762939453,0.0,1.5,1.0,2.0,1.0,1.0,0.0,1.0,4.0,25.0,2.0,7.0,6.274453163146973,38.77512979507446,2840.1611328125,8375.552917480469,0.0,268.8926544189453,0.0,0.0,3.5977704524993896,15.791394591331482,7,3119,2.0,68.00000762939453,1.5,0.0,0.0,0.0,5.0,2.0,12.588050842285156,0.0,0.0,0.0,0.0,8,3413,89.0,0.0,0.0,0.0,0.0,0.0,3.0,0.0,2.5930819511413574,2762.65966796875,0.0,0.0,1.9910032749176025,7,3658,88.0,0.0,0.0,0.0,0.0,1.0,4.0,1.0,4.6118574142456055,633.4078979492188,149.51065063476562,0.0,0.6399186849594116,6,2607,5.0,0.0,0.0,1.0,0.0,0.0,9.0,2.0,12.707686424255371,2139.32421875,119.38200378417969,0.0,9.562702178955078,1,2,1,14691,0,0,0,0,2,1,1,16179,0,1,0,0,11,6575,126.0,388.0,4.0,80.00001525878906,0.0,0.0,3.0,5.0,1.0,5.0,2.0,15.0,6.0,36.0,3.0,16.0,14.269905090332031,66.15762186050415,6436.04345703125,19327.898071289062,0.0,0.0,0.0,0.0,8.081695556640625,38.60142993927002,9,4628,5.0,76.00001525878906,0.0,1.0,1.0,3.0,6.0,5.0,14.74431037902832,1876.4825439453125,0.0,0.0,5.264909744262695,10,4810,113.0,0.0,0.0,0.0,0.0,4.0,5.0,1.0,6.850224018096924,3755.320556640625,0.0,0.0,15.998385429382324,8,5501,117.0,0.0,0.0,1.0,2.0,3.0,9.0,5.0,18.75598907470703,4224.13671875,0.0,0.0,4.107032775878906,8,3245,27.0,0.0,0.0,0.0,1.0,3.0,10.0,2.0,11.537193298339844,3035.914794921875,0.0,0.0,5.149406433105469,11,5166,106.0,394.0,12.0,108.0000228881836,0.0,5.500000476837158,1.0,5.0,2.0,5.0,1.0,8.0,7.0,47.0,2.0,13.0,13.618064880371094,82.50906562805176,6765.19482421875,22059.025634765625,0.0,3184.2125244140625,0.0,0.0,6.688962936401367,33.56795847415924,9,4779,4.0,96.0000228881836,5.500000476837158,0.0,1.0,3.0,6.0,3.0,19.721311569213867,1593.778564453125,0.0,0.0,6.300058364868164,11,5196,141.0,0.0,0.0,0.0,1.0,1.0,5.0,0.0,4.1638383865356445,4483.2666015625,0.0,0.0,2.8128774166107178,9,7019,131.0,0.0,0.0,3.0,1.0,1.0,6.0,3.0,9.945971488952637,5591.3173828125,2669.687744140625,0.0,1.3289278745651245,7,4227,12.0,0.0,0.0,1.0,0.0,2.0,23.0,5.0,35.059879302978516,3625.46826171875,514.5247802734375,0.0,16.437131881713867,5,5,15,24759,0,1,0,0,5,5,8,26387,0,1,0,1,16,12240,234.0,791.0,16.0,159.50003814697266,0.0,0.0,5.0,9.0,4.0,18.0,4.0,26.0,10.0,94.0,9.0,55.0,31.676794052124023,185.9528865814209,17104.13671875,65616.35986328125,0.0,0.0,0.0,0.0,19.538360595703125,128.05721282958984,13,8396,24.0,113.25003814697266,0.0,1.0,4.0,6.0,10.0,13.0,36.53124237060547,8515.6875,0.0,0.0,30.05890464782715,16,11131,253.0,15.0,0.0,0.0,2.0,7.0,12.0,7.0,18.703556060791016,19994.2890625,0.0,0.0,51.907203674316406,13,11709,240.0,14.25,0.0,2.0,5.0,4.0,17.0,19.0,50.171180725097656,13088.283203125,0.0,0.0,12.112603187561035,12,6608,40.0,1.0,0.0,1.0,3.0,5.0,45.0,7.0,48.870113372802734,6913.96337890625,0.0,0.0,14.440140724182129,18,14226,230.0,767.0,34.0,240.25003051757812,9.0,34.5,3.0,18.0,2.0,9.0,9.0,43.0,11.0,128.0,5.0,54.0,28.95706558227539,276.80169105529785,25059.671875,104705.044921875,4735.6435546875,20497.474533081055,0.0,0.0,19.499052047729492,121.4602746963501,14,10562,31.0,132.00003051757812,9.5,1.0,2.0,10.0,13.0,15.0,53.68141555786133,9253.392578125,166.9985809326172,0.0,28.433074951171875,17,13611,248.0,32.0,12.0,0.0,2.0,11.0,6.0,7.0,24.024126052856445,27388.802734375,6599.2783203125,0.0,13.058497428894043,16,19197,228.0,37.0,4.0,13.0,1.0,2.0,17.0,9.0,33.66851806640625,26134.345703125,7720.70654296875,0.0,6.117061614990234,13,9171,30.0,5.25,0.0,1.0,2.0,11.0,81.0,18.0,136.47056579589844,16868.83203125,1274.8475341796875,0.0,54.35258865356445,9,18,26,50084,0,2,0,0,18,9,43,66767,3,3,2,10
104366947889790212,108166997301178190,PCS Summer 2022,pcs_summer_2022,2022-06-23,2022-09-10,ESPORTSTMNT01:3086249,108166997302620181,2,Playoffs,playoffs,Playoffs,2022-08-26,2605,12.14.455.6722,100,3,100,104367068120825486,107700199633958891,PSG Talon,CTBC Flying Oyster,100,PSG Hanabi,Gnar,PSG Burry,Vi,PSG Gori,Taliyah,PSG Unified,Aphelios,PSG Kaiwing,Nautilus,CFO Rest,Renekton,CFO Gemini,Sejuani,CFO Mission,Azir,CFO Shunn,Zeri,CFO Koala,Renata,200,3,100,100,2,0,0,0,0,0,0,5,1514,32.0,105.0,0.0,27.999998092651367,0.0,0.0,0.0,0.0,0.0,0.0,0.0,0.0,2.0,8.0,0.0,4.0,1.4403371810913086,9.266743838787079,1090.562744140625,2870.8111877441406,0.0,70.67811584472656,0.0,0.0,3.3244752883911133,12.607747435569763,4,1554,2.0,27.999998092651367,0.0,0.0,0.0,0.0,1.0,2.0,3.6727330684661865,0.0,0.0,0.0,0.0,5,1454,31.0,0.0,0.0,0.0,0.0,0.0,1.0,1.0,2.9703402519226074,1050.101318359375,0.0,0.0,5.8851728439331055,4,1587,35.0,0.0,0.0,0.0,0.0,0.0,3.0,1.0,0.18333333730697632,610.2890014648438,70.67811584472656,0.0,1.504359483718872,4,1114,5.0,0.0,0.0,0.0,0.0,0.0,1.0,0.0,1.0,119.85812377929688,0.0,0.0,1.8937398195266724,5,1507,32.0,104.0,0.0,31.999998092651367,0.0,0.0,0.0,0.0,0.0,0.0,0.0,0.0,2.0,9.0,0.0,0.0,1.2467241287231445,5.288147658109665,588.3736572265625,2552.0934143066406,0.0,0.0,0.0,0.0,0.7970428466796875,5.877042174339294,4,1660,0.0,31.999998092651367,0.0,0.0,0.0,0.0,2.0,0.0,0.8095816373825073,0.0,0.0,0.0,0.0,5,1682,37.0,0.0,0.0,0.0,0.0,0.0,1.0,0.0,1.5567057132720947,1463.74658203125,0.0,0.0,1.3230403661727905,4,1577,35.0,0.0,0.0,0.0,0.0,0.0,2.0,0.0,1.3418028354644775,167.822265625,0.0,0.0,0.0,4,1065,0.0,0.0,0.0,0.0,0.0,0.0,2.0,0.0,0.3333333432674408,332.1509094238281,0.0,0.0,3.7569589614868164,0,0,0,7223,0,0,0,0,0,0,0,7491,0,0,0,0,8,3018,77.0,263.0,0.0,58.40001678466797,0.0,2.4000000953674316,0.0,1.0,0.0,0.0,0.0,1.0,3.0,18.0,1.0,9.0,5.945861339569092,35.30653953552246,3513.921630859375,10281.660552978516,0.0,70.67811584472656,0.0,0.0,8.670528411865234,33.483344316482544,7,2907,4.0,58.40001678466797,2.4000000953674316,0.0,0.0,0.0,3.0,4.0,10.705607414245605,722.3065185546875,0.0,0.0,2.674854278564453,8,3473,80.0,0.0,0.0,1.0,0.0,0.0,4.0,2.0,7.803909778594971,4688.73974609375,0.0,0.0,16.750526428222656,7,3260,87.0,0.0,0.0,0.0,0.0,0.0,6.0,1.0,5.614015579223633,925.264892578125,70.67811584472656,0.0,1.504359483718872,6,2300,15.0,0.0,0.0,0.0,0.0,1.0,2.0,1.0,5.23714542388916,431.4277648925781,0.0,0.0,3.883075714111328,8,3278,89.0,276.0,0.0,57.600013732910156,0.0,0.0,0.0,0.0,0.0,1.0,0.0,0.0,4.0,20.0,0.0,5.0,6.080843925476074,31.027771472930908,2243.860107421875,8090.3238525390625,0.0,0.0,0.0,0.0,5.2708892822265625,21.104716420173645,7,2971,3.0,57.600013732910156,0.0,0.0,0.0,0.0,4.0,2.0,7.051662445068359,894.8497924804688,0.0,0.0,2.682804822921753,8,3348,86.0,0.0,0.0,0.0,1.0,0.0,5.0,1.0,6.5740132331848145,3307.5986328125,0.0,0.0,3.4394760131835938,7,3390,96.0,0.0,0.0,0.0,0.0,0.0,4.0,1.0,6.49940299987793,752.061767578125,0.0,0.0,1.4272006750106812,6,1948,2.0,0.0,0.0,0.0,0.0,0.0,3.0,1.0,4.8218488693237305,891.9535522460938,0.0,0.0,8.284345626831055,1,0,1,14958,0,0,0,0,0,1,0,14935,0,0,0,0,11,5151,138.0,453.0,4.0,92.4000244140625,0.0,2.4000000953674316,0.0,1.0,0.0,1.0,0.0,1.0,6.0,36.0,2.0,19.0,10.36865234375,82.32659912109375,5419.04248046875,15063.66879272461,0.0,1009.4234619140625,0.0,0.0,11.539714813232422,40.251455307006836,8,4356,7.0,78.4000244140625,2.4000000953674316,0.0,1.0,0.0,5.0,7.0,22.829517364501953,880.9555053710938,0.0,0.0,2.674854278564453,11,5537,139.0,4.0,0.0,1.0,0.0,0.0,6.0,5.0,15.58568000793457,6307.97900390625,0.0,0.0,19.448381423950195,9,5757,147.0,6.0,0.0,0.0,0.0,0.0,10.0,4.0,18.42784309387207,2024.2640380859375,1009.4234619140625,0.0,2.7054290771484375,7,3618,22.0,0.0,0.0,0.0,0.0,1.0,9.0,1.0,15.114906311035156,431.4277648925781,0.0,0.0,3.883075714111328,11,5022,140.0,445.0,2.0,87.60002899169922,0.0,0.0,0.0,1.0,0.0,1.0,0.0,3.0,7.0,38.0,0.0,13.0,7.610236167907715,62.247992515563965,3405.123046875,12634.98583984375,0.0,0.0,0.0,0.0,7.6483917236328125,28.358316779136658,9,4443,5.0,81.60002899169922,0.0,1.0,0.0,0.0,6.0,4.0,14.077520370483398,1400.37548828125,0.0,0.0,3.6183526515960693,11,5288,139.0,4.0,0.0,0.0,1.0,1.0,8.0,3.0,13.710026741027832,4539.953125,0.0,0.0,3.976787567138672,9,5279,154.0,0.0,0.0,0.0,0.0,1.0,8.0,3.0,12.154019355773926,1638.427001953125,0.0,0.0,1.6933437585830688,7,2991,7.0,0.0,0.0,0.0,0.0,1.0,9.0,3.0,14.696189880371094,1651.107177734375,0.0,0.0,11.421441078186035,1,1,1,24419,0,0,0,1,1,1,3,23023,0,1,0,0,18,14764,281.0,1081.0,19.649999618530273,229.15002250671387,0.0,13.900000095367432,0.0,19.0,2.0,12.0,10.0,54.0,16.0,172.0,20.0,105.0,55.770751953125,378.44011306762695,22173.388671875,118311.70556640625,4459.27197265625,25981.007934570312,0.0,0.0,42.01068878173828,171.13105392456055,17,13831,31.0,136.4000244140625,2.4000000953674316,3.0,4.0,12.0,15.0,27.0,82.14395904541016,7617.2783203125,425.1387939453125,0.0,23.499006271362305,18,21797,369.0,43.5,11.5,12.0,1.0,6.0,15.0,17.0,39.92158889770508,44985.3984375,6237.90478515625,0.0,49.15886306762695,18,18454,360.0,29.599998474121094,0.0,3.0,2.0,11.0,47.0,32.0,93.09115600585938,37796.0078125,14858.6923828125,0.0,12.405008316040039,15,10921,40.0,0.0,0.0,1.0,3.0,15.0,79.0,9.0,107.51265716552734,5739.63232421875,0.0,0.0,44.05748748779297,18,16208,321.0,1064.0,23.599998474121094,296.100040435791,10.799999237060547,33.0,2.0,12.0,3.0,20.0,5.0,38.0,14.0,176.0,13.0,89.0,51.746055603027344,355.9614067077637,22861.53125,94969.82080078125,2466.570556640625,8604.381103515625,0.0,0.0,19.499954223632812,92.98132801055908,16,11289,41.0,134.05001831054688,1.0,1.0,4.0,9.0,18.0,14.0,45.73657989501953,8473.3359375,0.0,0.0,27.56711196899414,18,17742,339.0,59.200008392333984,4.0,2.0,5.0,8.0,18.0,12.0,33.761043548583984,28870.18359375,5178.73583984375,0.0,13.68012523651123,18,18732,340.0,79.00001525878906,17.200000762939453,6.0,4.0,5.0,49.0,34.0,104.52745056152344,28128.212890625,959.07470703125,0.0,8.170879364013672,14,9167,23.0,0.25,0.0,1.0,4.0,11.0,77.0,16.0,120.19027709960938,6636.55712890625,0.0,0.0,24.063257217407227,19,12,54,79767,1,2,2,12,12,20,38,73138,0,3,1,4
104366947889790212,108166997301178190,PCS Summer 2022,pcs_summer_2022,2022-06-23,2022-09-10,ESPORTSTMNT01:3086254,108166997302620182,3,Playoffs,playoffs,Playoffs,2022-08-26,2360,12.14.455.6722,200,2,100,107700199633958891,104367068120825486,CTBC Flying Oyster,PSG Talon,100,CFO Rest,Gnar,CFO Gemini,LeeSin,CFO Mission,Azir,CFO Shunn,Sivir,CFO Koala,Nautilus,PSG Hanabi,Kennen,PSG Burry,MonkeyKing,PSG Gori,Taliyah,PSG Unified,Zeri,PSG Kaiwing,Rakan,200,5,100,200,0,2,0,0,0,0,0,5,1727,30.0,114.0,0.0,24.0,0.0,0.0,0.0,1.0,0.0,0.0,1.0,1.0,0.0,6.0,0.0,1.0,0.0,5.340480148792267,507.91815185546875,3445.139358520508,0.0,0.0,0.0,0.0,1.4406166076660156,8.679503738880157,4,1868,1.0,24.0,0.0,1.0,0.0,0.0,2.0,0.0,1.8907943964004517,1094.75634765625,0.0,0.0,1.2209621667861938,5,1666,36.0,0.0,0.0,0.0,0.0,0.0,2.0,0.0,0.4239303469657898,1194.201171875,0.0,0.0,0.9369465708732605,4,1715,40.0,0.0,0.0,0.0,0.0,0.0,2.0,0.0,1.4590888023376465,530.1509399414062,0.0,0.0,0.0,4,1142,7.0,0.0,0.0,0.0,0.0,0.0,0.0,1.0,1.566666603088379,118.11274719238281,0.0,0.0,5.0809783935546875,5,1544,30.0,108.0,0.0,27.999998092651367,0.0,0.0,0.0,0.0,1.0,1.0,0.0,0.0,2.0,9.0,0.0,1.0,1.4387261867523193,5.304272949695587,826.1183471679688,2095.640640258789,0.0,0.0,0.0,0.0,1.37493896484375,4.748841345310211,4,1575,1.0,27.999998092651367,0.0,0.0,0.0,0.0,2.0,1.0,1.4500000476837158,0.0,0.0,0.0,0.0,5,1633,37.0,0.0,0.0,0.0,0.0,0.0,2.0,0.0,1.45071542263031,878.6998291015625,0.0,0.0,3.03539776802063,4,1598,35.0,0.0,0.0,0.0,0.0,0.0,1.0,0.0,0.0,226.88299560546875,0.0,0.0,0.3385046124458313,4,1111,5.0,0.0,0.0,0.0,0.0,0.0,2.0,0.0,0.9648312926292419,163.93946838378906,0.0,0.0,0.0,1,0,1,8118,0,0,0,0,0,1,0,7461,0,0,0,0,8,3181,71.0,239.0,0.0,53.600006103515625,0.0,0.0,0.0,1.0,0.0,1.0,1.0,1.0,2.0,21.0,0.0,3.0,3.452390670776367,26.144896030426025,1193.8250732421875,7251.869445800781,0.0,0.0,0.0,0.0,3.6208155155181885,16.734487414360046,6,3211,2.0,53.600006103515625,0.0,1.0,0.0,0.0,4.0,1.0,8.916293144226074,1166.104736328125,0.0,0.0,1.6518703699111938,8,3276,83.0,0.0,0.0,0.0,0.0,0.0,4.0,0.0,2.00528621673584,3378.401123046875,0.0,0.0,2.055647850036621,6,2989,70.0,0.0,0.0,0.0,1.0,0.0,4.0,0.0,4.37559175491333,761.638916015625,0.0,0.0,0.0,5,2103,13.0,0.0,0.0,0.0,0.0,0.0,7.0,2.0,7.395334243774414,751.8995971679688,0.0,0.0,9.406153678894043,8,3231,80.0,254.0,0.0,58.00000762939453,0.0,0.0,0.0,1.0,1.0,1.0,1.0,3.0,4.0,20.0,0.0,4.0,4.671883583068848,29.0086407661438,2904.4697265625,6839.366348266602,0.0,0.0,0.0,0.0,7.211883544921875,13.50267082452774,7,3079,2.0,58.00000762939453,0.0,0.0,0.0,1.0,3.0,2.0,7.559663772583008,121.06886291503906,0.0,0.0,1.2197265625,8,3033,74.0,0.0,0.0,0.0,0.0,0.0,4.0,0.0,4.692388534545898,2130.442626953125,0.0,0.0,4.360824108123779,7,3668,89.0,0.0,0.0,1.0,0.0,0.0,6.0,2.0,7.8683905601501465,1175.2044677734375,0.0,0.0,0.7102366089820862,5,2029,9.0,0.0,0.0,0.0,0.0,1.0,3.0,0.0,4.216314315795898,508.1806640625,0.0,0.0,0.0,1,1,1,14760,0,0,0,0,1,1,3,15040,0,0,0,0,11,5487,138.0,431.0,8.0,92.60001373291016,0.0,0.0,0.0,1.0,0.0,3.0,1.0,1.0,5.0,45.0,1.0,14.0,9.433652877807617,82.12251472473145,1419.23876953125,11710.934448242188,0.0,1186.8240203857422,0.0,0.0,4.345505237579346,28.044694900512695,9,4593,6.0,81.60001373291016,0.0,1.0,2.0,0.0,8.0,5.0,21.952987670898438,2370.136962890625,0.0,0.0,4.032851696014404,11,5157,141.0,0.0,0.0,0.0,0.0,0.0,7.0,0.0,7.428188800811768,5423.41259765625,341.4461364746094,0.0,3.5344600677490234,9,5210,123.0,3.0,0.0,0.0,1.0,0.0,6.0,1.0,7.934031963348389,1283.572509765625,788.2100219726562,0.0,0.0,6,3167,23.0,0.0,0.0,0.0,0.0,0.0,19.0,7.0,35.373653411865234,1214.5736083984375,57.16786193847656,0.0,16.131877899169922,11,5421,138.0,428.0,0.0,82.40000915527344,0.0,2.4000000953674316,0.0,3.0,1.0,1.0,1.0,7.0,7.0,42.0,1.0,16.0,10.35749340057373,73.68117237091064,4092.305908203125,14696.129516601562,0.0,438.9689636230469,0.0,0.0,7.211883544921875,28.569496870040894,9,4910,10.0,78.40000915527344,2.4000000953674316,2.0,0.0,1.0,6.0,9.0,25.20682144165039,1666.453125,0.0,0.0,3.621976375579834,10,5257,125.0,4.0,0.0,0.0,0.0,1.0,6.0,1.0,6.442388534545898,4583.6865234375,438.9689636230469,0.0,13.257651329040527,9,5669,139.0,0.0,0.0,1.0,0.0,1.0,10.0,4.0,17.030025482177734,2830.322998046875,0.0,0.0,0.9716379642486572,6,3118,16.0,0.0,0.0,0.0,0.0,3.0,13.0,1.0,14.64444351196289,1523.3609619140625,0.0,0.0,3.50634765625,1,3,1,23614,0,0,0,0,3,1,7,24375,0,1,0,0,18,20621,358.0,1075.0,39.0,290.1000099182129,24.5,50.0,5.0,13.0,0.0,11.0,6.0,32.0,11.0,150.0,16.0,95.0,58.14094543457031,360.1153144836426,17248.26171875,68602.27709960938,7548.591796875,16681.3722076416,0.0,0.0,29.884220123291016,102.3147804737091,16,11670,47.0,139.40000915527344,12.0,1.0,3.0,8.0,26.0,24.0,70.53012084960938,7779.82763671875,0.0,0.0,15.551007270812988,18,17155,296.0,48.000003814697266,8.0,4.0,3.0,4.0,11.0,20.0,38.863399505615234,30763.609375,5866.970703125,0.0,13.706402778625488,18,17552,336.0,63.69999694824219,5.5,3.0,2.0,8.0,20.0,18.0,60.792869567871094,9464.916015625,3208.641845703125,0.0,3.9690449237823486,14,8745,38.0,0.0,0.0,0.0,3.0,6.0,82.0,17.0,131.78797912597656,3345.662353515625,57.16786193847656,0.0,39.204105377197266,18,14900,331.0,1030.0,20.0,186.40002822875977,0.0,18.399999737739563,2.0,11.0,3.0,13.0,3.0,28.0,17.0,171.0,11.0,72.0,49.965614318847656,352.78918838500977,18068.458984375,74957.5244140625,0.0,6316.465847015381,0.0,0.0,14.896942138671875,87.89545631408691,15,10055,36.0,110.8000259399414,6.400000095367432,2.0,3.0,5.0,12.0,28.0,74.2039566040039,10280.115234375,903.7874755859375,0.0,12.574369430541992,17,13439,290.0,13.599998474121094,1.600000023841858,1.0,4.0,7.0,22.0,3.0,34.27842330932617,19276.998046875,950.5904541015625,0.0,39.576011657714844,17,17379,340.0,42.000003814697266,10.399999618530273,6.0,2.0,3.0,42.0,17.0,76.98846435546875,23062.849609375,4400.33154296875,0.0,5.343494415283203,13,8187,33.0,0.0,0.0,0.0,1.0,10.0,78.0,13.0,117.35272979736328,4269.1025390625,61.75637435913086,0.0,15.504638671875,13,11,32,75743,4,3,2,9,11,13,28,63960,0,2,0,4
104366947889790212,108166997301178190,PCS Summer 2022,pcs_summer_2022,2022-06-23,2022-09-10,ESPORTSTMNT01:3086258,108166997302620183,4,Playoffs,playoffs,Playoffs,2022-08-26,2378,12.14.455.6722,200,3,100,104367068120825486,107700199633958891,PSG Talon,CTBC Flying Oyster,100,PSG Hanabi,Gangplank,PSG Burry,MonkeyKing,PSG Gori,Azir,PSG Unified,Zeri,PSG Kaiwing,Rakan,CFO Rest,Gnar,CFO Gemini,Sejuani,CFO Mission,Viktor,CFO Shunn,Sivir,CFO Koala,TahmKench,100,2,100,200,1,1,0,0,0,0,0,4,1535,31.0,115.0,0.0,31.999998092651367,0.0,0.0,0.0,0.0,0.0,0.0,0.0,0.0,1.0,7.0,0.0,1.0,0.0,6.719054937362671,1772.354736328125,3833.774139404297,0.0,0.0,0.0,0.0,0.0,2.070855975151062,4,1696,0.0,31.999998092651367,0.0,0.0,0.0,0.0,2.0,0.0,1.8345450162887573,0.0,0.0,0.0,0.0,5,1601,38.0,0.0,0.0,0.0,0.0,0.0,1.0,0.0,1.5237826108932495,1128.8839111328125,0.0,0.0,1.1133670806884766,4,1678,40.0,0.0,0.0,0.0,0.0,0.0,3.0,1.0,2.360727310180664,568.1649780273438,0.0,0.0,0.9574888944625854,4,1135,6.0,0.0,0.0,0.0,0.0,0.0,0.0,0.0,1.0,364.3705139160156,0.0,0.0,0.0,5,1526,29.0,104.0,0.0,27.999998092651367,0.0,0.0,0.0,0.0,0.0,0.0,0.0,0.0,1.0,6.0,0.0,0.0,0.0,4.4063485860824585,561.2177124023438,3317.807647705078,0.0,0.0,0.0,0.0,1.7429423332214355,5.650375127792358,4,1565,0.0,27.999998092651367,0.0,0.0,0.0,0.0,1.0,0.0,2.3370161056518555,522.9828491210938,0.0,0.0,1.749387264251709,5,1502,32.0,0.0,0.0,0.0,0.0,0.0,1.0,0.0,1.480923056602478,1122.157470703125,0.0,0.0,0.0,4,1649,37.0,0.0,0.0,0.0,0.0,0.0,1.0,0.0,0.0,655.2446899414062,0.0,0.0,0.0,4,1132,6.0,0.0,0.0,0.0,0.0,0.0,2.0,0.0,0.588409423828125,456.2049255371094,0.0,0.0,2.158045530319214,0,0,0,7645,0,0,0,0,0,0,0,7374,0,0,0,0,7,3218,74.0,283.0,0.0,52.800005346536636,0.0,0.0,0.0,1.0,1.0,1.0,1.0,2.0,4.0,20.0,0.0,5.0,4.86393928527832,32.432942390441895,3992.571533203125,9189.320922851562,0.0,0.0,0.0,0.0,1.158413290977478,9.172561526298523,7,3348,8.0,52.40000534057617,0.0,1.0,0.0,0.0,4.0,1.0,10.461758613586426,723.2335205078125,0.0,0.0,1.631522297859192,8,3228,88.0,0.0,0.0,0.0,0.0,0.0,4.0,1.0,6.217432022094727,2605.37353515625,0.0,0.0,2.1998188495635986,7,3452,101.0,0.0,0.0,0.0,0.0,0.0,7.0,3.0,8.889812469482422,794.7242431640625,0.0,0.0,1.3306342363357544,6,2141,12.0,0.4000000059604645,0.0,0.0,0.0,1.0,1.0,0.0,2.0,1073.4180908203125,0.0,0.0,2.8521728515625,8,2896,67.0,276.0,0.0,59.200008392333984,0.0,3.200000286102295,0.0,1.0,1.0,1.0,0.0,0.0,3.0,18.0,0.0,3.0,4.730541706085205,22.907874584197998,1595.1265869140625,8734.142700195312,0.0,499.56982421875,0.0,0.0,4.8290629386901855,15.9869384765625,7,3368,9.0,59.200008392333984,3.200000286102295,1.0,0.0,0.0,4.0,2.0,9.135069847106934,2257.9765625,0.0,0.0,6.508056640625,8,3293,88.0,0.0,0.0,0.0,0.0,0.0,3.0,1.0,2.2291836738586426,2499.388427734375,0.0,0.0,0.0,7,3661,97.0,0.0,0.0,0.0,0.0,0.0,3.0,0.0,3.271211862564087,1166.4000244140625,499.56982421875,0.0,0.0,6,2092,15.0,0.0,0.0,0.0,0.0,0.0,5.0,0.0,3.54186749458313,1215.2510986328125,0.0,0.0,4.6498188972473145,1,1,2,15387,0,0,0,0,1,1,0,15310,0,0,0,0,10,5180,114.0,435.0,0.0,75.8000091612339,0.0,4.0,1.0,4.0,1.0,2.0,2.0,7.0,5.0,41.0,0.0,18.0,6.4530487060546875,86.42048645019531,7000.75146484375,18288.054809570312,0.0,0.0,0.0,0.0,2.3524906635284424,20.049880862236023,9,4830,10.0,72.40000915527344,4.0,2.0,0.0,1.0,6.0,3.0,18.578065872192383,2207.733154296875,0.0,0.0,3.2828588485717773,11,5215,148.0,0.0,0.0,0.0,0.0,2.0,5.0,6.0,15.310367584228516,5629.2578125,0.0,0.0,5.238193988800049,10,5147,146.0,3.0,0.0,0.0,1.0,0.0,12.0,5.0,22.672760009765625,1119.5264892578125,0.0,0.0,1.3306342363357544,7,3419,17.0,0.4000000059604645,0.0,1.0,0.0,2.0,13.0,4.0,23.4062442779541,2330.785888671875,0.0,0.0,7.845703125,10,4561,99.0,417.0,8.0,91.20001983642578,0.0,3.200000286102295,0.0,2.0,2.0,4.0,0.0,2.0,4.0,37.0,0.0,12.0,4.730541706085205,54.78651571273804,2997.87841796875,17672.975341796875,70.4561767578125,3415.4727783203125,0.0,0.0,8.052255630493164,33.19555687904358,9,4880,12.0,79.20001983642578,3.200000286102295,1.0,1.0,1.0,8.0,5.0,20.31920623779297,5010.85009765625,0.0,0.0,13.988638877868652,11,5615,143.0,4.0,0.0,0.0,0.0,0.0,6.0,3.0,6.25418758392334,6266.3330078125,0.0,0.0,3.1058647632598877,9,6333,141.0,0.0,0.0,1.0,0.0,0.0,5.0,1.0,8.85250186920166,1419.190673828125,3345.0166015625,0.0,0.0,7,3199,22.0,0.0,0.0,0.0,1.0,1.0,14.0,3.0,14.630078315734863,1978.72314453125,0.0,0.0,8.048797607421875,4,2,7,23791,0,1,0,0,2,4,2,24588,0,0,0,1,18,16359,287.0,1062.0,24.399995803833008,261.0000309050083,4.000000476837158,28.000000476837158,3.0,12.0,1.0,3.0,3.0,21.0,16.0,170.0,4.0,85.0,45.033103942871094,401.3882293701172,17960.1796875,74730.5986328125,1843.385986328125,20902.059104919434,0.0,0.0,8.528803825378418,58.6695122718811,15,11906,31.0,142.6000213623047,9.0,2.0,1.0,5.0,15.0,23.0,71.1406021118164,10198.9755859375,1326.8289794921875,0.0,13.845236778259277,18,17454,356.0,39.0,11.0,2.0,0.0,5.0,13.0,17.0,63.047523498535156,23489.400390625,12503.65625,0.0,8.710841178894043,18,18075,354.0,54.600013732910156,4.0,4.0,1.0,1.0,52.0,24.0,98.20372772216797,16519.689453125,5141.337890625,0.0,4.722814083099365,14,9538,34.0,0.4000000059604645,0.0,1.0,0.0,7.0,74.0,17.0,123.96327209472656,6562.353515625,86.8499984741211,0.0,22.86181640625,18,14420,295.0,1066.0,56.5,245.00004959106445,7.0,13.000000387430191,1.0,3.0,2.0,12.0,0.0,6.0,19.0,156.0,12.0,90.0,58.16606140136719,346.21785736083984,15493.720703125,67734.087890625,760.85009765625,8549.624618530273,0.0,0.0,21.852293014526367,77.2951774597168,14,9580,30.0,121.800048828125,3.200000286102295,1.0,3.0,2.0,27.0,23.0,72.65313720703125,9258.6904296875,0.0,0.0,29.781322479248047,17,15222,326.0,22.299999237060547,2.4000000953674316,0.0,3.0,1.0,13.0,15.0,44.41593933105469,27207.958984375,2978.660400390625,0.0,14.114279747009277,17,16768,378.0,44.400001525878906,0.4000000059604645,1.0,1.0,1.0,14.0,28.0,64.4027328491211,12866.521484375,4633.1083984375,0.0,0.0,13,7522,37.0,0.0,0.0,0.0,3.0,2.0,83.0,12.0,106.57998657226562,2907.1962890625,177.00572204589844,0.0,11.547282218933105,12,3,21,73332,1,3,2,9,3,12,6,63512,0,2,0,5
104366947889790212,108166997301178190,PCS Summer 2022,pcs_summer_2022,2022-06-23,2022-09-10,ESPORTSTMNT01:3086261,108166997302620184,5,Playoffs,playoffs,Playoffs,2022-08-26,1734,12.14.455.6722,200,3,100,107700199633958891,104367068120825486,CTBC Flying Oyster,PSG Talon,100,CFO Rest,Renekton,CFO Gemini,Viego,CFO Mission,Taliyah,CFO Shunn,Zeri,CFO Koala,Amumu,PSG Hanabi,Sejuani,PSG Burry,MonkeyKing,PSG Gori,Akali,PSG Unified,Sivir,PSG Kaiwing,Nautilus,100,3,100,100,2,0,1,100,4,0,0,5,1710,38.0,118.0,4.0,35.99999809265137,0.0,0.0,0.0,1.0,0.0,0.0,0.0,2.0,1.0,6.0,0.0,1.0,0.0,6.118081629276276,897.968017578125,3971.837432861328,0.0,0.0,0.0,0.0,2.3978424072265625,10.750248074531555,4,1763,0.0,31.999998092651367,0.0,0.0,0.0,1.0,2.0,0.0,2.6263623237609863,269.22821044921875,0.0,0.0,1.691142201423645,5,1725,38.0,0.0,0.0,0.0,0.0,0.0,1.0,0.0,1.559186339378357,1955.9132080078125,0.0,0.0,4.308508396148682,4,2123,37.0,0.0,0.0,1.0,0.0,0.0,2.0,0.0,0.8658663630485535,481.8792419433594,0.0,0.0,0.0,3,1107,5.0,0.0,0.0,0.0,0.0,1.0,0.0,1.0,1.066666603088379,366.8487548828125,0.0,0.0,2.352755069732666,5,1447,28.0,99.0,0.0,27.999998092651367,0.0,0.0,0.0,0.0,0.0,1.0,0.0,0.0,2.0,9.0,0.0,1.0,1.4405380487442017,8.541571259498596,483.5681457519531,1627.8218383789062,0.0,0.0,0.0,0.0,0.10081683099269867,0.6072933524847031,4,1573,0.0,27.999998092651367,0.0,0.0,0.0,0.0,2.0,0.0,2.0358028411865234,0.0,0.0,0.0,0.0,5,1626,37.0,0.0,0.0,0.0,0.0,0.0,1.0,0.0,1.4834660291671753,361.0242004394531,0.0,0.0,0.5064765214920044,3,1443,29.0,0.0,0.0,0.0,0.0,0.0,1.0,1.0,2.0989744663238525,693.2294921875,0.0,0.0,0.0,3,1082,5.0,0.0,0.0,0.0,1.0,0.0,3.0,0.0,1.4827898740768433,90.0,0.0,0.0,0.0,1,0,2,8428,0,0,0,0,0,1,0,7171,0,0,0,0,8,3521,96.0,298.0,4.0,73.60001373291016,0.0,0.0,0.0,1.0,0.0,0.0,0.0,2.0,4.0,18.0,0.0,4.0,6.021336555480957,27.17398190498352,2342.645263671875,7333.4322509765625,0.0,166.660400390625,0.0,0.0,4.8135528564453125,21.69945728778839,7,3612,1.0,65.60001373291016,0.0,0.0,0.0,1.0,3.0,1.0,7.539215087890625,269.22821044921875,0.0,0.0,1.691142201423645,9,3889,92.0,4.0,0.0,0.0,0.0,0.0,3.0,0.0,3.7491705417633057,3490.55810546875,166.660400390625,0.0,10.909974098205566,7,3892,95.0,0.0,0.0,1.0,0.0,0.0,6.0,2.0,6.4217529296875,772.8570556640625,0.0,0.0,0.6749119758605957,6,2123,14.0,0.0,0.0,0.0,0.0,1.0,2.0,1.0,3.442506790161133,458.14361572265625,0.0,0.0,3.6098761558532715,8,3128,85.0,271.0,0.0,66.40000915527344,0.0,6.400000095367432,0.0,0.0,0.0,1.0,0.0,0.0,5.0,18.0,1.0,5.0,4.404445171356201,26.61253023147583,1447.39111328125,4775.006042480469,0.0,863.3494720458984,0.0,0.0,0.7225149869918823,3.3198500871658325,7,3144,1.0,66.40000915527344,6.400000095367432,0.0,0.0,0.0,3.0,1.0,6.104493141174316,733.9844360351562,0.0,0.0,1.835293173789978,9,3303,91.0,0.0,0.0,0.0,0.0,0.0,3.0,0.0,4.4903950691223145,1080.2030029296875,0.0,0.0,0.7620419263839722,6,3157,81.0,0.0,0.0,0.0,0.0,0.0,3.0,2.0,5.265535831451416,1423.427490234375,749.2002563476562,0.0,0.0,6,2080,13.0,0.0,0.0,0.0,1.0,0.0,4.0,1.0,6.347661018371582,90.0,114.14921569824219,0.0,0.0,1,0,2,17037,0,1,0,0,0,1,0,14812,0,0,0,0,11,5629,153.0,458.0,12.0,121.60002136230469,0.0,4.0,0.0,3.0,0.0,2.0,0.0,6.0,6.0,35.0,1.0,10.0,15.238011360168457,75.79821681976318,3062.86328125,14293.05322265625,0.0,1463.2312622070312,0.0,0.0,5.6881256103515625,29.56549382209778,9,5313,4.0,97.60002136230469,4.0,0.0,0.0,3.0,4.0,3.0,14.434219360351562,2552.77099609375,0.0,0.0,3.758835554122925,11,6671,138.0,12.0,0.0,1.0,1.0,1.0,5.0,3.0,11.198890686035156,5193.4580078125,1093.2938232421875,0.0,11.41845989227295,9,5579,142.0,0.0,0.0,1.0,1.0,1.0,10.0,2.0,15.647882461547852,2324.046630859375,369.93743896484375,0.0,1.4445042610168457,7,3355,21.0,0.0,0.0,1.0,0.0,1.0,10.0,1.0,19.279212951660156,1159.914306640625,0.0,0.0,7.255568504333496,11,5187,142.0,440.0,0.0,82.40001678466797,0.0,6.400000095367432,0.0,2.0,0.0,3.0,0.0,2.0,6.0,37.0,2.0,10.0,12.497574806213379,63.613781452178955,2228.45556640625,10461.270385742188,84.31304931640625,5323.589157104492,0.0,0.0,2.2836740016937256,15.881562769412994,9,4402,2.0,82.40001678466797,6.400000095367432,0.0,1.0,0.0,5.0,2.0,12.624061584472656,1046.0277099609375,1069.85498046875,0.0,3.0492825508117676,11,5544,143.0,0.0,0.0,1.0,0.0,0.0,4.0,0.0,4.4903950691223145,2704.949462890625,836.5646362304688,0.0,0.8451331257820129,9,5632,133.0,0.0,0.0,1.0,0.0,0.0,6.0,2.0,6.959820747375488,3197.7705078125,3218.707275390625,0.0,0.0,7,3361,20.0,0.0,0.0,0.0,2.0,2.0,16.0,4.0,27.041929244995117,1284.067138671875,114.14921569824219,0.0,9.703473091125488,3,2,6,26547,0,2,0,0,2,3,2,24126,0,0,0,1,17,13827,272.0,830.0,29.499998092651367,215.59997367858887,4.0,12.0,4.0,18.0,1.0,5.0,7.0,46.0,10.0,105.0,5.0,46.0,32.77686309814453,256.3965950012207,12232.2529296875,64626.88232421875,2192.15625,12993.66064453125,0.0,0.0,13.841142654418945,77.46020770072937,15,10824,29.0,137.5999755859375,8.0,3.0,1.0,9.0,11.0,13.0,48.20418167114258,9360.4140625,2001.07568359375,0.0,9.681147575378418,17,14900,235.0,44.0,0.0,7.0,1.0,8.0,9.0,7.0,33.009765625,22527.65625,2616.7412109375,0.0,24.1488094329834,15,13239,261.0,4.5,0.0,3.0,1.0,10.0,32.0,17.0,72.65088653564453,14773.134765625,6183.6875,0.0,3.103227376937866,13,7545,33.0,0.0,0.0,1.0,1.0,12.0,43.0,4.0,69.75489807128906,5733.42431640625,0.0,0.0,26.685880661010742,15,8956,225.0,761.0,4.0,162.4000301361084,0.0,10.399999618530273,0.0,5.0,4.0,18.0,2.0,9.0,9.0,97.0,8.0,39.0,25.759300231933594,189.6518611907959,8259.458984375,44108.4326171875,84.31304931640625,5323.589157104492,0.0,0.0,11.551897048950195,47.578368186950684,12,7578,11.0,126.40003204345703,10.399999618530273,0.0,4.0,2.0,10.0,7.0,30.216028213500977,5432.8642578125,1069.85498046875,0.0,12.24508285522461,15,10447,229.0,8.0,0.0,3.0,2.0,0.0,10.0,6.0,27.938865661621094,11567.1708984375,836.5646362304688,0.0,1.4669947624206543,14,11283,264.0,23.999998092651367,0.0,2.0,3.0,1.0,9.0,6.0,21.562671661376953,15965.771484375,3218.707275390625,0.0,1.431729793548584,10,5904,32.0,0.0,0.0,0.0,5.0,4.0,59.0,12.0,84.17499542236328,2883.1669921875,114.14921569824219,0.0,20.88266372680664,18,5,46,60335,1,4,1,8,5,18,9,44168,0,0,0,1
104366947889790212,108166997301178190,PCS Summer 2022,pcs_summer_2022,2022-06-23,2022-09-10,ESPORTSTMNT01:3086332,108166997302620206,1,Playoffs,playoffs,Playoffs,2022-08-27,1993,12.14.455.6722,100,1,100,107700204561086446,107760667929003738,Deep Cross Gaming,Frank Esports,100,DCG Leaky,Renekton,DCG Hana,Vi,DCG Nestea,Lissandra,DCG Cryscata,Kalista,DCG Woody,Leona,FAK YSKM,Jax,FAK Holo,Trundle,FAK Pretender,Ahri,FAK MnM,Aphelios,FAK Keres,Nautilus,200,3,100,100,2,0,0,0,0,0,0,4,1535,27.0,115.0,4.0,31.999998092651367,0.0,0.0,0.0,0.0,0.0,0.0,0.0,0.0,1.0,6.0,0.0,3.0,1.5495381355285645,12.392133712768555,1317.4122314453125,2670.1247749328613,0.0,0.0,0.0,0.0,1.3675689697265625,4.488021612167358,4,1585,2.0,27.999998092651367,0.0,0.0,0.0,0.0,0.0,2.0,4.025000095367432,0.0,0.0,0.0,0.0,5,1675,40.0,0.0,0.0,0.0,0.0,0.0,2.0,0.0,2.0359046459198,63.18840408325195,0.0,0.0,0.0,4,1654,39.0,0.0,0.0,0.0,0.0,0.0,2.0,0.0,1.4400203227996826,976.8424682617188,0.0,0.0,1.0601370334625244,4,1142,7.0,0.0,0.0,0.0,0.0,0.0,1.0,1.0,3.341670513153076,312.6816711425781,0.0,0.0,2.0603156089782715,5,1654,39.0,129.0,0.0,23.999998092651367,0.0,0.0,0.0,0.0,0.0,0.0,0.0,0.0,1.0,10.0,0.0,1.0,0.0,6.687297940254211,1446.39794921875,3052.7657470703125,0.0,0.0,0.0,0.0,2.1748199462890625,9.276392459869385,4,1498,1.0,23.999998092651367,0.0,0.0,0.0,0.0,3.0,1.0,3.232316255569458,0.0,0.0,0.0,0.0,5,1745,44.0,0.0,0.0,0.0,0.0,0.0,2.0,0.0,1.2205523252487183,677.6410522460938,0.0,0.0,1.29901123046875,4,1619,37.0,0.0,0.0,0.0,0.0,0.0,2.0,0.0,0.0,621.5682373046875,0.0,0.0,0.0,4,1167,8.0,0.0,0.0,0.0,0.0,0.0,2.0,0.0,2.234429359436035,307.15850830078125,0.0,0.0,5.802561283111572,0,0,0,7591,0,0,0,0,0,0,0,7683,0,0,0,0,8,4004,84.0,276.0,4.0,64.1500039100647,0.0,4.0,0.0,2.0,0.0,0.0,2.0,3.0,2.0,15.0,0.0,7.0,4.331068992614746,32.415242195129395,3079.271484375,5892.8218994140625,2589.37646484375,2589.37646484375,0.0,0.0,6.9682769775390625,14.909521341323853,6,3295,4.0,56.000003814697266,4.0,0.0,0.0,1.0,3.0,4.0,13.334920883178711,299.576416015625,0.0,0.0,0.76287841796875,9,3820,97.0,0.0,0.0,1.0,0.0,0.0,3.0,1.0,5.069238185882568,862.59423828125,0.0,0.0,2.34307861328125,6,3118,75.0,4.150000095367432,0.0,0.0,0.0,0.0,2.0,0.0,2.8866491317749023,1133.95458984375,0.0,0.0,1.0601370334625244,6,2563,16.0,0.0,0.0,1.0,0.0,0.0,5.0,2.0,6.793365001678467,517.4251708984375,0.0,0.0,3.7751502990722656,7,2817,64.0,290.0,0.0,51.749996185302734,0.0,0.0,0.0,0.0,2.0,2.0,0.0,0.0,4.0,22.0,0.0,7.0,2.4162049293518066,36.38358974456787,3245.974609375,4989.76953125,0.0,0.0,0.0,0.0,5.5527801513671875,12.65435266494751,6,2826,10.0,47.749996185302734,0.0,0.0,0.0,0.0,3.0,4.0,9.509967803955078,0.0,0.0,0.0,0.0,8,3647,104.0,4.0,0.0,0.0,0.0,0.0,3.0,1.0,6.464107513427734,677.6410522460938,0.0,0.0,1.29901123046875,7,3402,96.0,0.0,0.0,0.0,0.0,0.0,4.0,1.0,7.936558246612549,758.995361328125,0.0,0.0,0.0,6,2168,16.0,0.0,0.0,0.0,0.0,0.0,8.0,1.0,10.056751251220703,307.15850830078125,0.0,0.0,5.802561283111572,2,0,3,16800,0,0,0,0,0,2,0,14860,0,1,0,0,11,6324,131.0,438.0,15.999998092651367,104.25000381469727,4.0,13.5,0.0,4.0,0.0,1.0,2.0,7.0,5.0,31.0,1.0,14.0,7.5404815673828125,67.5226354598999,4292.38037109375,11835.373962402344,3221.2294921875,3650.669662475586,0.0,0.0,8.466403007507324,29.805540561676025,8,5039,4.0,70.10000610351562,5.5,1.0,1.0,1.0,5.0,4.0,19.0363826751709,975.2194213867188,0.0,0.0,2.8663330078125,11,6227,146.0,10.0,4.0,2.0,0.0,1.0,5.0,1.0,7.188190460205078,3521.670166015625,141.78831481933594,0.0,8.278261184692383,9,5413,132.0,8.149999618530273,0.0,0.0,0.0,1.0,4.0,3.0,11.210476875305176,2093.8544921875,287.65185546875,0.0,2.0871100425720215,8,3918,25.0,0.0,0.0,1.0,0.0,2.0,12.0,5.0,22.547103881835938,952.24951171875,0.0,0.0,8.107433319091797,10,4418,112.0,458.0,0.0,79.75,0.0,0.0,0.0,1.0,2.0,4.0,0.0,3.0,5.0,36.0,0.0,12.0,9.050053596496582,70.00429916381836,3994.3681640625,9221.559539794922,0.0,244.30374145507812,0.0,0.0,7.2905731201171875,24.423661828041077,9,4262,16.0,75.75,0.0,0.0,0.0,1.0,4.0,6.0,15.417080879211426,499.5237731933594,0.0,0.0,0.9358397722244263,11,5513,149.0,4.0,0.0,1.0,1.0,0.0,4.0,1.0,7.464107513427734,2137.42724609375,0.0,0.0,2.569580078125,9,5381,153.0,0.0,0.0,0.0,0.0,1.0,8.0,2.0,12.028692245483398,2038.832275390625,244.30374145507812,0.0,4.435978412628174,7,3432,28.0,0.0,0.0,0.0,1.0,1.0,15.0,3.0,26.04436492919922,551.4080810546875,0.0,0.0,9.191690444946289,4,1,7,26921,0,0,0,1,1,4,3,23006,0,1,0,0,18,14720,255.0,863.0,46.79999542236328,292.44996452331543,18.799999237060547,62.199997425079346,2.0,16.0,0.0,7.0,9.0,38.0,6.0,90.0,5.0,50.0,28.21361541748047,250.13374137878418,16347.736328125,66336.69921875,5063.81982421875,19628.280334472656,0.0,0.0,14.91744327545166,94.31006908416748,16,12649,14.0,190.0999755859375,29.0,2.0,4.0,6.0,11.0,12.0,48.32996368408203,6950.384765625,4118.92431640625,0.0,14.39637279510498,18,15250,278.0,30.999996185302734,9.999998092651367,5.0,1.0,9.0,5.0,1.0,12.354856491088867,24593.59765625,6628.32861328125,0.0,29.130008697509766,16,15197,281.0,24.549997329711914,4.400000095367432,4.0,0.0,5.0,11.0,19.0,64.15274047851562,13442.3583984375,3466.549072265625,0.0,8.004229545593262,13,9005,35.0,0.0,0.0,3.0,2.0,9.0,57.0,13.0,97.08256530761719,5002.6220703125,350.65850830078125,0.0,27.862014770507812,15,10434,234.0,892.0,4.0,123.54999732971191,0.0,0.0,0.0,7.0,5.0,16.0,1.0,19.0,15.0,118.0,1.0,42.0,26.367313385009766,247.5232048034668,9940.0556640625,60069.434814453125,1346.796142578125,2965.8076171875,0.0,0.0,11.300216674804688,102.69055795669556,13,8337,32.0,102.75,0.0,1.0,5.0,5.0,9.0,14.0,39.955535888671875,8070.30322265625,0.0,0.0,20.16988182067871,16,11985,301.0,4.0,0.0,2.0,1.0,4.0,7.0,5.0,22.35584259033203,17842.7421875,0.0,0.0,19.122217178344727,15,12943,291.0,12.799997329711914,0.0,2.0,2.0,5.0,28.0,14.0,65.15403747558594,20739.341796875,1619.011474609375,0.0,7.867697238922119,13,7496,34.0,0.0,0.0,2.0,3.0,4.0,59.0,8.0,93.69047546386719,3476.991943359375,0.0,0.0,44.23054504394531,16,7,38,66821,1,3,2,9,7,16,19,51195,0,1,0,1
104366947889790212,108166997301178190,PCS Summer 2022,pcs_summer_2022,2022-06-23,2022-09-10,ESPORTSTMNT01:3086333,108166997302620207,2,Playoffs,playoffs,Playoffs,2022-08-27,1776,12.14.455.6722,200,1,200,107760667929003738,107700204561086446,Frank Esports,Deep Cross Gaming,200,FAK YSKM,Camille,FAK Holo,Poppy,FAK Pretender,Akali,FAK MnM,Aphelios,FAK Keres,Lulu,DCG Leaky,Aatrox,DCG Hana,Sejuani,DCG Nestea,Sylas,DCG Cryscata,Lucian,DCG Woody,Nami,100,2,200,100,1,1,0,0,0,0,0,5,1471,30.0,97.0,0.0,32.0,0.0,0.0,0.0,1.0,0.0,1.0,0.0,1.0,0.0,5.0,1.0,1.0,1.2833333015441895,7.63917088508606,1027.220947265625,5277.0928955078125,0.0,0.0,0.0,0.0,3.345127582550049,12.57527369260788,4,1642,0.0,32.0,0.0,0.0,0.0,0.0,2.0,0.0,2.415647029876709,0.0,0.0,0.0,0.0,5,1486,31.0,0.0,0.0,0.0,1.0,0.0,1.0,0.0,1.5023882389068604,1519.611083984375,0.0,0.0,0.8145856261253357,4,1727,34.0,0.0,0.0,0.0,0.0,1.0,2.0,0.0,1.4378023147583008,1092.373046875,0.0,0.0,4.471100807189941,4,1590,2.0,0.0,0.0,1.0,0.0,0.0,0.0,0.0,1.0,1637.8878173828125,0.0,0.0,3.9444596767425537,5,1542,33.0,101.0,0.0,24.0,0.0,0.0,0.0,1.0,0.0,1.0,0.0,1.0,1.0,5.0,0.0,1.0,0.0,6.414840459823608,967.1854248046875,4391.140563964844,0.0,0.0,0.0,0.0,2.5922043323516846,6.489548981189728,4,1718,1.0,24.0,0.0,0.0,0.0,1.0,1.0,1.0,4.084600448608398,379.0146484375,0.0,0.0,0.9569094777107239,5,1977,34.0,0.0,0.0,1.0,0.0,0.0,1.0,0.0,1.4969066381454468,1182.0511474609375,0.0,0.0,1.8394668102264404,4,1619,33.0,0.0,0.0,0.0,0.0,0.0,1.0,0.0,0.0,1152.5947265625,0.0,0.0,0.0,3,1145,0.0,0.0,0.0,0.0,1.0,0.0,1.0,0.0,0.8333333730697632,710.2946166992188,0.0,0.0,1.100968360900879,1,1,1,7916,0,0,0,0,1,1,1,8001,0,0,0,0,9,3456,69.0,237.0,8.0,71.25001525878906,0.0,0.0,1.0,3.0,0.0,2.0,1.0,4.0,3.0,20.0,1.0,5.0,4.4860944747924805,31.360163927078247,2975.903564453125,12127.536163330078,263.310791015625,420.4187469482422,0.0,0.0,6.201725959777832,22.84716296195984,6,2844,0.0,59.25001525878906,0.0,0.0,1.0,0.0,2.0,0.0,6.290647029876709,85.92312622070312,0.0,0.0,2.529144287109375,8,3402,83.0,4.0,0.0,0.0,1.0,1.0,4.0,0.0,2.788316488265991,4119.59716796875,0.0,0.0,1.200639009475708,7,3394,79.0,0.0,0.0,0.0,0.0,2.0,5.0,1.0,9.1968994140625,2166.330810546875,157.1079559326172,0.0,5.601449966430664,6,2841,6.0,0.0,0.0,2.0,0.0,0.0,6.0,3.0,8.598206520080566,2779.781494140625,0.0,0.0,7.31420373916626,8,3464,72.0,230.0,4.0,56.00000762939453,0.0,0.0,1.0,2.0,2.0,3.0,0.0,3.0,3.0,15.0,0.0,5.0,3.064213275909424,25.572230577468872,3219.86572265625,10256.354248046875,165.26089477539062,165.26089477539062,0.0,0.0,6.712695121765137,16.62315344810486,7,3119,4.0,52.00000762939453,0.0,0.0,0.0,2.0,1.0,1.0,5.584600448608398,528.47119140625,0.0,0.0,2.069519281387329,8,3494,73.0,0.0,0.0,1.0,0.0,1.0,3.0,0.0,2.6053102016448975,3166.355712890625,0.0,0.0,4.838595867156982,6,3180,80.0,0.0,0.0,0.0,0.0,0.0,3.0,3.0,8.711325645446777,2271.38671875,0.0,0.0,0.0,6,1957,1.0,0.0,0.0,0.0,1.0,0.0,5.0,1.0,5.606781005859375,1070.27490234375,0.0,0.0,3.00234317779541,3,2,4,15937,0,1,0,0,2,3,3,15214,0,0,0,0,10,4835,102.0,353.0,12.0,94.2500228881836,0.0,0.0,1.0,3.0,1.0,3.0,1.0,4.0,6.0,35.0,1.0,11.0,12.764839172363281,66.07705402374268,5332.65576171875,19880.134246826172,263.310791015625,420.4187469482422,0.0,0.0,9.919187545776367,32.095255613327026,8,3910,0.0,78.2500228881836,0.0,0.0,1.0,0.0,4.0,0.0,11.974220275878906,416.3317565917969,0.0,0.0,5.899749755859375,10,5361,123.0,4.0,0.0,0.0,1.0,1.0,4.0,0.0,4.996044158935547,6649.6484375,0.0,0.0,1.4548366069793701,8,4713,117.0,0.0,0.0,0.0,0.0,2.0,6.0,2.0,13.449406623840332,3956.407470703125,157.1079559326172,0.0,5.601449966430664,7,3677,11.0,0.0,0.0,2.0,0.0,0.0,15.0,8.0,22.89254379272461,3525.0908203125,0.0,0.0,9.22003173828125,10,5665,113.0,356.0,8.0,84.00001525878906,0.0,0.0,2.0,3.0,2.0,3.0,0.0,4.0,5.0,33.0,0.0,14.0,5.068398475646973,67.23140525817871,6414.47412109375,18504.727783203125,1592.3275146484375,1592.3275146484375,0.0,0.0,11.114710807800293,29.92384386062622,9,4498,7.0,76.00001525878906,0.0,0.0,0.0,3.0,3.0,4.0,16.051124572753906,1857.6845703125,0.0,0.0,5.645846843719482,10,4935,116.0,0.0,0.0,1.0,0.0,1.0,5.0,0.0,2.938643455505371,3881.751220703125,0.0,0.0,5.2870612144470215,8,4680,114.0,0.0,0.0,0.0,0.0,0.0,6.0,4.0,18.290006637573242,4504.505859375,0.0,0.0,0.0,7,2979,6.0,0.0,0.0,0.0,1.0,0.0,14.0,6.0,24.88323211669922,1846.31201171875,0.0,0.0,7.876224994659424,3,3,4,22496,0,1,0,0,3,3,4,22757,0,1,0,0,15,10941,208.0,707.0,20.0,177.25006103515625,4.0,8.0,3.0,9.0,4.0,15.0,2.0,13.0,11.0,87.0,9.0,50.0,37.64583206176758,190.36868572235107,17911.060546875,62207.0830078125,1789.3428955078125,5305.711296081543,0.0,0.0,18.7109317779541,83.05795288085938,13,7981,17.0,128.75006103515625,4.0,1.0,4.0,1.0,8.0,12.0,38.27918243408203,4150.44873046875,481.0386962890625,0.0,18.8221435546875,15,10559,226.0,12.5,0.0,1.0,3.0,2.0,6.0,1.0,13.261977195739746,15489.3466796875,1714.43017578125,0.0,2.7523155212402344,13,10233,219.0,16.0,0.0,2.0,3.0,3.0,13.0,5.0,26.929061889648438,17434.0,1245.3173828125,0.0,14.167142868041992,11,7081,37.0,0.0,0.0,2.0,1.0,5.0,49.0,23.0,74.25263214111328,7222.22705078125,75.58214569091797,0.0,28.605419158935547,16,14109,215.0,680.0,28.0,189.50004386901855,4.0,4.0,6.0,15.0,3.0,10.0,7.0,42.0,12.0,97.0,1.0,40.0,27.529884338378906,221.41601181030273,19578.06640625,73016.72314453125,7733.8173828125,17175.156494140625,0.0,0.0,22.815073013305664,96.8970798254013,14,9573,21.0,125.50004577636719,0.0,0.0,1.0,15.0,8.0,13.0,47.903751373291016,10599.916015625,833.511962890625,0.0,25.64885711669922,16,10836,196.0,20.0,0.0,4.0,1.0,5.0,10.0,0.0,14.431827545166016,17117.115234375,3735.43603515625,0.0,24.550148010253906,14,13310,234.0,15.999998092651367,0.0,5.0,3.0,6.0,10.0,15.0,45.14590835571289,19453.09375,3811.794677734375,0.0,1.6394122838974,12,7395,14.0,0.0,0.0,0.0,2.0,9.0,57.0,11.0,86.4046401977539,6268.53173828125,1060.596435546875,0.0,22.243589401245117,9,15,13,46795,0,2,0,3,15,10,42,55223,1,2,1,7
104366947889790212,108166997301178190,PCS Summer 2022,pcs_summer_2022,2022-06-23,2022-09-10,ESPORTSTMNT01:3086335,108166997302620208,3,Playoffs,playoffs,Playoffs,2022-08-27,1657,12.14.455.6722,100,2,100,107760667929003738,107700204561086446,Frank Esports,Deep Cross Gaming,200,FAK Kirt,Ornn,FAK Holo,Trundle,FAK Pretender,Azir,FAK MnM,Aphelios,FAK Keres,Lulu,DCG Leaky,Gnar,DCG Hana,MonkeyKing,DCG Nestea,Ahri,DCG Cryscata,Lucian,DCG Woody,Nami,100,5,200,200,1,1,0,0,0,0,0,5,1528,31.0,103.0,0.0,27.249998092651367,0.0,0.0,0.0,0.0,0.0,0.0,0.0,0.0,2.0,8.0,0.0,1.0,1.5277537107467651,11.236705422401428,720.2450561523438,3545.7779541015625,0.0,0.0,0.0,0.0,1.0610337257385254,3.8612629175186157,4,1526,0.0,27.249998092651367,0.0,0.0,0.0,0.0,1.0,0.0,2.9352712631225586,0.0,0.0,0.0,0.0,5,1707,39.0,0.0,0.0,0.0,0.0,0.0,1.0,0.0,1.4611396789550781,1179.7366943359375,0.0,0.0,0.9995156526565552,4,1545,33.0,0.0,0.0,0.0,0.0,0.0,2.0,1.0,2.8204171657562256,606.5133666992188,0.0,0.0,0.0,3,1195,0.0,0.0,0.0,0.0,0.0,0.0,2.0,0.0,2.492123603820801,1039.2828369140625,0.0,0.0,1.8007135391235352,5,1510,34.0,108.0,0.0,27.999998092651367,0.0,0.0,0.0,0.0,0.0,0.0,0.0,0.0,1.0,8.0,0.0,0.0,0.0,4.256073892116547,1341.5103759765625,3273.8496856689453,27.857328414916992,27.857328414916992,0.0,0.0,3.4449825286865234,4.533693909645081,4,1565,0.0,27.999998092651367,0.0,0.0,0.0,0.0,1.0,0.0,2.2735161781311035,0.0,0.0,0.0,0.0,5,1591,36.0,0.0,0.0,0.0,0.0,0.0,3.0,0.0,1.4492243528366089,188.7583770751953,0.0,0.0,0.0,4,1708,38.0,0.0,0.0,0.0,0.0,0.0,1.0,0.0,0.0,1196.6636962890625,0.0,0.0,0.0,4,1105,0.0,0.0,0.0,0.0,0.0,0.0,2.0,0.0,0.5333333611488342,546.917236328125,0.0,0.0,1.0887113809585571,0,0,0,7501,0,0,0,0,0,0,0,7479,0,0,0,0,8,3247,76.0,247.0,0.0,47.25000762939453,0.0,0.0,0.0,1.0,0.0,1.0,1.0,1.0,4.0,25.0,0.0,5.0,4.845778465270996,34.36548042297363,2438.147705078125,9470.82861328125,0.0,0.0,0.0,0.0,6.293906211853027,20.848942756652832,6,3049,1.0,47.25000762939453,0.0,1.0,0.0,0.0,5.0,0.0,7.195743560791016,375.6688232421875,0.0,0.0,3.0652151107788086,8,3423,89.0,0.0,0.0,0.0,1.0,0.0,5.0,2.0,7.133382797241211,3322.83544921875,0.0,0.0,3.4278900623321533,6,3002,80.0,0.0,0.0,0.0,0.0,0.0,4.0,2.0,6.381385803222656,1538.9122314453125,0.0,0.0,2.0917680263519287,5,2086,1.0,0.0,0.0,0.0,0.0,0.0,7.0,1.0,8.809189796447754,1795.264404296875,0.0,0.0,5.970163345336914,8,3525,90.0,269.0,4.0,56.00000762939453,0.0,0.0,0.0,1.0,1.0,1.0,0.0,1.0,3.0,20.0,1.0,8.0,4.54827880859375,36.90510082244873,4184.40185546875,11064.954162597656,27.857328414916992,286.17663383483887,0.0,0.0,11.066675186157227,20.08262872695923,7,3415,11.0,52.00000762939453,0.0,1.0,0.0,0.0,3.0,5.0,16.177040100097656,1084.619873046875,0.0,0.0,1.209014892578125,8,3361,86.0,0.0,0.0,0.0,0.0,1.0,5.0,1.0,6.878705024719238,803.8013305664062,0.0,0.0,2.9920654296875,6,3296,81.0,0.0,0.0,0.0,0.0,0.0,3.0,0.0,3.0502190589904785,3392.441650390625,0.0,0.0,0.0,6,2064,1.0,0.0,0.0,0.0,0.0,0.0,6.0,1.0,6.250857830047607,1599.689453125,258.3193054199219,0.0,4.814873218536377,1,1,1,14807,0,0,0,0,1,1,1,15661,0,0,0,0,10,4757,122.0,404.0,0.0,77.00000762939453,0.0,0.0,0.0,2.0,0.0,1.0,1.0,2.0,7.0,40.0,0.0,11.0,9.61683464050293,62.738749504089355,3785.830810546875,15483.2177734375,0.0,166.87332153320312,0.0,0.0,10.05368709564209,33.699944496154785,8,4596,3.0,70.00000762939453,0.0,2.0,0.0,0.0,5.0,1.0,13.141557693481445,1519.256103515625,0.0,0.0,6.85606050491333,11,5436,149.0,4.0,0.0,0.0,1.0,0.0,8.0,2.0,9.146313667297363,4738.06494140625,0.0,0.0,4.486616134643555,9,4801,127.0,3.0,0.0,0.0,0.0,1.0,6.0,5.0,8.956342697143555,3004.427490234375,0.0,0.0,3.818098545074463,7,2998,3.0,0.0,0.0,0.0,0.0,0.0,14.0,3.0,21.877700805664062,2435.638427734375,166.87332153320312,0.0,8.485482215881348,11,5649,138.0,433.0,10.25,82.25001525878906,0.0,4.000000476837158,0.0,1.0,1.0,2.0,0.0,1.0,4.0,37.0,1.0,16.0,7.826338768005371,80.18423891067505,5460.7275390625,15001.193359375,1408.824462890625,2616.526611328125,0.0,0.0,14.703841209411621,25.88522756099701,8,4996,21.0,72.00001525878906,4.000000476837158,1.0,0.0,0.0,4.0,8.0,25.15020751953125,1387.9554443359375,0.0,0.0,1.6594661474227905,10,5027,135.0,0.0,0.0,0.0,0.0,1.0,6.0,4.0,14.242956161499023,1134.1260986328125,0.0,0.0,2.9920654296875,9,5250,137.0,0.0,0.0,0.0,1.0,0.0,5.0,1.0,6.622899532318115,5345.95361328125,759.89111328125,0.0,0.0,8,3009,2.0,0.0,0.0,0.0,0.0,0.0,18.0,2.0,26.34183692932129,1672.4306640625,447.81103515625,0.0,6.529854774475098,2,1,2,22588,0,1,0,0,1,2,1,23931,0,0,0,0,14,8417,199.0,656.0,0.5,121.50001335144043,0.0,0.0,0.0,5.0,3.0,17.0,2.0,5.0,13.0,88.0,2.0,39.0,22.53572654724121,174.0977725982666,10911.578125,49710.480712890625,0.0,2570.0238342285156,0.0,0.0,31.086721420288086,99.46420955657959,11,7500,25.0,93.60001373291016,0.0,2.0,3.0,0.0,9.0,14.0,32.35539245605469,4842.8466796875,624.9293212890625,0.0,19.865983963012695,15,10465,235.0,12.0,0.0,2.0,4.0,1.0,13.0,4.0,23.664621353149414,14384.6396484375,727.70166015625,0.0,13.171923637390137,11,8583,186.0,15.399999618530273,0.0,1.0,4.0,1.0,11.0,9.0,22.993104934692383,16026.1630859375,854.6688232421875,0.0,14.050548553466797,9,5395,11.0,0.0,0.0,0.0,3.0,1.0,42.0,10.0,72.5489273071289,3545.253173828125,362.7240295410156,0.0,21.289031982421875,16,13457,238.0,727.0,29.899999618530273,167.50003623962402,3.4000000953674316,14.999998569488525,2.0,17.0,1.0,5.0,9.0,46.0,10.0,88.0,6.0,45.0,29.24666404724121,218.6533432006836,22775.587890625,66882.6875,8985.5859375,22075.561401367188,0.0,0.0,36.82258224487305,90.38025522232056,14,10509,34.0,121.60003662109375,11.599998474121094,3.0,1.0,8.0,8.0,12.0,45.24645233154297,6761.33544921875,5181.79345703125,0.0,11.899138450622559,15,11583,223.0,8.0,0.0,6.0,0.0,9.0,6.0,7.0,28.544836044311523,13752.384765625,1746.229736328125,0.0,18.48304557800293,14,12869,221.0,8.0,0.0,6.0,3.0,5.0,11.0,9.0,34.9988899230957,17702.341796875,4250.72021484375,0.0,3.194547176361084,12,7593,11.0,0.0,0.0,0.0,0.0,15.0,53.0,11.0,80.61650085449219,5891.03759765625,1911.2320556640625,0.0,19.980941772460938,5,17,5,40360,0,1,0,1,17,5,46,56011,1,1,1,11
104366947889790212,108166997301178190,PCS Summer 2022,pcs_summer_2022,2022-06-23,2022-09-10,ESPORTSTMNT01:3086445,108166997302620204,1,Playoffs,playoffs,Playoffs,2022-08-28,1850,12.14.455.6722,100,2,200,104367068120825486,99566406490127625,PSG Talon,J Team,100,PSG Hanabi,Renekton,PSG Burry,MonkeyKing,PSG Gori,Ahri,PSG Unified,Zeri,PSG Kaiwing,Leona,JT Rock,Aatrox,JT Kongyue,Sejuani,JT Uniboy,Swain,JT Lilv,Aphelios,JT Enso,Nautilus,100,4,100,100,2,0,1,100,6,0,0,5,1654,39.0,116.0,0.0,21.5,0.0,0.0,0.0,0.0,0.0,1.0,0.0,0.0,1.0,8.0,0.0,1.0,1.4749621152877808,7.456333518028259,745.0827026367188,2525.633056640625,0.0,0.0,0.0,0.0,0.67645263671875,4.7177481055259705,3,1383,0.0,21.5,0.0,0.0,0.0,0.0,2.0,0.0,2.0840673446655273,260.27935791015625,0.0,0.0,0.45759421586990356,5,1594,36.0,0.0,0.0,0.0,1.0,0.0,2.0,1.0,1.9215047359466553,968.3995361328125,0.0,0.0,1.3482513427734375,4,1598,35.0,0.0,0.0,0.0,0.0,0.0,1.0,0.0,0.0,460.85198974609375,0.0,0.0,0.6748942136764526,4,1125,6.0,0.0,0.0,0.0,0.0,0.0,2.0,0.0,1.975799322128296,91.01947021484375,0.0,0.0,1.5605556964874268,5,1346,21.0,97.0,0.0,27.999998092651367,0.0,0.0,0.0,1.0,0.0,0.0,0.0,1.0,2.0,8.0,0.0,3.0,0.0,7.399077355861664,824.2564697265625,3343.0679931640625,0.0,190.16021728515625,0.0,0.0,1.7477188110351562,8.298873364925385,4,1996,2.0,27.999998092651367,0.0,1.0,0.0,0.0,1.0,2.0,3.3558144569396973,906.3113403320312,0.0,0.0,3.3253612518310547,5,1672,31.0,0.0,0.0,0.0,0.0,1.0,2.0,0.0,0.6049924492835999,738.9874877929688,0.0,0.0,0.43500274419784546,4,1587,36.0,0.0,0.0,0.0,0.0,0.0,2.0,1.0,1.5,761.7739868164062,190.16021728515625,0.0,0.0,4,1163,7.0,0.0,0.0,0.0,0.0,0.0,1.0,0.0,1.9382704496383667,111.73870849609375,0.0,0.0,2.790790557861328,0,1,0,7354,0,0,0,0,1,0,1,7764,0,0,0,0,8,3406,89.0,278.0,4.0,60.0,0.0,0.0,0.0,3.0,0.0,2.0,0.0,5.0,4.0,23.0,1.0,5.0,3.9598615169525146,31.160138845443726,1864.851318359375,7765.753662109375,0.0,56.58738708496094,0.0,0.0,2.020904541015625,14.401969015598297,7,3375,0.0,56.0,0.0,1.0,0.0,0.0,4.0,0.0,9.6189603805542,527.8358154296875,0.0,0.0,0.45759421586990356,8,3782,92.0,0.0,0.0,1.0,1.0,2.0,7.0,2.0,6.695139408111572,2920.009521484375,0.0,0.0,3.1288604736328125,7,3510,83.0,0.0,0.0,1.0,0.0,0.0,4.0,1.0,7.07704496383667,1691.2255859375,56.58738708496094,0.0,1.7193801403045654,6,2422,14.0,0.0,0.0,0.0,1.0,3.0,4.0,1.0,3.8091325759887695,761.8314208984375,0.0,0.0,7.075229644775391,8,2910,67.0,246.0,0.0,60.000003814697266,0.0,0.0,0.0,2.0,0.0,3.0,0.0,3.0,4.0,16.0,1.0,7.0,6.671604156494141,34.95050382614136,1792.685546875,6132.07080078125,0.0,190.16021728515625,0.0,0.0,2.1164932250976562,16.031618535518646,7,3404,4.0,60.000003814697266,0.0,1.0,0.0,0.0,3.0,4.0,10.74708366394043,940.8443603515625,0.0,0.0,3.3253612518310547,8,3428,87.0,0.0,0.0,0.0,0.0,2.0,4.0,0.0,6.798282623291016,1193.458740234375,0.0,0.0,0.7902502417564392,6,2997,74.0,0.0,0.0,0.0,2.0,1.0,3.0,1.0,5.857985019683838,1685.471923828125,190.16021728515625,0.0,3.415013313293457,6,2343,14.0,0.0,0.0,1.0,1.0,0.0,2.0,1.0,4.875548362731934,519.6102294921875,0.0,0.0,6.384500503540039,3,2,5,16495,0,0,0,0,2,3,3,15082,0,0,0,0,11,5289,142.0,436.0,12.0,92.00000762939453,4.0,4.0,0.0,4.0,0.0,3.0,0.0,7.0,7.0,41.0,1.0,9.0,9.279874801635742,67.02824783325195,3218.58056640625,17720.935913085938,0.0,585.9095153808594,0.0,0.0,4.582183837890625,30.096360683441162,8,5259,7.0,76.00000762939453,0.0,2.0,0.0,0.0,4.0,1.0,15.517674446105957,3091.614990234375,0.0,0.0,6.599971771240234,11,5590,144.0,4.0,0.0,1.0,2.0,2.0,10.0,2.0,13.003129959106445,5222.576171875,495.4419860839844,0.0,5.5122833251953125,9,5042,124.0,0.0,0.0,1.0,0.0,1.0,6.0,1.0,8.203049659729004,4785.26025390625,90.467529296875,0.0,2.421121120452881,7,3442,19.0,0.0,0.0,0.0,1.0,4.0,14.0,4.0,21.024518966674805,1402.9039306640625,0.0,0.0,10.98080062866211,11,4707,120.0,405.0,3.75,81.75001525878906,0.0,0.0,0.0,3.0,0.0,4.0,0.0,5.0,6.0,32.0,1.0,15.0,7.338271141052246,62.311296463012695,3774.30615234375,15002.077758789062,0.0,190.16021728515625,0.0,0.0,6.145463466644287,44.03570318222046,9,4667,11.0,78.00001525878906,0.0,1.0,0.0,1.0,3.0,6.0,15.74708366394043,2552.33349609375,0.0,0.0,9.217850685119629,10,5482,138.0,0.0,0.0,1.0,1.0,2.0,5.0,0.0,10.1133451461792,4486.72021484375,0.0,0.0,9.634542465209961,8,4363,110.0,0.0,0.0,0.0,2.0,1.0,6.0,1.0,9.146577835083008,2553.0361328125,190.16021728515625,0.0,3.415013313293457,7,3399,26.0,0.0,0.0,1.0,1.0,1.0,12.0,7.0,19.966018676757812,1635.6817626953125,0.0,0.0,15.622833251953125,4,3,7,24622,0,1,0,0,3,4,5,22618,0,0,0,0,17,11930,239.0,827.0,40.0,228.0000114440918,12.0,29.0,1.0,21.0,0.0,5.0,7.0,57.0,10.0,122.0,9.0,50.0,32.6041374206543,271.7829399108887,13862.845703125,74266.5498046875,1316.257080078125,13267.579467773438,0.0,0.0,10.786580085754395,87.85598278045654,15,11967,17.0,139.20001220703125,8.699999809265137,6.0,1.0,10.0,13.0,9.0,47.5758056640625,10047.1025390625,2038.8416748046875,0.0,18.761280059814453,17,14774,268.0,22.0,1.5,8.0,2.0,12.0,25.0,9.0,47.567527770996094,23209.744140625,6996.154296875,0.0,16.731014251708984,16,13881,272.0,26.799999237060547,6.800000190734863,6.0,0.0,8.0,15.0,10.0,43.610565185546875,22324.54296875,2916.326416015625,0.0,11.276912689208984,13,7843,31.0,0.0,0.0,0.0,2.0,20.0,59.0,13.0,100.4249038696289,4822.314453125,0.0,0.0,30.300195693969727,16,10371,232.0,766.0,19.75,161.75002327561378,0.0,0.0,0.0,5.0,4.0,21.0,1.0,12.0,11.0,94.0,4.0,40.0,23.14739418029785,183.42011260986328,12051.708984375,55869.73046875,2175.9462890625,3032.4251708984375,0.0,0.0,13.149484634399414,97.61350774765015,12,8129,28.0,114.8000259399414,0.0,1.0,4.0,3.0,10.0,15.0,40.479278564453125,6561.55859375,666.3186645507812,0.0,19.494224548339844,14,9914,229.0,0.4000000059604645,0.0,1.0,4.0,4.0,8.0,4.0,24.374542236328125,19589.9765625,0.0,0.0,26.987455368041992,13,10908,239.0,26.799997329711914,0.0,2.0,5.0,1.0,9.0,6.0,24.3166561126709,13271.796875,190.16021728515625,0.0,5.554002285003662,11,6190,38.0,0.0,0.0,1.0,4.0,3.0,56.0,11.0,71.10224151611328,4394.689453125,0.0,0.0,32.428340911865234,21,5,57,60395,1,4,1,7,5,21,12,45512,0,0,0,1
104366947889790212,108166997301178190,PCS Summer 2022,pcs_summer_2022,2022-06-23,2022-09-10,ESPORTSTMNT01:3086446,108167054936748108,2,Playoffs,playoffs,Playoffs,2022-08-28,2854,12.14.455.6722,100,1,100,99566406490127625,104367068120825486,J Team,PSG Talon,200,JT Rock,Gnar,JT Kongyue,Sejuani,JT Uniboy,Sylas,JT Lilv,Zeri,JT Enso,Lulu,PSG Hanabi,Gangplank,PSG Burry,Poppy,PSG Gori,Ahri,PSG Unified,Sivir,PSG Kaiwing,Yuumi,200,2,200,100,2,0,1,100,4,0,0,5,1548,30.0,103.0,0.0,31.999998092651367,0.0,0.0,0.0,0.0,0.0,0.0,0.0,0.0,2.0,7.0,0.0,0.0,0.0,6.8400795459747314,709.0022583007812,1975.866943359375,0.0,0.0,0.0,0.0,1.012191891670227,2.25246661901474,4,1696,0.0,31.999998092651367,0.0,0.0,0.0,0.0,2.0,0.0,2.3590455055236816,0.0,0.0,0.0,0.0,5,1626,37.0,0.0,0.0,0.0,0.0,0.0,1.0,0.0,1.4477790594100952,153.27114868164062,0.0,0.0,0.5450611114501953,3,1570,36.0,0.0,0.0,0.0,0.0,0.0,1.0,0.0,1.5294772386550903,190.60989379882812,0.0,0.0,0.0,4,1265,0.0,0.0,0.0,0.0,0.0,0.0,1.0,0.0,1.5037777423858643,922.983642578125,0.0,0.0,0.6952136158943176,5,1621,35.0,111.0,0.0,31.999998092651367,0.0,0.0,0.0,0.0,0.0,0.0,0.0,0.0,1.0,7.0,0.0,1.0,1.4604772329330444,7.375455319881439,1329.1134033203125,4585.881774902344,0.0,0.0,0.0,0.0,0.36705613136291504,1.9687776565551758,4,1660,0.0,31.999998092651367,0.0,0.0,0.0,0.0,2.0,0.0,0.6666666865348816,0.0,0.0,0.0,0.0,5,1672,36.0,0.0,0.0,0.0,0.0,0.0,1.0,1.0,1.760845422744751,1567.1029052734375,0.0,0.0,0.0,4,1682,40.0,0.0,0.0,0.0,0.0,0.0,2.0,0.0,1.4851611852645874,626.9083862304688,0.0,0.0,0.0,4,1285,0.0,0.0,0.0,0.0,0.0,0.0,1.0,0.0,2.002304792404175,1062.757080078125,0.0,0.0,1.6017215251922607,0,0,0,7705,0,0,0,0,0,0,0,7920,0,0,0,0,8,3615,82.0,243.0,0.0,60.0000114440918,0.0,0.0,1.0,3.0,0.0,0.0,0.0,7.0,4.0,19.0,1.0,3.0,5.033743381500244,27.66912078857422,3554.603271484375,10648.17431640625,0.0,0.0,0.0,0.0,5.790445804595947,17.08726167678833,7,3858,5.0,60.0000114440918,0.0,1.0,0.0,2.0,4.0,1.0,7.446052551269531,1763.538818359375,0.0,0.0,3.459862470626831,8,3603,87.0,0.0,0.0,1.0,0.0,1.0,4.0,1.0,5.213987827301025,1935.6307373046875,0.0,0.0,3.4926187992095947,6,2958,69.0,0.0,0.0,0.0,0.0,2.0,3.0,0.0,2.994983196258545,1661.8748779296875,0.0,0.0,0.6061370372772217,6,2276,0.0,0.0,0.0,0.0,0.0,2.0,4.0,0.0,6.980353832244873,1732.526611328125,0.0,0.0,3.7381975650787354,8,3407,85.0,275.0,0.0,53.75000762939453,0.0,1.5,0.0,0.0,1.0,3.0,0.0,0.0,3.0,18.0,1.0,7.0,5.115260124206543,32.94980216026306,5007.8037109375,14168.6591796875,0.0,185.31674194335938,0.0,0.0,3.0644595623016357,15.422839879989624,6,2851,4.0,53.00000762939453,1.0,0.0,0.0,0.0,5.0,2.0,12.170780181884766,1337.996337890625,0.0,0.0,7.43976354598999,8,3554,97.0,0.5,0.5,0.0,1.0,0.0,3.0,3.0,6.8335700035095215,3034.467041015625,76.45744323730469,0.0,1.2376708984375,6,3284,89.0,0.25,0.0,0.0,1.0,0.0,5.0,1.0,5.827887058258057,2100.986328125,63.90747833251953,0.0,0.0,6,2303,0.0,0.0,0.0,0.0,0.0,0.0,2.0,0.0,3.002304792404175,2687.40576171875,44.951820373535156,0.0,3.680945873260498,3,0,7,16310,0,0,0,0,0,3,0,15399,0,0,0,0,11,6741,130.0,401.0,0.0,90.00001525878906,0.0,5.5,1.0,5.0,0.0,0.0,1.0,9.0,5.0,33.0,1.0,5.0,6.5832319259643555,52.01919984817505,5063.9140625,16906.5810546875,3915.263427734375,5425.60888671875,0.0,0.0,8.772375106811523,28.25027894973755,10,6170,13.0,89.00001525878906,5.5,1.0,0.0,3.0,5.0,1.0,11.941120147705078,3347.187744140625,1510.345458984375,0.0,7.0169878005981445,11,5932,139.0,0.0,0.0,3.0,0.0,1.0,4.0,1.0,7.247321128845215,4343.7900390625,0.0,0.0,7.052900791168213,8,4743,118.0,1.0,0.0,0.0,0.0,2.0,6.0,1.0,5.99822473526001,2366.019775390625,0.0,0.0,1.319063663482666,7,3158,1.0,0.0,0.0,0.0,0.0,2.0,13.0,1.0,20.24930191040039,1785.66943359375,0.0,0.0,4.088951587677002,10,5039,125.0,443.0,0.0,90.7500228881836,0.0,6.5,0.0,0.0,3.0,5.0,0.0,0.0,6.0,32.0,1.0,10.0,6.810088157653809,57.423500061035156,7245.4208984375,19911.666748046875,0.0,2560.1012420654297,0.0,0.0,4.104786396026611,18.514843463897705,9,4332,5.0,86.0000228881836,6.0,0.0,0.0,0.0,7.0,3.0,19.08477020263672,1337.996337890625,0.0,0.0,7.43976354598999,11,5597,155.0,4.5,0.5,0.0,1.0,0.0,5.0,3.0,9.994117736816406,4133.52392578125,76.45744323730469,0.0,1.2376708984375,9,5474,156.0,0.25,0.0,0.0,1.0,0.0,7.0,1.0,9.511213302612305,3344.065185546875,1706.2744140625,0.0,0.0,8,3370,2.0,0.0,0.0,0.0,0.0,0.0,7.0,2.0,12.023310661315918,3850.660400390625,777.369384765625,0.0,5.7326226234436035,5,0,9,26744,0,0,0,2,0,5,0,23812,0,1,0,1,18,18688,341.0,1160.0,40.75,384.1499710083008,12.0,49.8999981880188,2.0,14.0,1.0,4.0,5.0,30.0,12.0,171.0,11.0,72.0,50.747406005859375,380.9607925415039,20967.982421875,91095.85693359375,7784.1083984375,14377.80712890625,0.0,0.0,25.01422119140625,93.12081623077393,17,14242,63.0,178.99993896484375,21.499998092651367,2.0,2.0,7.0,23.0,16.0,69.05399322509766,13365.521484375,1683.519287109375,0.0,28.19914436340332,18,17313,327.0,63.00001525878906,8.0,5.0,1.0,5.0,9.0,10.0,49.23101043701172,23083.095703125,0.0,0.0,17.373655319213867,18,21384,421.0,97.40001678466797,4.400000095367432,5.0,0.0,4.0,52.0,30.0,108.73181915283203,29929.017578125,4332.220703125,0.0,9.722942352294922,15,9139,8.0,4.0,4.0,0.0,0.0,9.0,75.0,5.0,103.19656372070312,3750.23974609375,577.958740234375,0.0,12.810853004455566,18,19482,317.0,1220.0,36.000003814697266,281.6000175476074,0.0,8.0,3.0,4.0,5.0,14.0,0.0,10.0,26.0,156.0,10.0,92.0,66.3736572265625,381.320125579834,31485.4140625,122070.50146484375,7366.11865234375,18303.284423828125,0.0,0.0,16.204078674316406,77.775643825531,17,11938,35.0,154.25,6.0,0.0,3.0,2.0,20.0,21.0,80.38929748535156,5396.81005859375,0.0,0.0,23.98715591430664,18,18243,378.0,28.5,0.5,0.0,3.0,2.0,10.0,9.0,37.6202278137207,22947.16796875,2864.61865234375,0.0,22.39173126220703,18,20778,486.0,62.850013732910156,1.5,0.0,2.0,3.0,25.0,48.0,99.64736938476562,44836.16015625,7295.177734375,0.0,1.5851054191589355,17,10032,4.0,0.0,0.0,1.0,1.0,3.0,75.0,4.0,97.2895736694336,17404.94921875,777.369384765625,0.0,13.607572555541992,14,4,30,80766,0,4,0,5,4,14,10,80473,1,3,3,6
104366947889790212,108166997301178190,PCS Summer 2022,pcs_summer_2022,2022-06-23,2022-09-10,ESPORTSTMNT01:3086447,108167054936748109,3,Playoffs,playoffs,Playoffs,2022-08-28,2764,12.14.455.6722,100,3,200,104367068120825486,99566406490127625,PSG Talon,J Team,100,PSG Hanabi,Gnar,PSG Burry,Trundle,PSG Gori,Ahri,PSG Unified,Zeri,PSG Kaiwing,Yuumi,JT Rock,Renekton,JT Kongyue,MonkeyKing,JT Uniboy,Leblanc,JT Lilv,Sivir,JT Enso,Lulu,100,4,100,200,1,1,0,0,0,0,0,5,1640,37.0,110.0,0.0,27.999998092651367,0.0,0.0,0.0,0.0,0.0,0.0,0.0,0.0,1.0,7.0,0.0,1.0,0.0,8.618069887161255,1301.9385986328125,3495.2352905273438,0.0,0.0,0.0,0.0,5.489660263061523,6.431508123874664,4,1578,0.0,27.999998092651367,0.0,0.0,0.0,0.0,1.0,0.0,1.7708969116210938,0.0,0.0,0.0,0.0,5,1535,32.0,0.0,0.0,0.0,0.0,0.0,1.0,0.0,1.5037434101104736,673.7114868164062,0.0,0.0,0.0,4,1643,41.0,0.0,0.0,0.0,0.0,0.0,3.0,1.0,2.8453898429870605,723.4827880859375,0.0,0.0,0.0,4,1155,0.0,0.0,0.0,0.0,0.0,0.0,1.0,0.0,2.498039722442627,796.1024169921875,0.0,0.0,0.9418478608131409,5,1629,40.0,109.0,0.0,31.999998092651367,0.0,0.0,0.0,0.0,0.0,0.0,0.0,0.0,2.0,7.0,0.0,1.0,1.462015151977539,8.303131341934204,738.9866333007812,3321.515625,0.0,0.0,0.0,0.0,1.643890380859375,3.5182204246520996,4,1642,0.0,31.999998092651367,0.0,0.0,0.0,0.0,1.0,0.0,3.065035820007324,0.0,0.0,0.0,0.0,5,1542,33.0,0.0,0.0,0.0,0.0,0.0,1.0,0.0,1.3804367780685425,1013.1202392578125,0.0,0.0,0.0,4,1578,36.0,0.0,0.0,0.0,0.0,0.0,2.0,1.0,0.8926694393157959,855.4990234375,0.0,0.0,0.0,4,1145,0.0,0.0,0.0,0.0,0.0,0.0,1.0,0.0,1.5029741525650024,713.9097290039062,0.0,0.0,1.8743300437927246,0,0,0,7551,0,0,0,0,0,0,0,7536,0,0,0,0,8,3162,84.0,253.0,0.0,52.800010681152344,0.0,0.0,0.0,1.0,1.0,2.0,0.0,1.0,5.0,21.0,0.0,6.0,4.626087188720703,29.79712200164795,3039.517333984375,10462.54721069336,0.0,794.5398559570312,0.0,0.0,8.835888862609863,19.041060507297516,6,2811,2.0,52.800010681152344,0.0,0.0,1.0,0.0,3.0,2.0,8.499396324157715,127.85665893554688,0.0,0.0,3.319915533065796,8,2992,76.0,0.0,0.0,0.0,0.0,0.0,5.0,1.0,5.984908580780029,3124.8916015625,0.0,0.0,4.210418701171875,6,3722,91.0,0.0,0.0,1.0,0.0,0.0,7.0,3.0,7.188690185546875,2729.489501953125,382.1283264160156,0.0,0.6341870427131653,6,2356,0.0,0.0,0.0,0.0,0.0,1.0,1.0,0.0,3.498039722442627,1440.7921142578125,412.4115295410156,0.0,2.0406503677368164,8,3560,85.0,240.0,0.0,64.00000762939453,0.0,0.0,1.0,2.0,0.0,1.0,0.0,2.0,3.0,14.0,0.0,3.0,3.9207518100738525,24.111621618270874,2143.744384765625,9719.799560546875,0.0,0.0,0.0,0.0,4.93414306640625,12.474265217781067,7,3604,2.0,60.00000762939453,0.0,1.0,0.0,1.0,2.0,1.0,8.315035820007324,1043.114990234375,0.0,0.0,1.6707121133804321,8,3230,77.0,0.0,0.0,0.0,0.0,1.0,3.0,0.0,3.3974666595458984,3400.346435546875,0.0,0.0,1.34521484375,6,3032,75.0,4.0,0.0,0.0,1.0,0.0,3.0,2.0,3.513113021850586,1868.3541259765625,0.0,0.0,0.0,6,2058,1.0,0.0,0.0,0.0,0.0,0.0,3.0,0.0,4.965254306793213,1264.2396240234375,0.0,0.0,4.524195194244385,1,2,1,15043,0,0,0,0,2,1,2,15484,0,0,0,0,11,5102,135.0,429.0,8.0,76.0000228881836,0.0,0.0,0.0,3.0,2.0,4.0,0.0,5.0,8.0,46.0,0.0,19.0,10.82640552520752,85.33625984191895,4696.06640625,21625.99609375,0.0,2965.7262268066406,0.0,0.0,10.801980972290039,35.41124606132507,8,4214,16.0,68.0000228881836,0.0,0.0,1.0,1.0,6.0,7.0,22.880741119384766,1176.7255859375,0.0,0.0,6.131203651428223,10,4847,128.0,0.0,0.0,0.0,1.0,1.0,9.0,4.0,18.881488800048828,4738.828125,0.0,0.0,9.125457763671875,9,6585,148.0,0.0,0.0,2.0,0.0,1.0,13.0,6.0,19.093217849731445,6964.5771484375,2553.314697265625,0.0,1.469536542892456,8,3923,2.0,0.0,0.0,1.0,0.0,2.0,10.0,2.0,13.654406547546387,4049.798828125,412.4115295410156,0.0,7.8830671310424805,11,6324,145.0,409.0,0.0,89.50001573562622,0.0,0.0,2.0,4.0,0.0,3.0,0.0,4.0,5.0,32.0,2.0,15.0,8.609044075012207,58.83893060684204,3535.213134765625,17157.252563476562,538.9774780273438,818.9114074707031,0.0,0.0,6.650872707366943,21.549001216888428,9,5133,9.0,83.50001525878906,0.0,1.0,1.0,2.0,3.0,7.0,25.332347869873047,3604.40966796875,279.9339294433594,0.0,5.198843002319336,10,5384,130.0,0.0,0.0,1.0,1.0,1.0,6.0,1.0,6.816938400268555,6176.5126953125,0.0,0.0,4.47369384765625,9,4759,123.0,6.000000476837158,0.0,0.0,1.0,1.0,4.0,4.0,5.302854061126709,2348.213623046875,0.0,0.0,0.0,7,2874,2.0,0.0,0.0,0.0,0.0,0.0,14.0,1.0,12.777746200561523,1492.9034423828125,0.0,0.0,5.225591659545898,3,4,5,24671,0,1,0,1,4,3,4,24474,0,0,0,0,18,18770,337.0,1084.0,28.0,265.5000743865967,0.0,13.5,4.0,17.0,4.0,21.0,2.0,43.0,19.0,215.0,9.0,89.0,50.92508316040039,449.4989128112793,27099.11328125,145508.7109375,3057.9169921875,17476.987426757812,0.0,0.0,42.306541442871094,145.94711875915527,17,12183,40.0,132.00003051757812,0.0,0.0,5.0,12.0,23.0,27.0,95.84233093261719,12084.25,1496.602783203125,0.0,34.28645324707031,18,16625,330.0,25.399999618530273,5.5,1.0,5.0,8.0,33.0,16.0,79.89669799804688,22976.955078125,2714.3994140625,0.0,27.132305145263672,18,23179,374.0,80.10004425048828,8.0,10.0,4.0,6.0,60.0,35.0,133.10189819335938,66652.0078125,8936.1767578125,0.0,16.81308364868164,16,10879,3.0,0.0,0.0,2.0,3.0,15.0,80.0,2.0,89.73290252685547,16696.384765625,1271.8914794921875,0.0,25.408735275268555,18,17541,290.0,1045.0,21.999998092651367,262.49999809265137,0.0,1.0,6.0,21.0,4.0,17.0,10.0,58.0,16.0,150.0,17.0,100.0,41.57863998413086,318.41341400146484,22988.078125,120085.8671875,2538.133544921875,6139.911346435547,0.0,0.0,24.634716033935547,100.6915168762207,16,13976,43.0,153.74998474121094,1.0,4.0,5.0,12.0,18.0,26.0,78.64995574951172,16139.046875,279.9339294433594,0.0,25.609935760498047,18,16675,285.0,13.75,0.0,6.0,2.0,9.0,13.0,22.0,53.192832946777344,32351.51953125,1975.657470703125,0.0,15.98035717010498,18,20631,420.0,73.00001525878906,0.0,5.0,4.0,11.0,16.0,30.0,52.08285140991211,44616.54296875,1346.1864013671875,0.0,3.4699106216430664,15,9028,7.0,0.0,0.0,0.0,2.0,16.0,87.0,5.0,92.90913391113281,3990.6796875,0.0,0.0,30.996597290039062,17,21,43,81636,1,3,2,7,21,17,58,77851,0,3,1,4
104366947889790212,108166997301178190,PCS Summer 2022,pcs_summer_2022,2022-06-23,2022-09-10,ESPORTSTMNT01:3096741,108166997302620212,1,Playoffs,playoffs,Playoffs,2022-09-01,1923,12.14.455.6722,100,1,100,107700199633958891,106269804045322803,CTBC Flying Oyster,Beyond Gaming,100,CFO Rest,Aatrox,CFO Gemini,Viego,CFO Mission,Taliyah,CFO Shunn,Draven,CFO Koala,Nautilus,BYG Likai,Camille,BYG Husha,MonkeyKing,BYG Minji,Orianna,BYG Wako,Zeri,BYG Kino,Leona,100,4,100,100,2,0,1,100,2,1,100,5,1584,34.0,111.0,0.0,27.999998092651367,0.0,0.0,0.0,0.0,0.0,0.0,0.0,0.0,1.0,7.0,0.0,0.0,0.0,5.998058259487152,962.40087890625,2757.4132537841797,0.0,116.5244369506836,0.0,0.0,3.871845245361328,11.25980031490326,4,1511,0.0,27.999998092651367,0.0,0.0,0.0,0.0,2.0,0.0,3.1083335876464844,304.5717468261719,0.0,0.0,1.562527060508728,5,1563,33.0,0.0,0.0,0.0,0.0,0.0,2.0,0.0,0.44999998807907104,492.8640441894531,0.0,0.0,1.9238049983978271,4,1654,38.0,0.0,0.0,0.0,0.0,0.0,2.0,0.0,1.4397246837615967,833.9590454101562,116.5244369506836,0.0,0.0,4,1132,6.0,0.0,0.0,0.0,0.0,0.0,0.0,0.0,1.0,163.61753845214844,0.0,0.0,3.901623010635376,5,1528,30.0,102.0,0.0,22.799999237060547,0.0,0.0,0.0,0.0,0.0,0.0,0.0,0.0,1.0,5.0,0.0,3.0,0.0,10.215194344520569,636.1177368164062,2085.148651123047,0.0,0.0,0.0,0.0,1.6204854249954224,6.881414383649826,4,1438,2.0,22.799999237060547,0.0,0.0,0.0,0.0,1.0,2.0,5.247605323791504,0.0,0.0,0.0,0.0,5,1608,36.0,0.0,0.0,0.0,0.0,0.0,2.0,1.0,2.9499101638793945,571.9053955078125,0.0,0.0,2.1072874069213867,3,1479,29.0,0.0,0.0,0.0,0.0,0.0,1.0,0.0,1.5176788568496704,605.9317626953125,0.0,0.0,0.3356676995754242,4,1111,5.0,0.0,0.0,0.0,0.0,0.0,0.0,0.0,0.5,271.1937561035156,0.0,0.0,2.8179738521575928,0,0,0,7444,0,0,0,0,0,0,0,7164,0,0,0,0,8,3268,85.0,289.0,0.0,70.00000762939453,0.0,0.0,0.0,0.0,0.0,0.0,0.0,0.0,3.0,20.0,0.0,6.0,5.0308380126953125,31.640869140625,1949.4818115234375,4518.295791625977,0.0,948.1834106445312,0.0,0.0,6.276751518249512,14.366244912147522,7,3215,1.0,66.00000762939453,0.0,0.0,0.0,0.0,3.0,1.0,7.241666793823242,304.5717468261719,0.0,0.0,1.562527060508728,8,3510,91.0,4.0,0.0,0.0,0.0,0.0,3.0,1.0,5.0627851486206055,881.4573364257812,0.0,0.0,2.6253433227539062,7,3684,96.0,0.0,0.0,0.0,0.0,0.0,6.0,2.0,5.6397247314453125,1219.1673583984375,795.8182983398438,0.0,0.0,6,2277,16.0,0.0,0.0,0.0,0.0,0.0,5.0,2.0,8.665854454040527,163.61753845214844,152.3651123046875,0.0,3.901623010635376,8,3145,79.0,281.0,0.0,48.00000762939453,0.0,0.0,0.0,0.0,0.0,0.0,0.0,0.0,3.0,16.0,0.0,5.0,4.098532199859619,27.992239713668823,1134.7647705078125,3109.385467529297,0.0,0.0,0.0,0.0,1.6204854249954224,7.61200076341629,6,2706,2.0,48.00000762939453,0.0,0.0,0.0,0.0,2.0,2.0,6.247605323791504,0.0,0.0,0.0,0.0,8,3386,94.0,0.0,0.0,0.0,0.0,0.0,3.0,1.0,6.321854591369629,750.0282592773438,0.0,0.0,2.4655187129974365,7,3305,92.0,0.0,0.0,0.0,0.0,0.0,3.0,1.0,3.6843454837799072,953.398681640625,0.0,0.0,0.7080227732658386,6,2105,14.0,0.0,0.0,0.0,0.0,0.0,5.0,1.0,7.639902114868164,271.1937561035156,0.0,0.0,2.8179738521575928,0,0,0,15954,0,1,0,0,0,0,0,14647,0,0,0,0,11,5078,130.0,445.0,4.0,119.25000381469727,0.0,3.5,0.0,0.0,0.0,0.0,0.0,0.0,5.0,35.0,0.0,12.0,7.3663740158081055,77.36451530456543,3131.75537109375,6925.55810546875,119.3652114868164,1067.5486221313477,0.0,0.0,8.749336242675781,19.994210600852966,9,4719,3.0,95.25000762939453,1.5,0.0,0.0,0.0,5.0,3.0,20.95676040649414,304.5717468261719,0.0,0.0,1.562527060508728,11,5624,143.0,19.999996185302734,2.0,0.0,0.0,0.0,4.0,2.0,9.466055870056152,1441.9031982421875,0.0,0.0,4.319193363189697,9,5399,144.0,0.0,0.0,0.0,0.0,0.0,9.0,3.0,13.244340896606445,1796.734130859375,795.8182983398438,0.0,0.0,7,3332,25.0,0.0,0.0,0.0,0.0,0.0,12.0,4.0,26.330984115600586,250.59365844726562,152.3651123046875,0.0,5.36315393447876,10,4714,123.0,437.0,0.0,80.00001525878906,0.0,0.0,0.0,0.0,0.0,0.0,0.0,0.0,6.0,35.0,1.0,15.0,8.013065338134766,61.84804153442383,1427.08203125,4998.352935791016,0.0,277.8349304199219,0.0,0.0,1.9791017770767212,9.41943895816803,9,4094,3.0,80.00001525878906,0.0,0.0,0.0,0.0,4.0,3.0,13.25131893157959,0.0,0.0,0.0,0.0,11,5226,151.0,0.0,0.0,0.0,0.0,0.0,5.0,1.0,7.675368309020996,1714.3408203125,0.0,0.0,3.428407669067383,9,4874,137.0,0.0,0.0,0.0,0.0,0.0,5.0,6.0,9.399587631225586,1585.736328125,277.8349304199219,0.0,1.193955659866333,8,3121,23.0,0.0,0.0,0.0,0.0,0.0,15.0,4.0,23.50870132446289,271.1937561035156,0.0,0.0,2.8179738521575928,0,0,0,24152,0,2,0,0,0,0,0,22029,0,0,0,0,18,14820,234.0,761.0,48.50000762939453,288.25000762939453,19.999998092651367,48.99999809265137,5.0,17.0,1.0,7.0,8.0,45.0,9.0,106.0,3.0,44.0,31.3737850189209,261.0124206542969,20514.341796875,62658.60498046875,1451.9368896484375,16507.155517578125,0.0,0.0,18.68168067932129,82.25285625457764,15,11300,19.0,144.25,14.5,2.0,0.0,9.0,12.0,13.0,52.94855880737305,7352.15966796875,1649.208740234375,0.0,7.221513271331787,18,16626,250.0,78.0,9.5,6.0,1.0,10.0,5.0,7.0,28.84501075744629,22748.765625,4269.7880859375,0.0,20.996896743774414,15,15158,226.0,17.5,5.0,4.0,4.0,5.0,29.0,14.0,63.40217971801758,7895.9111328125,8569.763671875,0.0,3.816291332244873,14,8427,32.0,0.0,0.0,0.0,1.0,13.0,51.0,7.0,84.44288635253906,4147.4267578125,566.4581298828125,0.0,31.536474227905273,16,10426,241.0,787.0,1.5,115.50002098083496,0.0,0.0,1.0,7.0,3.0,18.0,5.0,21.0,15.0,98.0,2.0,34.0,23.557823181152344,183.8257827758789,17744.05859375,67529.1142578125,0.0,277.8349304199219,0.0,0.0,8.69756031036377,77.66884422302246,13,9324,19.0,98.0000228881836,0.0,4.0,5.0,3.0,11.0,7.0,34.10792922973633,7363.2578125,0.0,0.0,8.50830078125,16,11153,251.0,11.999998092651367,0.0,1.0,3.0,5.0,12.0,4.0,18.218936920166016,17229.875,0.0,0.0,23.296106338500977,13,10516,247.0,4.0,0.0,1.0,2.0,2.0,11.0,14.0,34.069061279296875,22035.537109375,277.8349304199219,0.0,7.486929893493652,12,6037,29.0,0.0,0.0,0.0,5.0,6.0,49.0,7.0,73.87203216552734,3156.3857421875,0.0,0.0,29.679946899414062,17,7,45,66331,2,5,2,9,7,18,21,47456,0,0,0,0
104366947889790212,108166997301178190,PCS Summer 2022,pcs_summer_2022,2022-06-23,2022-09-10,ESPORTSTMNT01:3096745,108166997302620213,2,Playoffs,playoffs,Playoffs,2022-09-01,1928,12.14.455.6722,200,2,200,106269804045322803,107700199633958891,Beyond Gaming,CTBC Flying Oyster,100,BYG Likai,Fiora,BYG Husha,Sejuani,BYG Minji,Taliyah,BYG Wako,Lucian,BYG Kino,Nami,CFO Rest,Ornn,CFO Gemini,Viego,CFO Mission,Viktor,CFO Shunn,Kalista,CFO Koala,Renata,100,4,100,200,0,2,0,0,0,0,0,5,1682,40.0,97.0,0.0,30.549999237060547,0.0,0.0,0.0,0.0,0.0,1.0,0.0,0.0,1.0,9.0,0.0,0.0,0.0,4.007938623428345,1460.31689453125,3423.0540771484375,0.0,0.0,0.0,0.0,0.5312146544456482,2.8285018503665924,4,1618,0.0,30.549999237060547,0.0,0.0,0.0,0.0,2.0,0.0,1.7948403358459473,0.0,0.0,0.0,0.0,4,1521,31.0,0.0,0.0,0.0,0.0,0.0,2.0,0.0,0.0,797.4969482421875,0.0,0.0,2.0740017890930176,3,1375,23.0,0.0,0.0,0.0,0.0,0.0,2.0,0.0,0.7839317321777344,906.540771484375,0.0,0.0,0.0,3,1110,3.0,0.0,0.0,0.0,1.0,0.0,2.0,0.0,1.429166555404663,258.699462890625,0.0,0.0,0.22328540682792664,5,1549,31.0,106.0,0.0,32.19999694824219,0.0,1.2000000476837158,0.0,1.0,0.0,0.0,0.0,1.0,2.0,10.0,0.0,2.0,1.515510082244873,10.646877586841583,706.126953125,3565.0918884277344,0.0,0.0,0.0,0.0,1.158919334411621,5.15426841378212,4,1632,1.0,32.19999694824219,1.2000000476837158,0.0,0.0,0.0,1.0,1.0,4.481026649475098,474.1792907714844,0.0,0.0,2.0801687240600586,5,1712,40.0,0.0,0.0,0.0,0.0,0.0,2.0,0.0,1.5552726984024048,1103.6207275390625,0.0,0.0,0.0,3,1725,33.0,0.0,0.0,0.0,0.0,1.0,3.0,0.0,0.8898851275444031,676.2808837890625,0.0,0.0,0.4323836863040924,3,1495,1.0,0.0,0.0,1.0,0.0,0.0,2.0,1.0,2.2051830291748047,604.884033203125,0.0,0.0,1.4827966690063477,0,1,0,7306,0,0,0,0,1,0,1,8113,0,0,0,0,8,3292,88.0,247.0,0.0,66.55001449584961,0.0,0.0,0.0,3.0,0.0,2.0,0.0,2.0,3.0,21.0,0.0,6.0,3.182692050933838,31.667905807495117,2883.9892578125,10879.428588867188,292.2325134277344,292.2325134277344,0.0,0.0,0.8905351161956787,11.421140432357788,7,2967,2.0,62.55001449584961,0.0,0.0,0.0,0.0,3.0,1.0,7.719283580780029,613.6363525390625,0.0,0.0,1.4998676776885986,8,3310,79.0,4.0,0.0,0.0,0.0,1.0,5.0,1.0,5.715854167938232,1507.7301025390625,0.0,0.0,3.224076986312866,6,3112,70.0,0.0,0.0,0.0,1.0,1.0,3.0,1.0,5.470461368560791,4070.318359375,0.0,0.0,0.0,6,3054,8.0,0.0,0.0,3.0,1.0,0.0,7.0,3.0,9.579614639282227,1803.7545166015625,0.0,0.0,5.8066606521606445,9,3267,82.0,265.0,0.0,61.20000457763672,0.0,1.2000000476837158,0.0,2.0,0.0,3.0,0.0,2.0,3.0,22.0,0.0,7.0,4.375246524810791,36.47778654098511,2505.4453125,12672.03695678711,0.0,169.93348693847656,0.0,0.0,2.2497684955596924,14.739671468734741,7,3233,9.0,61.20000457763672,1.2000000476837158,0.0,0.0,0.0,3.0,3.0,10.950653076171875,474.1792907714844,0.0,0.0,2.8852224349975586,8,3571,99.0,0.0,0.0,0.0,0.0,0.0,5.0,0.0,6.074972629547119,3249.1533203125,169.93348693847656,0.0,2.4170279502868652,6,3536,73.0,0.0,0.0,1.0,2.0,1.0,7.0,2.0,8.250781059265137,3909.2666015625,0.0,0.0,1.161085605621338,6,2613,2.0,0.0,0.0,1.0,1.0,1.0,4.0,2.0,6.8261332511901855,2533.992431640625,0.0,0.0,6.026566982269287,3,2,2,15735,0,1,0,0,2,3,2,16220,0,0,0,0,11,5110,137.0,420.0,0.0,94.5500259399414,0.0,4.0,0.0,3.0,0.0,2.0,0.0,2.0,5.0,45.0,0.0,19.0,6.311335563659668,78.30038547515869,3589.944091796875,13981.477478027344,735.5464477539062,1291.0906372070312,0.0,0.0,5.183809280395508,22.069815635681152,9,4245,9.0,82.5500259399414,0.0,0.0,0.0,0.0,5.0,3.0,15.251962661743164,969.8602905273438,0.0,0.0,3.4694719314575195,10,5314,136.0,12.0,4.0,0.0,0.0,1.0,6.0,2.0,12.202980041503906,2806.792724609375,0.0,0.0,5.594935417175293,9,5092,120.0,0.0,0.0,0.0,1.0,1.0,6.0,2.0,9.18075180053711,4181.318359375,555.544189453125,0.0,0.0,7,4036,18.0,0.0,0.0,3.0,1.0,0.0,23.0,12.0,35.353355407714844,2433.56201171875,0.0,0.0,7.821599006652832,11,5152,137.0,437.0,0.0,93.20001983642578,0.0,1.2000000476837158,0.0,2.0,0.0,3.0,0.0,2.0,5.0,43.0,2.0,21.0,7.19438362121582,72.94344997406006,3929.9443359375,17124.6826171875,0.0,344.04583740234375,0.0,0.0,3.880316734313965,21.668667793273926,9,4697,15.0,89.20001983642578,1.2000000476837158,0.0,0.0,0.0,3.0,9.0,17.35065460205078,542.766845703125,0.0,0.0,2.8852224349975586,11,5744,157.0,0.0,0.0,0.0,0.0,0.0,8.0,0.0,12.571325302124023,5501.79150390625,344.04583740234375,0.0,6.022480487823486,8,5174,122.0,4.0,0.0,1.0,2.0,1.0,10.0,4.0,12.527182579040527,4318.96337890625,0.0,0.0,1.5117788314819336,7,3437,6.0,0.0,0.0,1.0,1.0,1.0,17.0,6.0,23.299903869628906,2831.216552734375,0.0,0.0,7.368869304656982,3,2,2,23797,0,1,0,0,2,3,2,24204,0,1,0,0,16,13054,256.0,793.0,16.64999771118164,232.80003547668457,0.4000000059604645,20.400000482797623,2.0,12.0,0.0,3.0,4.0,29.0,10.0,118.0,7.0,66.0,31.38311004638672,280.57990646362305,14462.7919921875,74673.57763671875,13014.8984375,24729.435424804688,0.0,0.0,8.829009056091309,99.6129240989685,14,9811,32.0,133.75003051757812,11.600000381469727,1.0,1.0,6.0,13.0,13.0,49.521732330322266,9856.7041015625,319.3514404296875,0.0,26.939252853393555,16,12119,225.0,54.00000762939453,4.0,1.0,0.0,7.0,8.0,7.0,37.04249572753906,15779.66796875,3237.220703125,0.0,33.04651641845703,14,14340,255.0,28.399999618530273,4.400000095367432,3.0,1.0,5.0,16.0,21.0,55.47599792480469,26467.20703125,7178.86767578125,0.0,4.475048542022705,13,9466,25.0,0.0,0.0,5.0,1.0,7.0,71.0,18.0,107.15657043457031,8107.20654296875,979.09716796875,0.0,26.323097229003906,16,10407,243.0,861.0,8.799999237060547,186.70002365112305,0.0,3.5999999046325684,0.0,3.0,1.0,12.0,0.0,4.0,9.0,125.0,8.0,52.0,32.28825759887695,242.2914047241211,13455.6962890625,54754.0166015625,0.0,2420.7972412109375,0.0,0.0,20.71368408203125,67.43426418304443,13,8951,33.0,133.00003051757812,3.5999999046325684,0.0,3.0,1.0,9.0,16.0,45.495391845703125,3352.67919921875,0.0,0.0,5.800880432128906,17,13026,298.0,11.5,0.0,0.0,2.0,1.0,11.0,7.0,34.38215255737305,19220.392578125,1256.3966064453125,0.0,15.998160362243652,14,12474,267.0,33.399993896484375,0.0,1.0,3.0,1.0,32.0,11.0,51.55000305175781,12011.2314453125,1164.400634765625,0.0,4.789447784423828,13,7367,20.0,0.0,0.0,2.0,3.0,1.0,64.0,10.0,78.57559967041016,6714.01708984375,0.0,0.0,20.132091522216797,12,3,29,58790,3,3,1,10,3,12,4,52225,0,2,1,2
104366947889790212,108166997301178190,PCS Summer 2022,pcs_summer_2022,2022-06-23,2022-09-10,ESPORTSTMNT01:3096746,108166997302620214,3,Playoffs,playoffs,Playoffs,2022-09-01,1532,12.14.455.6722,100,2,100,107700199633958891,106269804045322803,CTBC Flying Oyster,Beyond Gaming,100,CFO Rest,Aatrox,CFO Gemini,MonkeyKing,CFO Mission,Viktor,CFO Shunn,Draven,CFO Koala,Amumu,BYG Likai,Fiora,BYG Husha,Vi,BYG Minji,Vex,BYG Wako,Sivir,BYG Kino,Nautilus,100,4,100,100,2,0,1,100,3,0,0,5,1395,26.0,95.0,0.0,27.999998092651367,0.0,4.0,0.0,3.0,0.0,1.0,0.0,5.0,1.0,7.0,0.0,0.0,0.0,6.855727195739746,842.3218994140625,4539.334655761719,0.0,0.0,0.0,0.0,1.8203229904174805,7.889537140727043,4,1727,0.0,27.999998092651367,4.0,0.0,1.0,2.0,1.0,0.0,1.5036675930023193,490.98846435546875,0.0,0.0,0.0,5,1654,36.0,0.0,0.0,0.0,0.0,0.0,1.0,0.0,1.4905661344528198,1059.837646484375,0.0,0.0,0.11605004966259003,3,2891,27.0,0.0,0.0,3.0,0.0,0.0,3.0,0.0,3.0281600952148438,1759.467529296875,0.0,0.0,2.0626492500305176,3,1361,6.0,0.0,0.0,0.0,0.0,3.0,1.0,0.0,0.8333333730697632,386.7191162109375,0.0,0.0,3.890514850616455,5,1612,36.0,115.0,0.0,19.999998092651367,0.0,0.0,0.0,1.0,0.0,3.0,0.0,2.0,1.0,9.0,0.0,3.0,0.0,11.730592966079712,1318.735107421875,3395.7667846679688,0.0,0.0,0.0,0.0,2.242889881134033,11.526829242706299,3,1684,1.0,19.999998092651367,0.0,1.0,1.0,0.0,2.0,1.0,4.439029693603516,389.2347717285156,0.0,0.0,1.471998691558838,5,1661,40.0,0.0,0.0,0.0,0.0,0.0,2.0,0.0,1.4695141315460205,751.8329467773438,0.0,0.0,4.243276596069336,4,1554,31.0,0.0,0.0,0.0,1.0,1.0,2.0,1.0,2.6551671028137207,780.132568359375,0.0,0.0,0.0,3,1203,7.0,0.0,0.0,0.0,1.0,1.0,2.0,1.0,3.166882038116455,155.83139038085938,0.0,0.0,3.568664073944092,3,1,5,9028,0,0,0,0,1,3,2,7714,0,0,0,0,8,3075,79.0,276.0,0.0,60.00000762939453,0.0,4.0,0.0,3.0,0.0,1.0,0.0,5.0,4.0,20.0,0.0,4.0,5.086180686950684,31.961270332336426,1683.332763671875,7339.816223144531,0.0,1050.7974548339844,0.0,0.0,2.6907994747161865,8.871418222784996,7,3589,2.0,60.00000762939453,4.0,0.0,1.0,2.0,3.0,2.0,8.193889617919922,490.98846435546875,0.0,0.0,0.0,8,3743,98.0,0.0,0.0,0.0,0.0,0.0,4.0,0.0,4.741827011108398,2161.89794921875,635.2413330078125,0.0,0.22745464742183685,6,4773,82.0,0.0,0.0,3.0,0.0,0.0,4.0,0.0,4.676098823547363,2616.8779296875,415.5561218261719,0.0,2.0626492500305176,5,2344,15.0,0.0,0.0,0.0,0.0,3.0,5.0,2.0,9.263274192810059,386.7191162109375,0.0,0.0,3.890514850616455,8,3101,81.0,265.0,0.0,57.40000915527344,0.0,1.0,0.0,1.0,0.0,3.0,0.0,2.0,3.0,17.0,0.0,5.0,4.061929702758789,33.69084978103638,2544.4755859375,6227.8787841796875,0.0,365.64031982421875,0.0,0.0,2.397749900817871,12.73798656463623,6,3099,1.0,53.40000915527344,1.0,1.0,1.0,0.0,2.0,1.0,8.849283218383789,389.2347717285156,0.0,0.0,1.471998691558838,8,3202,89.0,4.0,0.0,0.0,0.0,0.0,3.0,0.0,4.588183403015137,1406.1986083984375,0.0,0.0,5.29957389831543,7,3136,78.0,0.0,0.0,0.0,1.0,1.0,3.0,1.0,5.870967388153076,1732.138427734375,365.64031982421875,0.0,0.0,5,2182,16.0,0.0,0.0,0.0,1.0,1.0,6.0,3.0,10.320486068725586,155.83139038085938,0.0,0.0,3.568664073944092,3,1,5,17524,0,1,0,0,1,3,2,14720,0,0,0,0,11,4902,129.0,442.0,4.0,97.00000762939453,0.0,8.0,0.0,9.0,0.0,2.0,0.0,18.0,5.0,38.0,0.0,13.0,7.237194061279297,80.92437934875488,3768.946533203125,19428.404907226562,0.0,5307.979385375977,0.0,0.0,4.702394485473633,24.94686186313629,9,6402,4.0,89.00000762939453,8.0,2.0,1.0,6.0,5.0,4.0,18.08172035217285,3577.542236328125,799.3168334960938,0.0,4.446883678436279,11,7189,156.0,4.0,0.0,3.0,0.0,1.0,5.0,2.0,11.636861801147461,5469.04248046875,1093.439697265625,0.0,1.29666268825531,9,8196,132.0,0.0,0.0,4.0,1.0,2.0,10.0,3.0,17.18009376525879,4820.6591796875,3268.485107421875,0.0,3.1024787425994873,7,3933,21.0,0.0,0.0,0.0,0.0,9.0,13.0,4.0,26.788509368896484,1792.2144775390625,146.7377471923828,0.0,11.398442268371582,10,4794,133.0,414.0,0.0,82.0000228881836,0.0,2.0,0.0,2.0,0.0,9.0,0.0,4.0,5.0,38.0,0.0,17.0,5.6375274658203125,74.13270473480225,5657.6123046875,14677.150268554688,0.0,1612.113037109375,0.0,0.0,4.408104419708252,33.72545671463013,8,4426,4.0,74.0000228881836,2.0,1.0,3.0,1.0,5.0,4.0,16.360803604125977,1518.0413818359375,0.0,0.0,6.480752944946289,11,4932,139.0,4.0,0.0,0.0,1.0,0.0,7.0,1.0,9.837874412536621,2748.63818359375,0.0,0.0,9.803954124450684,9,4701,112.0,4.0,0.0,0.0,2.0,2.0,6.0,3.0,10.54121208190918,3529.414306640625,1612.113037109375,0.0,0.0,7,3889,26.0,0.0,0.0,1.0,3.0,1.0,15.0,9.0,31.755287170410156,1223.444091796875,0.0,0.0,13.032645225524902,9,2,18,30622,0,2,0,2,2,9,4,22742,0,0,0,0,16,10621,201.0,713.0,44.0,207.00000190734863,9.5,45.0,3.0,17.0,1.0,4.0,0.0,29.0,9.0,84.0,3.0,37.0,21.7967586517334,202.65645599365234,9467.9521484375,48896.972900390625,0.0,23690.9189453125,0.0,0.0,8.6909761428833,53.928483963012695,13,10717,23.0,118.90000915527344,19.899999618530273,4.0,1.0,7.0,11.0,12.0,42.72032928466797,10050.7626953125,4276.64306640625,0.0,10.173946380615234,15,13314,247.0,19.999996185302734,9.600000381469727,4.0,1.0,6.0,6.0,3.0,22.71888542175293,18737.361328125,6057.8173828125,0.0,10.375640869140625,13,14704,212.0,24.09999656677246,6.0,6.0,1.0,3.0,22.0,11.0,51.59474563598633,6911.24560546875,11974.19140625,0.0,4.145035743713379,11,7123,30.0,0.0,0.0,0.0,0.0,13.0,36.0,8.0,63.82573699951172,3729.651123046875,1382.26708984375,0.0,20.542884826660156,14,8942,223.0,699.0,8.0,105.00003051757812,0.0,2.5,0.0,4.0,0.0,17.0,1.0,8.0,10.0,82.0,2.0,32.0,14.661079406738281,176.21219062805176,8140.60888671875,30628.6689453125,689.0642700195312,5861.720153808594,0.0,0.0,6.446002006530762,63.42940616607666,11,7526,12.0,86.00003051757812,2.0,2.0,5.0,2.0,9.0,7.0,31.568592071533203,3437.7421875,1055.6348876953125,0.0,13.523599624633789,13,8576,202.0,4.0,0.0,1.0,3.0,1.0,17.0,4.0,26.737375259399414,9558.37890625,1258.435546875,0.0,19.758596420288086,13,9365,229.0,7.0,0.5,0.0,3.0,2.0,11.0,6.0,32.789920806884766,7803.03564453125,2858.58544921875,0.0,0.0,9,6006,33.0,0.0,0.0,1.0,6.0,2.0,35.0,13.0,70.4552230834961,1688.9033203125,0.0,0.0,23.701208114624023,17,4,29,56479,2,4,1,10,4,17,8,40415,0,0,0,2
104366947889790212,108166997301178190,PCS Summer 2022,pcs_summer_2022,2022-06-23,2022-09-10,ESPORTSTMNT01:3096747,108166997302620215,4,Playoffs,playoffs,Playoffs,2022-09-01,1715,12.14.455.6722,200,3,100,106269804045322803,107700199633958891,Beyond Gaming,CTBC Flying Oyster,200,BYG Likai,Gwen,BYG Husha,Sejuani,BYG Minji,Taliyah,BYG Wako,Aphelios,BYG Kino,Alistar,CFO Rest,Gnar,CFO Gemini,MonkeyKing,CFO Mission,Viktor,CFO Shunn,Kalista,CFO Koala,Nautilus,200,2,200,200,1,1,0,0,0,0,0,5,1640,38.0,96.0,0.0,31.449996948242188,0.0,2.700000047683716,0.0,0.0,0.0,0.0,0.0,0.0,2.0,8.0,0.0,0.0,1.4676761627197266,7.536419987678528,1109.349609375,2728.8673133850098,0.0,0.0,0.0,0.0,0.0,5.184592843055725,4,1667,0.0,31.449996948242188,2.700000047683716,0.0,0.0,0.0,2.0,0.0,1.5052820444107056,243.05087280273438,0.0,0.0,1.552283525466919,5,1356,23.0,0.0,0.0,0.0,0.0,0.0,1.0,0.0,1.426242709159851,746.8688354492188,0.0,0.0,1.6914947032928467,3,1500,29.0,0.0,0.0,0.0,0.0,0.0,2.0,0.0,1.198347806930542,584.9551391601562,0.0,0.0,0.0,3,1125,6.0,0.0,0.0,0.0,0.0,0.0,1.0,0.0,1.9388712644577026,44.64285659790039,0.0,0.0,1.9408146142959595,5,1647,38.0,114.0,0.0,24.149999618530273,0.0,0.0,0.0,0.0,0.0,0.0,0.0,0.0,2.0,5.0,0.0,1.0,1.5101068019866943,5.846888422966003,819.3216552734375,2547.8949699401855,0.0,0.0,0.0,0.0,1.6280404329299927,7.010762736201286,4,1465,1.0,24.149999618530273,0.0,0.0,0.0,0.0,2.0,1.0,2.308276653289795,41.9849967956543,0.0,0.0,0.0,5,1645,34.0,0.0,0.0,0.0,0.0,0.0,0.0,0.0,0.0,1192.835205078125,0.0,0.0,0.05555538833141327,4,1591,35.0,0.0,0.0,0.0,0.0,0.0,1.0,0.0,1.5285049676895142,344.0928955078125,0.0,0.0,0.7343047857284546,3,1132,6.0,0.0,0.0,0.0,0.0,0.0,0.0,0.0,0.5,149.66021728515625,0.0,0.0,4.592862129211426,0,0,0,7288,0,0,0,0,0,0,0,7480,0,0,0,0,8,3100,81.0,251.0,0.0,61.45001220703125,0.0,12.699999809265137,0.0,2.0,0.0,0.0,0.0,2.0,3.0,21.0,0.0,4.0,3.060145378112793,28.368752479553223,2241.346923828125,8243.529209136963,0.0,1044.461181640625,0.0,0.0,0.0,17.10152006149292,7,3634,10.0,57.45001220703125,8.699999809265137,1.0,0.0,1.0,4.0,2.0,11.379105567932129,2288.927490234375,0.0,0.0,6.839842796325684,8,3396,64.0,4.0,4.0,1.0,0.0,1.0,4.0,1.0,4.900874137878418,2632.73388671875,0.0,0.0,7.729832172393799,6,3496,82.0,0.0,0.0,0.0,0.0,0.0,4.0,0.0,2.7727155685424805,1035.8780517578125,1044.461181640625,0.0,0.591030478477478,5,2125,14.0,0.0,0.0,0.0,0.0,0.0,6.0,1.0,6.255911827087402,44.64285659790039,0.0,0.0,1.9408146142959595,9,3462,92.0,279.0,0.0,46.54999923706055,0.0,0.0,0.0,0.0,0.0,2.0,0.0,0.0,3.0,14.0,0.0,7.0,4.6073384284973145,30.480825185775757,2427.483154296875,6963.133880615234,0.0,0.0,0.0,0.0,5.383876323699951,12.13625967502594,7,2909,14.0,46.54999923706055,0.0,0.0,0.0,0.0,3.0,5.0,12.69896125793457,356.1992492675781,0.0,0.0,0.0,8,3118,76.0,0.0,0.0,0.0,2.0,0.0,3.0,1.0,4.8292317390441895,3380.87744140625,0.0,0.0,1.078879952430725,7,3063,82.0,0.0,0.0,0.0,0.0,0.0,3.0,0.0,5.019103527069092,648.913818359375,0.0,0.0,1.080641269683838,6,2117,15.0,0.0,0.0,0.0,0.0,0.0,2.0,1.0,3.326190233230591,149.66021728515625,0.0,0.0,4.592862129211426,2,0,2,15751,0,0,0,0,0,2,0,14669,0,1,0,0,10,4673,118.0,382.0,4.0,97.45002746582031,0.0,12.699999809265137,0.0,3.0,2.0,4.0,1.0,6.0,7.0,40.0,0.0,10.0,8.78081226348877,63.6538724899292,4229.6904296875,20185.060180664062,0.0,1044.461181640625,0.0,0.0,1.90266752243042,46.33186388015747,9,5029,13.0,89.45002746582031,8.699999809265137,1.0,1.0,2.0,4.0,4.0,15.595771789550781,4557.6025390625,0.0,0.0,11.897069931030273,10,4963,107.0,4.0,4.0,1.0,0.0,2.0,6.0,2.0,10.172510147094727,6760.0068359375,0.0,0.0,16.43134307861328,9,5241,125.0,0.0,0.0,1.0,0.0,0.0,8.0,2.0,11.593263626098633,3563.436767578125,1044.461181640625,0.0,5.590155601501465,6,3090,19.0,0.0,0.0,0.0,1.0,1.0,15.0,2.0,17.51151466369629,1074.3236083984375,0.0,0.0,10.510627746582031,11,5731,131.0,429.0,1.75,68.30000305175781,0.0,0.0,2.0,4.0,0.0,3.0,2.0,12.0,7.0,34.0,0.0,16.0,7.2723283767700195,68.92901802062988,6363.2109375,20458.673095703125,0.0,440.43328857421875,0.0,0.0,9.485395431518555,38.599687337875366,9,4524,20.0,66.55000305175781,0.0,0.0,1.0,3.0,5.0,8.0,21.84623146057129,3426.2998046875,0.0,0.0,6.837917327880859,10,5452,123.0,0.0,0.0,2.0,2.0,1.0,6.0,3.0,12.249089241027832,7477.3193359375,0.0,0.0,3.9751193523406982,9,5609,132.0,0.0,0.0,0.0,0.0,3.0,7.0,1.0,10.408285140991211,1854.7435302734375,440.43328857421875,0.0,2.7644386291503906,7,3294,23.0,0.0,0.0,0.0,0.0,3.0,9.0,4.0,17.15308380126953,1337.0994873046875,0.0,0.0,15.536816596984863,3,4,6,22996,0,1,0,0,4,3,12,24610,0,1,0,0,14,8811,209.0,693.0,5.0,147.25004768371582,0.0,12.699999809265137,0.0,5.0,5.0,20.0,3.0,13.0,12.0,89.0,4.0,33.0,24.82744598388672,188.33123016357422,11071.1376953125,52052.44482421875,305.712158203125,4548.703643798828,0.0,0.0,6.949151039123535,106.46799278259277,12,8689,28.0,124.6500473022461,8.699999809265137,2.0,3.0,3.0,8.0,11.0,38.84525680541992,11284.234375,144.4285888671875,0.0,27.085613250732422,14,9408,197.0,8.0,4.0,1.0,4.0,4.0,11.0,7.0,29.532339096069336,12875.7958984375,1975.53662109375,0.0,34.51263427734375,13,10077,232.0,5.600000381469727,0.0,2.0,3.0,0.0,11.0,3.0,23.01045799255371,13648.28515625,1981.204833984375,0.0,11.93761920928955,9,5830,27.0,4.0,0.0,0.0,5.0,3.0,47.0,8.0,72.11573028564453,3172.99169921875,141.82144165039062,0.0,25.982975006103516,17,13268,227.0,745.0,37.14999771118164,202.25,3.4000000953674316,31.700000286102295,5.0,20.0,1.0,5.0,11.0,50.0,15.0,97.0,5.0,38.0,36.824012756347656,242.13349533081055,21281.8828125,66880.4912109375,3123.203125,20207.202697753906,0.0,0.0,20.527809143066406,90.27363014221191,13,9038,28.0,111.55000305175781,21.5,0.0,1.0,9.0,12.0,13.0,48.0517578125,10227.498046875,3172.6708984375,0.0,15.627115249633789,16,14161,216.0,33.150001525878906,6.800000190734863,9.0,2.0,9.0,8.0,6.0,34.79207992553711,22589.796875,4883.88427734375,0.0,11.602096557617188,15,13757,238.0,20.39999771118164,0.0,5.0,0.0,9.0,15.0,4.0,46.21178436279297,9775.2021484375,8664.9384765625,0.0,9.618831634521484,12,7259,36.0,0.0,0.0,1.0,1.0,12.0,47.0,10.0,76.25386047363281,3006.111328125,362.50592041015625,0.0,32.89777755737305,5,20,13,42815,0,1,0,2,20,5,50,57483,2,3,1,9
104366947889790212,108166997301178190,PCS Summer 2022,pcs_summer_2022,2022-06-23,2022-09-10,ESPORTSTMNT01:3086781,108166997302620218,1,Playoffs,playoffs,Playoffs,2022-09-02,1841,12.14.455.6722,100,3,100,104367068120825486,107700204561086446,PSG Talon,Deep Cross Gaming,100,PSG Hanabi,Gnar,PSG Burry,Poppy,PSG Gori,Ahri,PSG Unified,Sivir,PSG Kaiwing,Nautilus,DCG Leaky,Aatrox,DCG Hana,Sejuani,DCG Nestea,Lissandra,DCG Cryscata,Zeri,DCG Woody,Yuumi,100,2,100,100,2,0,0,0,0,0,0,4,1402,27.0,108.0,0.0,30.999998092651367,0.0,3.0,0.0,1.0,0.0,0.0,0.0,2.0,1.0,6.0,0.0,1.0,0.0,5.752898216247559,1123.60693359375,4047.3065795898438,24.115108489990234,78.43861389160156,0.0,0.0,1.7197145223617554,11.434161067008972,4,1691,0.0,30.999998092651367,3.0,0.0,0.0,1.0,2.0,0.0,1.7344330549240112,674.7328491210938,0.0,0.0,3.581996440887451,5,1668,40.0,0.0,0.0,0.0,0.0,0.0,2.0,0.0,1.5017985105514526,671.0543212890625,0.0,0.0,0.0,4,1961,34.0,0.0,0.0,1.0,0.0,0.0,1.0,0.0,0.0,1023.0686645507812,54.32350540161133,0.0,0.0,3,1193,7.0,0.0,0.0,0.0,0.0,1.0,0.0,1.0,2.5166666507720947,554.8438110351562,0.0,0.0,6.132450103759766,5,1584,35.0,96.0,0.0,20.999998092651367,0.0,0.0,0.0,0.0,0.0,1.0,0.0,0.0,0.0,7.0,0.0,0.0,0.0,6.072252810001373,1296.5732421875,3068.448699951172,0.0,0.0,0.0,0.0,2.988083839416504,4.253501981496811,3,1376,1.0,20.999998092651367,0.0,0.0,0.0,0.0,1.0,0.0,2.5333521366119385,0.0,0.0,0.0,0.5292870998382568,5,1507,33.0,0.0,0.0,0.0,0.0,0.0,2.0,0.0,1.493760347366333,366.3503723144531,0.0,0.0,0.0,4,1385,25.0,0.0,0.0,0.0,1.0,0.0,2.0,0.0,0.5333333611488342,1029.0968017578125,0.0,0.0,0.35708895325660706,3,1140,2.0,0.0,0.0,0.0,0.0,0.0,2.0,0.0,1.5118069648742676,376.42828369140625,0.0,0.0,0.3790420889854431,1,0,2,7915,0,0,0,0,0,1,0,6992,0,0,0,0,8,2864,73.0,281.0,0.0,55.00000762939453,0.0,3.0,0.0,1.0,0.0,2.0,0.0,2.0,4.0,18.0,0.0,7.0,4.78729248046875,33.58868980407715,2816.455322265625,10758.18115234375,24.115108489990234,497.78014755249023,0.0,0.0,5.127346038818359,26.589173555374146,6,3211,2.0,55.00000762939453,3.0,0.0,1.0,1.0,4.0,1.0,11.406770706176758,1108.272705078125,0.0,0.0,3.855560541152954,8,3486,100.0,0.0,0.0,0.0,0.0,0.0,2.0,2.0,6.15949821472168,2489.28076171875,0.0,0.0,4.674835205078125,7,3875,91.0,0.0,0.0,1.0,0.0,0.0,4.0,3.0,5.0163350105285645,2897.588623046875,473.6650390625,0.0,0.0,5,2318,15.0,0.0,0.0,0.0,1.0,1.0,4.0,1.0,6.2187933921813965,1446.583740234375,0.0,0.0,12.931431770324707,8,3264,88.0,242.0,0.0,60.00000762939453,0.0,7.0,0.0,2.0,0.0,1.0,0.0,2.0,3.0,18.0,0.0,7.0,1.5102494955062866,30.415480971336365,3968.733154296875,8632.122131347656,334.0098571777344,334.0098571777344,0.0,0.0,7.653292179107666,15.72467041015625,7,3364,5.0,60.00000762939453,7.0,0.0,0.0,2.0,1.0,4.0,10.28335189819336,1071.22021484375,0.0,0.0,3.8973324298858643,8,3763,82.0,0.0,0.0,2.0,0.0,0.0,4.0,1.0,6.838706016540527,1443.92138671875,0.0,0.0,2.6011264324188232,6,2782,64.0,0.0,0.0,0.0,1.0,0.0,5.0,2.0,6.707495212554932,1408.5205078125,0.0,0.0,0.6918448209762573,5,2013,3.0,0.0,0.0,0.0,0.0,0.0,5.0,0.0,5.07567834854126,739.7268676757812,0.0,0.0,0.8810745477676392,1,2,2,15754,0,0,0,0,2,1,2,15186,0,0,0,0,11,4661,123.0,468.0,4.0,84.0000228881836,0.0,3.0,0.0,1.0,0.0,2.0,0.0,2.0,8.0,39.0,1.0,17.0,9.037932395935059,71.40823364257812,3097.05029296875,12356.205932617188,24.115108489990234,983.3718528747559,0.0,0.0,5.455881118774414,27.25218105316162,8,4671,7.0,80.0000228881836,3.0,0.0,1.0,1.0,5.0,5.0,22.04522132873535,1281.1190185546875,0.0,0.0,4.190032958984375,11,5468,153.0,0.0,0.0,0.0,0.0,0.0,3.0,3.0,10.194957733154297,2876.26025390625,266.6830139160156,0.0,4.674835205078125,10,7074,160.0,0.0,0.0,1.0,0.0,0.0,7.0,5.0,9.86209774017334,3655.192626953125,692.57373046875,0.0,0.0,7,3538,25.0,0.0,0.0,0.0,1.0,1.0,16.0,3.0,20.268024444580078,1446.583740234375,0.0,0.0,12.931431770324707,11,5125,140.0,412.0,12.0,94.00002136826515,0.0,7.0,0.0,2.0,0.0,1.0,0.0,2.0,5.0,35.0,2.0,17.0,9.800498008728027,69.0546522140503,5345.9345703125,10655.43310546875,334.0098571777344,334.0098571777344,0.0,0.0,9.656883239746094,18.263131260871887,8,4706,8.0,81.60002136230469,7.0,0.0,0.0,2.0,3.0,7.0,20.00264549255371,1291.29150390625,0.0,0.0,3.9474546909332275,11,5457,134.0,0.4000000059604645,0.0,2.0,0.0,0.0,6.0,1.0,8.612698554992676,1443.92138671875,0.0,0.0,2.6011264324188232,9,5014,120.0,0.0,0.0,0.0,1.0,0.0,10.0,4.0,14.938882827758789,1638.030517578125,0.0,0.0,1.0537742376327515,6,2899,10.0,0.0,0.0,0.0,0.0,0.0,11.0,3.0,15.69992733001709,936.255126953125,0.0,0.0,1.0038926601409912,1,2,2,25412,0,1,0,1,2,1,2,23201,0,0,0,0,17,10914,216.0,805.0,7.75,183.7500286102295,0.0,24.999999821186066,0.0,19.0,1.0,8.0,13.0,50.0,14.0,105.0,7.0,47.0,26.938779830932617,223.90460777282715,17017.494140625,83240.06689453125,3239.216796875,18300.352508544922,0.0,0.0,20.85209846496582,98.04520440101624,14,8983,13.0,128.00003051757812,14.999999046325684,0.0,4.0,8.0,14.0,8.0,35.90608215332031,5099.87451171875,687.505615234375,0.0,20.747365951538086,16,14340,250.0,27.599998474121094,9.200000762939453,9.0,1.0,5.0,10.0,10.0,43.882450103759766,21488.51953125,4239.72314453125,0.0,11.705243110656738,16,16969,294.0,20.399999618530273,0.800000011920929,10.0,0.0,9.0,12.0,14.0,40.64149856567383,34973.5546875,9719.091796875,0.0,2.554641008377075,13,7697,32.0,0.0,0.0,0.0,2.0,15.0,55.0,8.0,76.53579711914062,4660.6240234375,414.8151550292969,0.0,42.185855865478516,16,10909,236.0,777.0,36.0,162.00002133846283,0.0,7.0,3.0,8.0,5.0,19.0,2.0,20.0,7.0,99.0,5.0,48.0,20.841175079345703,229.86878204345703,17769.095703125,63114.3779296875,465.64044189453125,465.64044189453125,0.0,0.0,21.896886825561523,85.66586828231812,12,7977,33.0,107.10002136230469,7.0,0.0,5.0,4.0,8.0,17.0,53.69053649902344,6465.9501953125,0.0,0.0,17.8662109375,14,10033,221.0,0.8999999761581421,0.0,3.0,5.0,5.0,12.0,2.0,17.34988021850586,9084.8349609375,0.0,0.0,27.105194091796875,15,13173,275.0,18.0,0.0,2.0,3.0,3.0,33.0,20.0,73.78079223632812,22802.12109375,0.0,0.0,5.259033679962158,12,6016,12.0,0.0,0.0,0.0,1.0,6.0,39.0,4.0,64.2063980102539,6992.3759765625,0.0,0.0,13.538542747497559,19,8,50,58903,2,3,1,9,8,19,20,48108,0,1,0,0
104366947889790212,108166997301178190,PCS Summer 2022,pcs_summer_2022,2022-06-23,2022-09-10,ESPORTSTMNT01:3086785,108166997302620219,2,Playoffs,playoffs,Playoffs,2022-09-02,2191,12.14.455.6722,100,2,100,107700204561086446,104367068120825486,Deep Cross Gaming,PSG Talon,200,DCG Leaky,Renekton,DCG Hana,Sejuani,DCG Nestea,Lissandra,DCG Cryscata,Sivir,DCG Woody,Lulu,PSG Hanabi,Gragas,PSG Burry,MonkeyKing,PSG Gori,Ahri,PSG Unified,Zeri,PSG Kaiwing,Yuumi,200,5,200,100,2,0,0,0,0,0,0,5,1626,32.0,104.0,4.0,25.599999248981476,0.0,0.0,0.0,1.0,0.0,0.0,0.0,1.0,1.0,6.0,0.0,1.0,0.0,3.653328001499176,1916.27392578125,5418.202209472656,218.35870361328125,218.35870361328125,0.0,0.0,6.3539276123046875,13.353614926338196,4,1839,0.0,20.799999237060547,0.0,1.0,0.0,0.0,2.0,0.0,0.9756266474723816,944.702880859375,0.0,0.0,3.225695848464966,5,1701,34.0,0.800000011920929,0.0,0.0,0.0,1.0,1.0,0.0,1.4443680047988892,813.9154663085938,0.0,0.0,1.9413273334503174,4,1626,37.0,0.0,0.0,0.0,0.0,0.0,1.0,0.0,0.0,882.6950073242188,0.0,0.0,0.0,3,1206,1.0,0.0,0.0,0.0,0.0,0.0,1.0,1.0,1.2333333492279053,860.6149291992188,0.0,0.0,1.832664132118225,5,1472,28.0,103.0,0.0,22.399999618530273,0.0,2.4000000953674316,0.0,0.0,0.0,1.0,0.0,0.0,2.0,9.0,0.0,2.0,1.5251898765563965,10.23927617073059,1304.4898681640625,4817.797058105469,0.0,226.14813613891602,0.0,0.0,1.7733473777770996,4.804691195487976,4,1402,0.0,22.399999618530273,2.4000000953674316,0.0,0.0,0.0,2.0,0.0,1.7527196407318115,684.686279296875,0.0,0.0,1.8153209686279297,5,1548,35.0,0.0,0.0,0.0,1.0,0.0,2.0,1.0,2.324772357940674,825.8921508789062,0.0,0.0,0.0,4,1583,40.0,0.0,0.0,0.0,0.0,0.0,3.0,1.0,4.136594295501709,939.425048828125,169.21852111816406,0.0,0.7017436027526855,4,1245,0.0,0.0,0.0,0.0,0.0,0.0,0.0,0.0,0.5,1063.3037109375,56.92961502075195,0.0,0.5142792463302612,1,0,1,7998,0,0,0,0,0,1,0,7250,0,0,0,0,8,3581,92.0,254.0,4.0,61.99999696016312,0.0,4.000000476837158,0.0,2.0,0.0,2.0,0.0,2.0,3.0,16.0,1.0,6.0,6.884825229644775,30.0443696975708,2888.06201171875,10458.154418945312,998.5565185546875,998.5565185546875,0.0,0.0,7.9216156005859375,21.001147270202637,7,3762,3.0,57.19999694824219,4.000000476837158,1.0,0.0,1.0,3.0,0.0,4.1149749755859375,1662.4530029296875,0.0,0.0,5.203305721282959,8,3607,83.0,0.800000011920929,0.0,1.0,0.0,1.0,4.0,1.0,5.864775657653809,1870.7994384765625,0.0,0.0,4.47253942489624,6,2958,69.0,0.0,0.0,0.0,2.0,0.0,4.0,1.0,6.763127326965332,2034.65673828125,0.0,0.0,0.0,6,2155,7.0,0.0,0.0,0.0,0.0,0.0,2.0,3.0,6.416666507720947,2002.1832275390625,0.0,0.0,3.4036865234375,8,2968,72.0,259.0,0.0,49.75000762939453,0.0,10.0,0.0,2.0,0.0,2.0,0.0,4.0,3.0,20.0,0.0,6.0,3.528820514678955,29.81044602394104,2394.41015625,10673.902587890625,0.0,1979.6800231933594,0.0,0.0,5.539198398590088,14.815258502960205,6,3096,3.0,49.75000762939453,10.0,1.0,1.0,1.0,4.0,3.0,12.422233581542969,2167.6796875,0.0,0.0,4.436071395874023,8,3207,88.0,0.0,0.0,0.0,1.0,0.0,4.0,1.0,4.5884552001953125,1826.991943359375,0.0,0.0,0.0,7,3831,96.0,0.0,0.0,1.0,0.0,1.0,6.0,2.0,7.137410640716553,2320.682373046875,1484.4337158203125,0.0,1.8118128776550293,6,2540,0.0,0.0,0.0,0.0,0.0,2.0,3.0,0.0,2.133526086807251,1964.138427734375,495.2463073730469,0.0,3.0281758308410645,2,2,2,16063,0,0,0,0,2,2,4,15642,0,1,0,0,11,5793,152.0,423.0,8.0,94.2000093460083,0.0,4.000000476837158,0.0,6.0,0.0,2.0,0.0,10.0,5.0,29.0,2.0,14.0,9.19550609588623,57.98390007019043,5231.51025390625,19096.98388671875,2136.663818359375,3662.5535888671875,0.0,0.0,12.938238143920898,38.71175527572632,10,5832,5.0,78.40000915527344,4.000000476837158,1.0,0.0,5.0,5.0,1.0,10.50892162322998,4496.29345703125,465.6313171386719,0.0,10.876360893249512,11,6838,136.0,4.800000190734863,0.0,4.0,0.0,2.0,4.0,2.0,8.448108673095703,4009.12060546875,638.9512939453125,0.0,10.316268920898438,9,5151,120.0,3.0,0.0,1.0,2.0,1.0,4.0,4.0,9.863126754760742,3173.506591796875,421.3071594238281,0.0,0.0,7,3263,10.0,0.0,0.0,0.0,0.0,2.0,11.0,5.0,19.968236923217773,2186.552978515625,0.0,0.0,4.580887317657471,11,4575,121.0,409.0,0.0,80.5500259399414,0.0,12.799999237060547,0.0,2.0,0.0,6.0,0.0,4.0,5.0,35.0,0.0,10.0,6.93705940246582,68.89118003845215,4522.25732421875,14547.016357421875,0.0,2118.8872985839844,0.0,0.0,10.545090675354004,23.251195430755615,8,4469,5.0,80.5500259399414,12.799999237060547,1.0,2.0,1.0,5.0,5.0,21.348514556884766,2263.267333984375,0.0,0.0,4.436071395874023,11,4778,136.0,0.0,0.0,0.0,3.0,0.0,5.0,2.0,10.858132362365723,2520.728759765625,0.0,0.0,2.662841796875,9,5585,147.0,0.0,0.0,1.0,1.0,1.0,11.0,3.0,20.47197723388672,2774.44677734375,1623.6409912109375,0.0,2.1866300106048584,8,3412,0.0,0.0,0.0,0.0,0.0,2.0,9.0,0.0,9.275496482849121,2466.316162109375,495.2463073730469,0.0,3.4205615520477295,6,2,10,26877,0,1,0,1,2,6,4,22819,0,1,0,0,17,12729,282.0,915.0,20.0,205.80002212524414,8.0,12.000000476837158,0.0,8.0,3.0,13.0,1.0,17.0,10.0,106.0,7.0,73.0,25.06039047241211,246.3647117614746,11976.3974609375,65267.8974609375,5910.28076171875,8059.484771728516,0.0,0.0,21.732154846191406,106.77794766426086,15,10987,35.0,136.4000244140625,4.000000476837158,1.0,2.0,7.0,16.0,17.0,59.85773468017578,11168.318359375,1088.945556640625,0.0,29.163419723510742,16,12985,248.0,14.799999237060547,0.0,5.0,3.0,3.0,8.0,10.0,33.07828903198242,17633.654296875,638.9512939453125,0.0,37.64293670654297,15,14120,327.0,34.599998474121094,0.0,2.0,4.0,2.0,14.0,22.0,40.38590621948242,21038.689453125,421.3071594238281,0.0,2.63110089302063,12,7049,23.0,0.0,0.0,0.0,1.0,4.0,58.0,17.0,87.98239135742188,3450.837890625,0.0,0.0,15.608335494995117,17,11576,241.0,933.0,10.0,226.45000839233398,0.0,29.19999885559082,0.0,13.0,0.0,8.0,5.0,30.0,12.0,152.0,9.0,62.0,35.15835189819336,343.62635803222656,13207.30859375,85744.5185546875,1386.7855224609375,18347.880340576172,0.0,0.0,26.645429611206055,81.69690036773682,16,11109,19.0,163.45001220703125,25.19999885559082,2.0,4.0,5.0,14.0,15.0,65.88790893554688,10528.908203125,693.2606201171875,0.0,13.884801864624023,18,13138,293.0,12.5,4.0,0.0,3.0,6.0,16.0,7.0,49.88486862182617,17614.8515625,3858.525390625,0.0,14.7818603515625,17,20297,380.0,40.499996185302734,0.0,11.0,1.0,1.0,52.0,31.0,119.59001159667969,33366.359375,11914.0625,0.0,11.934439659118652,15,8681,0.0,0.0,0.0,0.0,0.0,13.0,58.0,0.0,73.10521697998047,11027.0908203125,495.2463073730469,0.0,14.450368881225586,8,13,17,57870,0,2,0,3,13,8,30,64801,1,3,1,8
104366947889790212,108166997301178190,PCS Summer 2022,pcs_summer_2022,2022-06-23,2022-09-10,ESPORTSTMNT01:3086787,108166997302620220,3,Playoffs,playoffs,Playoffs,2022-09-02,2266,12.14.455.6722,100,3,100,107700204561086446,104367068120825486,Deep Cross Gaming,PSG Talon,100,DCG Leaky,Aatrox,DCG Hana,Vi,DCG Nestea,Lissandra,DCG Cryscata,Zeri,DCG Woody,Yuumi,PSG Hanabi,Gnar,PSG Burry,MonkeyKing,PSG Gori,Ahri,PSG Unified,Sivir,PSG Kaiwing,Leona,200,2,100,200,1,1,1,100,4,0,0,5,1823,28.0,101.0,0.0,31.999998092651367,0.0,0.0,1.0,1.0,0.0,0.0,0.0,1.0,0.0,5.0,0.0,1.0,0.0,6.104074597358704,1738.2333984375,3661.616973876953,0.0,0.0,0.0,0.0,4.289988040924072,5.977013677358627,4,1885,1.0,31.999998092651367,0.0,0.0,0.0,1.0,1.0,1.0,3.0573062896728516,306.48040771484375,0.0,0.0,0.776092529296875,5,1668,39.0,0.0,0.0,0.0,0.0,0.0,2.0,0.0,1.5020270347595215,317.8064270019531,0.0,0.0,0.0,4,1589,33.0,0.0,0.0,0.0,0.0,0.0,0.0,0.0,0.0,703.6447143554688,0.0,0.0,0.3639887273311615,4,1085,0.0,0.0,0.0,0.0,0.0,0.0,2.0,0.0,1.5447412729263306,595.4520263671875,0.0,0.0,0.5469443798065186,5,1430,29.0,115.0,0.0,28.0,0.0,0.0,0.0,0.0,1.0,1.0,0.0,0.0,1.0,7.0,0.0,0.0,1.4381577968597412,8.556722581386566,1826.992431640625,3399.9451293945312,0.0,0.0,0.0,0.0,3.9473822116851807,5.766123056411743,4,1565,0.0,28.0,0.0,0.0,0.0,0.0,2.0,0.0,3.2664408683776855,0.0,0.0,0.0,0.0,5,1654,39.0,0.0,0.0,0.0,0.0,0.0,1.0,0.0,0.8922315239906311,684.7218627929688,0.0,0.0,0.0,4,1675,40.0,0.0,0.0,0.0,0.0,0.0,1.0,0.0,1.500179648399353,668.2056274414062,0.0,0.0,0.0,4,1146,7.0,0.0,0.0,0.0,0.0,0.0,2.0,0.0,1.4597127437591553,220.02520751953125,0.0,0.0,1.8187408447265625,1,0,1,8050,0,0,0,0,0,1,0,7470,0,0,0,0,8,3899,82.0,269.0,4.0,74.50001525878906,0.0,4.0,2.0,2.0,0.0,0.0,0.0,2.0,4.0,18.0,1.0,5.0,3.517733573913574,28.521233320236206,2533.546630859375,6410.7625732421875,0.0,636.1520690917969,0.0,0.0,6.0991716384887695,11.581833183765411,8,3550,3.0,66.50001525878906,4.0,0.0,0.0,2.0,3.0,3.0,11.230229377746582,1163.3914794921875,0.0,0.0,3.2557549476623535,8,3574,99.0,4.0,0.0,0.0,0.0,0.0,3.0,0.0,4.6269989013671875,563.32763671875,0.0,0.0,0.20186668634414673,6,3352,84.0,0.0,0.0,0.0,0.0,0.0,4.0,1.0,5.718142032623291,1074.4071044921875,390.4918518066406,0.0,1.0751726627349854,6,2018,1.0,0.0,0.0,0.0,0.0,0.0,4.0,0.0,3.4281294345855713,1076.0897216796875,245.66021728515625,0.0,0.9498672485351562,8,2859,70.0,276.0,0.0,60.00000762939453,0.0,0.0,0.0,0.0,2.0,2.0,0.0,0.0,4.0,18.0,1.0,5.0,6.016423225402832,31.00141477584839,2819.965576171875,5315.7509765625,0.0,384.6761474609375,0.0,0.0,6.7991533279418945,9.79177713394165,6,3083,1.0,56.00000762939453,0.0,0.0,0.0,0.0,4.0,1.0,7.913363933563232,331.1527404785156,0.0,0.0,0.0,8,3511,96.0,4.0,0.0,0.0,0.0,0.0,3.0,0.0,4.177196502685547,1004.44921875,0.0,0.0,0.0,6,3439,93.0,0.0,0.0,0.0,0.0,0.0,3.0,1.0,4.582680702209473,873.6696166992188,384.6761474609375,0.0,0.0,6,2140,16.0,0.0,0.0,0.0,0.0,0.0,4.0,2.0,8.311750411987305,286.5138244628906,0.0,0.0,2.992623805999756,2,0,2,16393,0,0,0,0,0,2,0,15032,0,0,0,0,11,6094,136.0,430.0,8.0,93.0000228881836,0.0,8.0,2.0,5.0,0.0,0.0,0.0,10.0,6.0,33.0,1.0,12.0,11.920949935913086,64.19494724273682,5384.2646484375,16931.181396484375,472.3035583496094,3989.2835998535156,0.0,0.0,10.095793724060059,35.36043119430542,9,4997,7.0,81.0000228881836,8.0,0.0,0.0,4.0,6.0,7.0,23.184019088745117,2058.525146484375,716.165771484375,0.0,6.161104202270508,11,5421,149.0,4.0,0.0,0.0,0.0,3.0,6.0,0.0,7.483992576599121,2820.78759765625,0.0,0.0,8.070528030395508,9,6747,135.0,0.0,0.0,3.0,0.0,0.0,6.0,2.0,9.046345710754395,4293.2060546875,2049.55517578125,0.0,3.9212660789489746,8,3337,3.0,0.0,0.0,0.0,0.0,3.0,9.0,2.0,12.559639930725098,2374.39794921875,751.2590942382812,0.0,7.111739158630371,11,4661,123.0,437.0,0.0,88.00001525878906,0.0,0.0,0.0,0.0,2.0,5.0,0.0,0.0,6.0,35.0,3.0,13.0,10.583732604980469,61.34693479537964,5457.14306640625,13260.55029296875,0.0,384.6761474609375,0.0,0.0,15.4989013671875,30.595733523368835,8,4522,2.0,84.00001525878906,0.0,0.0,1.0,0.0,4.0,2.0,9.463363647460938,1310.0626220703125,0.0,0.0,0.9393690824508667,11,5490,154.0,4.0,0.0,0.0,0.0,0.0,6.0,3.0,10.742032051086426,3599.463623046875,0.0,0.0,4.018318176269531,9,4938,137.0,0.0,0.0,0.0,1.0,0.0,6.0,1.0,7.256794452667236,1820.72509765625,384.6761474609375,0.0,0.0,7,3002,21.0,0.0,0.0,0.0,1.0,0.0,13.0,4.0,23.30101203918457,1073.1558837890625,0.0,0.0,10.139144897460938,5,0,10,26596,0,0,0,1,0,5,0,22613,0,1,0,0,18,17250,301.0,1012.0,56.250003814697266,286.8499755859375,10.0,30.0,6.0,19.0,0.0,0.0,6.0,52.0,8.0,141.0,6.0,76.0,39.713096618652344,355.17358016967773,21028.38671875,77102.7490234375,2606.720458984375,21352.967834472656,0.0,0.0,23.206483840942383,106.28732395172119,16,12612,30.0,163.99996948242188,12.0,0.0,0.0,14.0,17.0,28.0,88.80143737792969,8984.5556640625,2455.155029296875,0.0,22.646343231201172,18,14662,304.0,31.0,4.0,1.0,0.0,13.0,7.0,4.0,23.333080291748047,11165.048828125,1052.1787109375,0.0,28.482669830322266,17,20964,373.0,35.60000228881836,4.0,10.0,0.0,5.0,57.0,36.0,130.90444946289062,23391.4453125,14296.34375,0.0,9.817254066467285,15,9759,4.0,0.0,0.0,2.0,0.0,14.0,52.0,2.0,72.42151641845703,12533.3125,942.5698852539062,0.0,22.134572982788086,17,12033,258.0,1019.0,17.649999618530273,211.2499885559082,0.0,0.0,0.0,0.0,4.0,19.0,0.0,0.0,14.0,128.0,16.0,67.0,38.99619674682617,242.7604808807373,10630.04296875,45689.3857421875,217.2100067138672,5884.59928894043,0.0,0.0,25.248741149902344,66.05147862434387,13,9199,17.0,130.39999389648438,0.0,0.0,5.0,0.0,14.0,17.0,45.120540618896484,3583.99462890625,1419.1884765625,0.0,4.634437561035156,17,13096,329.0,14.399999618530273,0.0,0.0,3.0,0.0,9.0,11.0,32.537227630615234,13343.142578125,2687.631103515625,0.0,16.991249084472656,17,15355,382.0,48.79999542236328,0.0,0.0,3.0,0.0,13.0,11.0,29.251222610473633,15468.5244140625,1560.5697021484375,0.0,1.1162445545196533,12,6911,33.0,0.0,0.0,0.0,4.0,0.0,78.0,12.0,96.85529327392578,2663.68115234375,0.0,0.0,18.060806274414062,19,0,52,75247,2,4,2,10,0,19,0,56594,0,1,0,3
104366947889790212,108166997301178190,PCS Summer 2022,pcs_summer_2022,2022-06-23,2022-09-10,ESPORTSTMNT01:3086792,108166997302620221,4,Playoffs,playoffs,Playoffs,2022-09-02,2152,12.14.455.6722,200,3,100,104367068120825486,107700204561086446,PSG Talon,Deep Cross Gaming,100,PSG Hanabi,Aatrox,PSG Burry,Sejuani,PSG Gori,Sylas,PSG Unified,Zeri,PSG Kaiwing,Rakan,DCG Leaky,Renekton,DCG Hana,Trundle,DCG Nestea,Ahri,DCG Cryscata,Sivir,DCG Woody,Renata,100,4,100,200,1,1,0,0,0,0,0,5,1472,28.0,111.0,0.0,23.999998092651367,0.0,0.0,0.0,0.0,0.0,0.0,0.0,0.0,1.0,8.0,0.0,1.0,1.4403756856918335,9.355663061141968,1181.828369140625,2523.519805908203,0.0,0.0,0.0,0.0,1.738875150680542,4.505518410354853,4,1439,1.0,23.999998092651367,0.0,0.0,0.0,0.0,2.0,1.0,3.079080820083618,76.07670593261719,0.0,0.0,0.05028429999947548,5,1709,38.0,0.0,0.0,0.0,0.0,0.0,1.0,0.0,1.5111812353134155,952.1299438476562,0.0,0.0,2.3981306552886963,4,1647,38.0,0.0,0.0,0.0,0.0,0.0,2.0,0.0,0.9944097995758057,200.6582794189453,0.0,0.0,0.3182283043861389,4,1118,6.0,0.0,0.0,0.0,0.0,0.0,2.0,0.0,2.330615520477295,112.82650756835938,0.0,0.0,0.0,5,1444,29.0,110.0,0.0,27.999998092651367,0.0,4.0,0.0,0.0,0.0,0.0,0.0,0.0,1.0,5.0,0.0,2.0,0.0,9.347559809684753,1277.576416015625,2900.95703125,218.35870361328125,264.27935791015625,0.0,0.0,4.02484130859375,5.811144590377808,4,1529,0.0,27.999998092651367,4.0,0.0,0.0,0.0,1.0,0.0,2.9394893646240234,0.0,0.0,0.0,0.0,5,1661,39.0,0.0,0.0,0.0,0.0,0.0,2.0,0.0,2.2507810592651367,792.5255737304688,0.0,0.0,0.0,4,1671,40.0,0.0,0.0,0.0,0.0,0.0,1.0,1.0,1.9739559888839722,464.18182373046875,0.0,0.0,0.0,4,1199,2.0,0.0,0.0,0.0,0.0,0.0,0.0,1.0,2.183333396911621,366.6732177734375,45.920654296875,0.0,1.7863032817840576,0,0,0,7385,0,0,0,0,0,0,0,7504,0,0,0,0,8,3024,75.0,258.0,0.0,47.999996185302734,0.0,0.0,0.0,1.0,0.0,2.0,1.0,3.0,3.0,17.0,0.0,5.0,4.683628082275391,30.71629238128662,3185.37548828125,8133.543029785156,0.0,0.0,0.0,0.0,5.500061988830566,16.45421040058136,6,2836,4.0,47.999996185302734,0.0,0.0,1.0,1.0,3.0,3.0,12.25485610961914,626.14013671875,0.0,0.0,1.9496076107025146,8,3382,82.0,0.0,0.0,0.0,1.0,1.0,3.0,0.0,3.5101284980773926,2399.73681640625,0.0,0.0,4.916130065917969,6,3125,83.0,0.0,0.0,0.0,0.0,0.0,4.0,1.0,5.6077799797058105,1011.2515869140625,0.0,0.0,1.29336678981781,6,2549,14.0,0.0,0.0,1.0,0.0,0.0,4.0,1.0,4.659899711608887,911.0390014648438,0.0,0.0,2.7950439453125,8,3315,85.0,250.0,0.0,49.20000076293945,0.0,4.0,0.0,2.0,0.0,1.0,2.0,7.0,3.0,19.0,0.0,5.0,5.033629417419434,27.81173610687256,4125.21533203125,10095.494171142578,218.35870361328125,364.91505432128906,0.0,0.0,8.66607666015625,15.247019827365875,6,2829,2.0,49.20000076293945,4.0,0.0,1.0,2.0,2.0,2.0,8.697822570800781,386.2240295410156,0.0,0.0,0.8645039200782776,8,3170,82.0,0.0,0.0,0.0,0.0,1.0,5.0,1.0,5.336206436157227,1930.04052734375,0.0,0.0,1.41363525390625,6,3670,79.0,0.0,0.0,2.0,0.0,0.0,3.0,1.0,2.564420700073242,2397.74560546875,100.63569641113281,0.0,0.0,6,2511,2.0,0.0,0.0,0.0,0.0,2.0,6.0,1.0,6.179656982421875,1256.2686767578125,45.920654296875,0.0,4.302803993225098,1,2,3,14916,0,0,0,0,2,1,7,15495,0,0,0,0,11,5047,132.0,460.0,8.0,88.00000762939453,0.0,4.0,0.0,1.0,0.0,2.0,1.0,3.0,6.0,41.0,1.0,16.0,9.527191162109375,76.9306411743164,4028.84521484375,12297.521789550781,0.0,0.0,0.0,0.0,6.879410743713379,21.91106104850769,8,4122,9.0,76.00000762939453,4.0,0.0,1.0,1.0,5.0,4.0,19.633338928222656,668.8277587890625,0.0,0.0,1.9496076107025146,11,5456,140.0,4.0,0.0,0.0,1.0,1.0,5.0,0.0,5.066795349121094,4863.5625,0.0,0.0,8.64754867553711,9,5219,153.0,0.0,0.0,0.0,0.0,0.0,11.0,5.0,19.44451141357422,1825.247314453125,0.0,0.0,1.6394500732421875,8,3719,26.0,0.0,0.0,1.0,0.0,0.0,14.0,6.0,23.258804321289062,911.0390014648438,0.0,0.0,2.7950439453125,11,5351,141.0,410.0,8.0,84.00000762939453,0.0,4.0,0.0,2.0,0.0,1.0,2.0,7.0,4.0,40.0,1.0,19.0,6.866962909698486,73.00313663482666,4651.20556640625,12858.367736816406,218.35870361328125,474.8998107910156,0.0,0.0,10.04705810546875,24.018922805786133,8,4363,7.0,76.00000762939453,4.0,0.0,1.0,2.0,5.0,7.0,20.962392807006836,725.2832641601562,0.0,0.0,4.137217044830322,10,4882,135.0,0.0,0.0,0.0,0.0,1.0,8.0,2.0,10.778329849243164,3043.4375,0.0,0.0,3.1845197677612305,8,5353,120.0,0.0,0.0,2.0,0.0,0.0,6.0,3.0,6.886417865753174,3069.498291015625,210.62045288085938,0.0,0.0,7,3463,7.0,0.0,0.0,0.0,0.0,2.0,17.0,6.0,27.509033203125,1368.943115234375,45.920654296875,0.0,6.65012788772583,1,2,3,23563,0,1,0,0,2,1,7,23412,0,0,0,0,18,14254,290.0,975.0,31.25,244.75,1.5,27.000000953674316,2.0,16.0,2.0,11.0,3.0,41.0,10.0,138.0,6.0,75.0,37.63180923461914,332.6095390319824,15191.572265625,97726.83544921875,4707.79638671875,16972.387329101562,0.0,0.0,14.317323684692383,92.75033760070801,16,10986,25.0,144.8000030517578,4.800000190734863,2.0,4.0,10.0,12.0,9.0,42.47255325317383,9373.080078125,228.74798583984375,0.0,21.826669692993164,17,14857,261.0,34.5,4.0,4.0,3.0,9.0,9.0,7.0,33.39461898803711,23761.333984375,793.0018920898438,0.0,23.458059310913086,17,18255,352.0,34.19999694824219,16.700000762939453,7.0,1.0,6.0,47.0,31.0,112.68243408203125,44489.21484375,10876.5400390625,0.0,17.231048583984375,15,9249,47.0,0.0,0.0,1.0,1.0,13.0,60.0,22.0,106.4281234741211,4911.63427734375,366.301025390625,0.0,15.917236328125,17,13458,260.0,911.0,33.25,191.25001049041748,0.0,5.5,4.0,11.0,3.0,16.0,6.0,35.0,10.0,127.0,6.0,78.0,19.632205963134766,267.6692352294922,20458.15625,79222.80908203125,2928.880615234375,5751.917251586914,0.0,0.0,23.064523696899414,92.86579084396362,14,10112,28.0,128.70001220703125,5.5,1.0,3.0,9.0,14.0,19.0,52.76803970336914,9871.16015625,1356.0657958984375,0.0,27.49774169921875,16,11867,250.0,4.800000190734863,0.0,2.0,2.0,6.0,24.0,6.0,52.04959487915039,15486.8349609375,0.0,0.0,21.097272872924805,16,14920,345.0,24.499998092651367,0.0,4.0,3.0,6.0,16.0,20.0,36.67082595825195,28352.2265625,1365.38232421875,0.0,2.4518637657165527,12,7840,28.0,0.0,0.0,0.0,5.0,8.0,63.0,27.0,106.54856872558594,5054.43115234375,101.58851623535156,0.0,18.7543888092041,16,11,41,67601,2,3,1,9,11,16,35,58197,0,2,0,1
104366947889790212,108166997301178190,PCS Summer 2022,pcs_summer_2022,2022-06-23,2022-09-10,ESPORTSTMNT01:3096874,108166997302620224,1,Playoffs,playoffs,Playoffs,2022-09-03,2460,12.14.455.6722,100,1,100,106269804045322803,104367068120825486,Beyond Gaming,PSG Talon,100,BYG Likai,Fiora,BYG Husha,Sejuani,BYG Minji,Sylas,BYG Wako,Zeri,BYG Kino,Rakan,PSG Hanabi,Renekton,PSG Burry,MonkeyKing,PSG Gori,Galio,PSG Unified,Sivir,PSG Kaiwing,Leona,100,4,100,200,1,1,1,100,3,0,0,5,1640,37.0,107.0,0.0,27.599998474121094,0.0,3.6000003814697266,0.0,1.0,0.0,2.0,0.0,1.0,1.0,7.0,0.0,0.0,1.4487110376358032,8.319578409194946,1657.6875,4045.3865356445312,0.0,0.0,0.0,0.0,1.2587083578109741,8.02778947353363,4,1967,0.0,27.599998474121094,3.6000003814697266,1.0,1.0,0.0,1.0,0.0,2.8367760181427,675.0863647460938,0.0,0.0,3.5397145748138428,5,1677,29.0,0.0,0.0,0.0,1.0,1.0,2.0,0.0,1.7233964204788208,1355.654541015625,0.0,0.0,3.2293665409088135,4,1626,35.0,0.0,0.0,0.0,0.0,0.0,1.0,0.0,0.0,190.14205932617188,0.0,0.0,0.0,3,1125,6.0,0.0,0.0,0.0,0.0,0.0,2.0,0.0,2.310694932937622,166.81607055664062,0.0,0.0,0.0,5,1447,31.0,104.0,0.0,28.399999618530273,0.0,0.0,0.0,2.0,0.0,1.0,0.0,4.0,2.0,8.0,0.0,1.0,1.445708155632019,6.8622868955135345,1105.0247802734375,4033.3238220214844,0.0,0.0,0.0,0.0,0.8753509521484375,9.618924736976624,4,1758,0.0,28.399999618530273,0.0,0.0,0.0,2.0,3.0,0.0,0.3333333432674408,532.5252685546875,0.0,0.0,0.8791013956069946,5,1859,29.0,0.0,0.0,1.0,1.0,1.0,2.0,0.0,1.4901295900344849,1759.19580078125,0.0,0.0,5.9987945556640625,4,1702,39.0,0.0,0.0,0.0,0.0,0.0,1.0,1.0,3.09311580657959,326.7196350097656,0.0,0.0,0.0,4,1493,5.0,0.0,0.0,1.0,0.0,1.0,0.0,0.0,0.5,309.85833740234375,0.0,0.0,1.865677833557129,1,2,1,8035,0,0,0,0,2,1,4,8259,0,0,0,0,8,3247,88.0,269.0,0.0,67.60001373291016,0.0,3.6000003814697266,0.0,2.0,0.0,2.0,0.0,3.0,3.0,20.0,0.0,0.0,4.016383171081543,22.425138473510742,2388.524169921875,7494.396789550781,0.0,724.9512329101562,0.0,0.0,1.7431570291519165,17.239729046821594,7,3599,1.0,67.60001373291016,3.6000003814697266,1.0,1.0,1.0,1.0,0.0,6.086775779724121,1919.1270751953125,0.0,0.0,8.35285472869873,8,3566,78.0,0.0,0.0,1.0,1.0,1.0,5.0,0.0,4.484527111053467,2432.178955078125,0.0,0.0,7.143717288970947,7,3489,89.0,0.0,0.0,0.0,0.0,0.0,5.0,0.0,4.429527282714844,478.29937744140625,724.9512329101562,0.0,0.0,5,2124,13.0,0.0,0.0,0.0,0.0,1.0,6.0,0.0,3.4079251289367676,276.2672119140625,0.0,0.0,0.0,8,3225,88.0,278.0,0.0,52.400001525878906,0.0,0.0,0.0,2.0,0.0,2.0,0.0,4.0,3.0,14.0,0.0,7.0,4.579634666442871,30.294572591781616,1781.7550048828125,8076.715667724609,0.0,0.0,0.0,0.0,0.8753509521484375,18.485344529151917,6,3160,3.0,48.400001525878906,0.0,0.0,0.0,2.0,3.0,2.0,9.106319427490234,963.9244995117188,0.0,0.0,0.8791013956069946,8,3681,84.0,4.0,0.0,1.0,2.0,1.0,3.0,0.0,3.016083002090454,3970.685302734375,0.0,0.0,11.421585083007812,7,3294,87.0,0.0,0.0,0.0,0.0,0.0,4.0,1.0,6.49253511428833,923.8566284179688,0.0,0.0,0.0,5,2467,16.0,0.0,0.0,1.0,0.0,1.0,1.0,4.0,7.100000381469727,436.4942321777344,0.0,0.0,5.309307098388672,2,2,3,16025,0,1,0,0,2,2,4,15827,0,0,0,0,11,4701,126.0,435.0,0.0,95.60002136230469,0.0,3.6000003814697266,0.0,3.0,0.0,2.0,0.0,4.0,6.0,50.0,2.0,18.0,8.162421226501465,86.6792688369751,4817.17919921875,13423.717163085938,0.0,724.9512329101562,0.0,0.0,2.0447514057159424,23.859461545944214,9,5094,12.0,87.60002136230469,3.6000003814697266,1.0,1.0,2.0,3.0,7.0,21.607738494873047,3187.220947265625,0.0,0.0,10.761561393737793,10,5531,121.0,4.0,0.0,2.0,1.0,1.0,7.0,1.0,10.333309173583984,3199.364013671875,0.0,0.0,8.1460599899292,9,5800,149.0,4.0,0.0,0.0,0.0,0.0,8.0,4.0,17.6451416015625,1943.685791015625,724.9512329101562,0.0,2.0632166862487793,7,3144,27.0,0.0,0.0,0.0,0.0,1.0,26.0,4.0,28.9306583404541,276.2672119140625,0.0,0.0,0.8438720703125,10,4836,131.0,431.0,0.0,68.40001678466797,0.0,0.0,0.0,2.0,0.0,3.0,0.0,4.0,6.0,35.0,2.0,18.0,8.360394477844238,74.80108737945557,3269.946533203125,11644.280303955078,389.549072265625,1408.2588806152344,0.0,0.0,1.6525726318359375,21.776848435401917,8,4527,5.0,64.40001678466797,0.0,0.0,0.0,2.0,6.0,4.0,18.696584701538086,963.9244995117188,704.9342651367188,0.0,0.8791013956069946,10,5280,128.0,4.0,0.0,1.0,3.0,1.0,6.0,1.0,8.213748931884766,4910.50439453125,0.0,0.0,13.935867309570312,9,5769,143.0,0.0,0.0,0.0,0.0,0.0,8.0,4.0,20.169605255126953,2063.41064453125,313.7755432128906,0.0,0.0,7,3506,24.0,0.0,0.0,1.0,0.0,1.0,9.0,7.0,19.360754013061523,436.4942321777344,0.0,0.0,5.309307098388672,3,2,4,24270,0,1,0,0,2,3,4,23918,0,0,0,0,18,19744,397.0,1224.0,16.0,322.4000129699707,13.5,45.39999961853027,4.0,13.0,0.0,4.0,3.0,27.0,15.0,172.0,7.0,96.0,44.396427154541016,425.0667533874512,29187.45703125,84854.37377929688,12979.9482421875,26108.9892578125,0.0,0.0,6.598381996154785,83.63779258728027,18,14283,50.0,215.60000610351562,7.600000381469727,1.0,2.0,8.0,11.0,24.0,79.69999694824219,14274.0546875,1118.716796875,0.0,26.941173553466797,18,16817,303.0,52.000003814697266,13.5,3.0,1.0,7.0,11.0,9.0,41.75993347167969,11338.0517578125,2332.27490234375,0.0,18.349319458007812,18,20249,427.0,38.80000305175781,10.799999237060547,5.0,0.0,2.0,13.0,36.0,83.99854278564453,27194.583984375,9171.2431640625,0.0,13.952103614807129,14,9540,47.0,0.0,0.0,0.0,1.0,7.0,122.0,20.0,175.21185302734375,2860.226318359375,506.80615234375,0.0,17.79681396484375,18,14663,339.0,1259.0,20.0,191.35002613067627,0.0,0.0,0.0,4.0,2.0,13.0,1.0,10.0,19.0,141.0,7.0,88.0,44.98231506347656,270.6276578903198,9412.6728515625,74879.60546875,553.8158569335938,1572.5256652832031,0.0,0.0,6.822845935821533,59.9044930934906,15,9549,37.0,104.15003204345703,0.0,0.0,4.0,3.0,10.0,27.0,52.29358673095703,5207.5263671875,704.9342651367188,0.0,7.684765338897705,18,15199,376.0,8.800000190734863,0.0,2.0,5.0,2.0,12.0,1.0,15.71259593963623,16654.33984375,0.0,0.0,23.895687103271484,18,19363,468.0,58.399993896484375,0.0,1.0,1.0,1.0,19.0,34.0,65.46927642822266,40833.5859375,313.7755432128906,0.0,3.5512893199920654,14,8032,39.0,0.0,0.0,1.0,1.0,3.0,81.0,19.0,92.16988372802734,2771.48046875,0.0,0.0,17.949905395507812,13,4,27,80633,4,4,2,11,4,13,10,66806,0,1,0,1
104366947889790212,108166997301178190,PCS Summer 2022,pcs_summer_2022,2022-06-23,2022-09-10,ESPORTSTMNT01:3096881,108166997302620225,2,Playoffs,playoffs,Playoffs,2022-09-03,2466,12.14.455.6722,100,2,200,104367068120825486,106269804045322803,PSG Talon,Beyond Gaming,200,PSG Hanabi,Gnar,PSG Burry,Poppy,PSG Gori,Ahri,PSG Unified,Zeri,PSG Kaiwing,Rakan,BYG Likai,Aatrox,BYG Husha,MonkeyKing,BYG Minji,Lissandra,BYG Wako,Sivir,BYG Kino,Amumu,200,2,100,100,2,0,1,200,5,0,0,5,1622,40.0,126.0,0.0,27.999998092651367,0.0,0.0,0.0,0.0,0.0,0.0,0.0,0.0,1.0,8.0,0.0,0.0,1.473726511001587,6.793282687664032,1312.3165283203125,3731.0209197998047,25.863525390625,25.863525390625,0.0,0.0,3.1165285110473633,7.7366790771484375,4,1519,0.0,27.999998092651367,0.0,0.0,0.0,0.0,3.0,0.0,0.6666666865348816,361.7148132324219,0.0,0.0,1.2712483406066895,5,1689,41.0,0.0,0.0,0.0,0.0,0.0,1.0,0.0,1.7617429494857788,1410.0030517578125,0.0,0.0,2.62127685546875,4,1654,38.0,0.0,0.0,0.0,0.0,0.0,1.0,0.0,1.4503540992736816,539.760986328125,0.0,0.0,0.7276253700256348,4,1132,7.0,0.0,0.0,0.0,0.0,0.0,2.0,0.0,1.440792441368103,107.22554016113281,0.0,0.0,0.0,5,1426,30.0,104.0,0.0,27.999998092651367,0.0,0.0,0.0,0.0,0.0,0.0,0.0,0.0,1.0,7.0,0.0,1.0,1.550707221031189,9.615488409996033,433.72509765625,1873.3722686767578,0.0,0.0,0.0,0.0,1.3086929321289062,4.391808837652206,4,1498,1.0,23.999998092651367,0.0,0.0,0.0,0.0,1.0,1.0,3.760267972946167,76.69856262207031,0.0,0.0,0.5019387602806091,5,1598,36.0,0.0,0.0,0.0,0.0,0.0,3.0,0.0,1.5290143489837646,779.7582397460938,0.0,0.0,0.497826486825943,3,1558,30.0,4.0,0.0,0.0,0.0,0.0,2.0,0.0,1.775498867034912,515.52392578125,0.0,0.0,0.0,3,1153,7.0,0.0,0.0,0.0,0.0,0.0,0.0,0.0,1.0,67.66644287109375,0.0,0.0,2.083350658416748,0,0,0,7616,0,0,0,0,0,0,0,7233,0,0,0,0,8,3430,94.0,304.0,0.0,65.20001220703125,0.0,3.6000003814697266,0.0,0.0,0.0,0.0,0.0,0.0,4.0,21.0,0.0,2.0,4.725689888000488,28.723323106765747,2731.386962890625,7281.457366943359,25.863525390625,25.863525390625,0.0,0.0,5.4034504890441895,11.842421174049377,6,3109,5.0,61.20001220703125,3.6000003814697266,0.0,0.0,0.0,4.0,1.0,7.80184268951416,611.9547729492188,0.0,0.0,2.756503105163574,8,3595,101.0,4.0,0.0,0.0,0.0,0.0,4.0,0.0,5.841366767883301,2214.2236328125,0.0,0.0,2.62127685546875,6,3315,88.0,0.0,0.0,0.0,0.0,0.0,5.0,1.0,7.020662307739258,1378.361572265625,0.0,0.0,1.0611907243728638,6,2135,16.0,0.0,0.0,0.0,0.0,0.0,4.0,0.0,3.33376145362854,345.5304260253906,0.0,0.0,0.0,8,3008,77.0,276.0,0.0,60.40000534057617,0.0,0.0,0.0,0.0,0.0,0.0,0.0,0.0,3.0,15.0,0.0,4.0,3.7703452110290527,27.924846649169922,1116.659912109375,6218.495071411133,0.0,245.6114501953125,0.0,0.0,2.291804313659668,10.776465833187103,6,2860,4.0,56.40000534057617,0.0,0.0,0.0,0.0,2.0,3.0,9.735267639160156,76.69856262207031,0.0,0.0,0.5019387602806091,8,3266,88.0,0.0,0.0,0.0,0.0,0.0,4.0,1.0,6.154153347015381,1452.7119140625,0.0,0.0,1.7383198738098145,6,3621,92.0,4.0,0.0,0.0,0.0,0.0,4.0,0.0,5.638214588165283,2719.324951171875,245.6114501953125,0.0,0.0,6,2084,15.0,0.0,0.0,0.0,0.0,0.0,2.0,0.0,2.626865863800049,853.0997314453125,0.0,0.0,6.244402885437012,0,0,0,15584,0,0,0,0,0,0,0,14839,0,1,0,0,11,5223,147.0,476.0,0.0,89.60001373291016,0.0,7.600000381469727,0.0,0.0,0.0,2.0,0.0,0.0,6.0,43.0,1.0,13.0,7.929533958435059,75.63046836853027,4111.6669921875,13082.808837890625,25.863525390625,25.863525390625,0.0,0.0,6.752626419067383,25.698537349700928,9,4749,14.0,81.60001373291016,7.600000381469727,0.0,1.0,0.0,5.0,4.0,20.096309661865234,1191.3524169921875,0.0,0.0,6.780890941619873,11,5380,150.0,8.0,0.0,0.0,1.0,0.0,6.0,2.0,10.496956825256348,4408.44873046875,0.0,0.0,5.5142822265625,9,5117,142.0,0.0,0.0,0.0,0.0,0.0,11.0,3.0,16.453445434570312,2175.7490234375,0.0,0.0,2.077312469482422,7,3128,23.0,0.0,0.0,0.0,0.0,0.0,15.0,3.0,20.65422248840332,1195.5916748046875,0.0,0.0,4.57342529296875,11,5003,133.0,464.0,4.0,104.4000244140625,0.0,0.0,0.0,2.0,0.0,0.0,1.0,6.0,6.0,32.0,0.0,18.0,5.167872428894043,81.95613479614258,2125.167724609375,13081.679809570312,0.0,245.6114501953125,0.0,0.0,3.211482048034668,29.240731477737427,10,5060,8.0,96.4000244140625,0.0,1.0,0.0,1.0,3.0,5.0,24.98905372619629,1925.4210205078125,0.0,0.0,3.725613832473755,11,5779,159.0,0.0,0.0,1.0,0.0,1.0,6.0,6.0,19.2041015625,3835.135986328125,0.0,0.0,8.961270332336426,9,5678,139.0,4.0,0.0,0.0,0.0,1.0,6.0,2.0,11.277571678161621,2803.549072265625,245.6114501953125,0.0,0.0,7,3305,25.0,0.0,0.0,0.0,0.0,2.0,11.0,5.0,21.317535400390625,2392.406005859375,0.0,0.0,13.342365264892578,0,2,0,23597,0,0,0,0,2,0,6,24825,0,2,0,0,18,15976,289.0,965.0,19.999998092651367,232.34999656677246,5.5,23.100000381469727,5.0,13.0,4.0,22.0,3.0,32.0,14.0,188.0,17.0,88.0,65.31743621826172,399.9536895751953,22920.892578125,86130.31298828125,5868.90478515625,10497.158813476562,0.0,0.0,34.33487319946289,132.9114055633545,16,11531,32.0,144.0,14.0,0.0,6.0,5.0,18.0,12.0,60.067169189453125,8290.423828125,728.3320922851562,0.0,37.134849548339844,18,15220,279.0,20.75,0.0,4.0,4.0,8.0,16.0,7.0,33.75445556640625,28084.64453125,1035.39111328125,0.0,26.149948120117188,17,17154,316.0,47.599998474121094,3.6000003814697266,4.0,5.0,6.0,59.0,33.0,118.05887603759766,21468.466796875,2640.05078125,0.0,8.56608772277832,14,9821,49.0,0.0,0.0,0.0,3.0,10.0,81.0,19.0,122.75575256347656,5365.88525390625,224.48004150390625,0.0,26.72564697265625,18,15186,252.0,960.0,25.5,230.8999309539795,1.5,1.5,5.0,22.0,1.0,13.0,10.0,59.0,23.0,148.0,7.0,97.0,30.841955184936523,325.5167751312256,20432.859375,115618.99609375,1817.837646484375,19003.996826171875,0.0,0.0,22.31458282470703,131.80684280395508,16,13452,53.0,161.39993286132812,0.0,4.0,1.0,11.0,15.0,33.0,82.97679138183594,14999.640625,4789.9423828125,0.0,19.989038467407227,17,13554,263.0,8.0,0.0,4.0,3.0,12.0,14.0,21.0,53.74142837524414,26365.92578125,3447.340087890625,0.0,39.94844436645508,17,18722,354.0,31.999998092651367,0.0,8.0,4.0,12.0,19.0,21.0,49.68769454956055,46370.78125,8366.0830078125,0.0,5.87348747253418,15,9269,38.0,4.0,0.0,1.0,4.0,14.0,77.0,15.0,108.26890563964844,7449.7890625,582.793701171875,0.0,43.68128967285156,13,22,32,69702,0,1,2,6,22,13,59,70183,1,4,0,7
104366947889790212,108166997301178190,PCS Summer 2022,pcs_summer_2022,2022-06-23,2022-09-10,ESPORTSTMNT01:3096886,108166997302620226,3,Playoffs,playoffs,Playoffs,2022-09-03,2043,12.14.455.6722,100,2,100,104367068120825486,106269804045322803,PSG Talon,Beyond Gaming,100,PSG Hanabi,Gangplank,PSG Burry,Poppy,PSG Gori,Ahri,PSG Unified,Zeri,PSG Kaiwing,Leona,BYG Likai,Aatrox,BYG Husha,MonkeyKing,BYG Minji,Taliyah,BYG Wako,Sivir,BYG Kino,Nautilus,200,3,100,100,2,0,1,100,5,0,0,5,1703,41.0,124.0,0.0,27.199996948242188,0.0,3.200000047683716,0.0,0.0,0.0,0.0,0.0,0.0,1.0,8.0,0.0,0.0,0.3333333432674408,6.222274750471115,1678.5723876953125,2822.4718627929688,0.0,0.0,0.0,0.0,0.9825170040130615,4.242243051528931,4,1493,0.0,27.199996948242188,3.200000047683716,0.0,0.0,0.0,2.0,0.0,2.075460433959961,405.7325439453125,0.0,0.0,1.7595887184143066,5,1573,36.0,0.0,0.0,0.0,0.0,0.0,2.0,0.0,1.5322023630142212,692.3641357421875,0.0,0.0,1.5001373291015625,4,1675,40.0,0.0,0.0,0.0,0.0,0.0,1.0,0.0,0.0,45.80279541015625,0.0,0.0,0.0,3,1100,7.0,0.0,0.0,0.0,0.0,0.0,2.0,0.0,2.281278610229492,0.0,0.0,0.0,0.0,5,1440,25.0,101.0,0.0,28.799999237060547,0.0,0.0,0.0,0.0,0.0,0.0,0.0,0.0,1.0,8.0,0.0,1.0,1.5288487672805786,7.99707555770874,373.8056945800781,2005.1069164276123,0.0,0.0,0.0,0.0,0.800018310546875,3.12992262840271,4,1519,1.0,24.799999237060547,0.0,0.0,0.0,0.0,2.0,1.0,3.2521567344665527,355.7576599121094,0.0,0.0,1.6266307830810547,5,1451,29.0,0.0,0.0,0.0,0.0,0.0,2.0,0.0,0.0,544.1102294921875,0.0,0.0,0.7032735347747803,4,1755,39.0,4.0,0.0,0.0,0.0,0.0,2.0,0.0,1.442436695098877,710.0047607421875,0.0,0.0,0.0,4,1153,7.0,0.0,0.0,0.0,0.0,0.0,1.0,0.0,1.773633360862732,21.428571701049805,0.0,0.0,0.0,0,0,0,7544,0,0,0,0,0,0,0,7318,0,0,0,0,8,3364,78.0,278.0,0.0,54.800010681152344,0.0,6.800000190734863,0.0,4.0,0.0,0.0,2.0,4.0,3.0,23.0,0.0,7.0,1.938954472541809,38.93423569202423,4095.636474609375,13020.214904785156,0.0,86.41743469238281,0.0,0.0,2.453603744506836,21.70034408569336,7,3294,3.0,54.800010681152344,6.800000190734863,0.0,0.0,2.0,5.0,3.0,14.101781845092773,2071.183349609375,0.0,0.0,10.205348014831543,9,4486,90.0,0.0,0.0,4.0,0.0,0.0,5.0,1.0,6.2300028800964355,5132.380859375,86.41743469238281,0.0,6.431700229644775,7,3352,94.0,0.0,0.0,0.0,0.0,0.0,7.0,3.0,11.277533531188965,1456.3094482421875,0.0,0.0,0.6804388761520386,5,1997,13.0,0.0,0.0,0.0,0.0,0.0,3.0,0.0,5.385962963104248,264.70477294921875,0.0,0.0,1.9292532205581665,8,2907,68.0,250.0,0.0,57.20000076293945,0.0,0.0,0.0,0.0,1.0,4.0,0.0,0.0,4.0,21.0,0.0,3.0,3.5123138427734375,29.416738510131836,3006.650146484375,7556.5809326171875,0.0,0.0,0.0,0.0,6.517602443695068,16.82988977432251,7,2813,5.0,53.20000076293945,0.0,0.0,2.0,0.0,3.0,2.0,10.016250610351562,885.4799194335938,0.0,0.0,3.6451923847198486,8,2997,78.0,0.0,0.0,0.0,1.0,0.0,6.0,1.0,4.5938262939453125,2231.8291015625,0.0,0.0,3.7772836685180664,6,3319,86.0,4.0,0.0,0.0,0.0,0.0,4.0,0.0,6.452783584594727,1155.2607421875,0.0,0.0,0.0,6,2048,13.0,0.0,0.0,0.0,0.0,0.0,4.0,0.0,4.841564178466797,277.36102294921875,0.0,0.0,2.8898112773895264,4,0,4,16493,0,0,0,0,0,4,0,14084,0,1,0,0,11,5520,133.0,471.0,4.0,92.3000259399414,0.0,6.800000190734863,0.0,4.0,1.0,1.0,2.0,4.0,7.0,50.0,2.0,22.0,8.758801460266113,92.84136867523193,6950.8876953125,18360.89617919922,0.0,1215.7447814941406,0.0,0.0,3.1010990142822266,25.858471393585205,9,4915,8.0,86.8000259399414,6.800000190734863,0.0,0.0,2.0,7.0,8.0,29.592910766601562,2189.7958984375,0.0,0.0,11.708460807800293,11,6823,156.0,0.0,0.0,4.0,0.0,0.0,11.0,5.0,17.028207778930664,6676.62841796875,1006.1011962890625,0.0,8.072507858276367,10,5303,154.0,1.5,0.0,0.0,0.0,0.0,11.0,4.0,19.081918716430664,2278.87939453125,209.64358520507812,0.0,1.0471504926681519,7,3149,20.0,0.0,0.0,0.0,0.0,0.0,14.0,3.0,18.37952995300293,264.70477294921875,0.0,0.0,1.9292532205581665,11,5353,125.0,426.0,0.0,85.20001983642578,0.0,0.0,1.0,1.0,1.0,4.0,0.0,0.0,7.0,42.0,2.0,12.0,11.806058883666992,67.22802925109863,5250.298828125,12399.846069335938,1531.619873046875,1531.619873046875,0.0,0.0,7.859041690826416,24.166194915771484,9,4121,10.0,77.20001983642578,0.0,0.0,2.0,0.0,4.0,4.0,16.489425659179688,1516.6143798828125,0.0,0.0,5.022182464599609,10,4742,130.0,4.0,0.0,0.0,1.0,0.0,9.0,1.0,7.25328254699707,2926.551513671875,0.0,0.0,6.234917640686035,9,5510,143.0,4.0,0.0,0.0,0.0,0.0,8.0,1.0,9.952665328979492,1869.003662109375,0.0,0.0,0.0,6,2864,18.0,0.0,0.0,0.0,0.0,0.0,14.0,4.0,21.72659683227539,837.377685546875,0.0,0.0,5.050053119659424,4,1,4,25710,0,1,0,0,1,4,0,22590,0,1,0,0,17,16255,260.0,902.0,20.0,251.85004806518555,4.0,39.79999923706055,8.0,21.0,2.0,3.0,7.0,43.0,18.0,157.0,6.0,71.0,55.83730697631836,375.37009048461914,24301.91015625,72736.43334960938,5738.1689453125,20237.688179016113,0.0,0.0,12.08080768585205,79.09302163124084,15,11310,33.0,146.60003662109375,17.299999237060547,2.0,0.0,11.0,14.0,21.0,70.92354583740234,8622.451171875,338.103515625,0.0,25.879207611083984,18,16840,286.0,32.75,13.5,6.0,1.0,9.0,27.0,14.0,68.79625701904297,24491.39453125,8692.6513671875,0.0,22.635082244873047,17,14637,291.0,52.5000114440918,5.0,4.0,0.0,7.0,37.0,18.0,80.84521484375,12762.0859375,5382.86083984375,0.0,3.9063446521759033,13,8332,32.0,0.0,0.0,1.0,0.0,9.0,61.0,12.0,98.96776580810547,2558.591552734375,85.90351104736328,0.0,14.59157943725586,16,10737,237.0,883.0,9.25,150.4000301361084,0.0,3.200000286102295,1.0,3.0,4.0,21.0,1.0,5.0,18.0,115.0,10.0,63.0,36.097599029541016,227.21351432800293,8708.345703125,44220.232177734375,1531.619873046875,1761.5370178222656,0.0,0.0,13.656333923339844,91.80712294578552,12,7956,29.0,107.40003204345703,3.200000286102295,0.0,6.0,2.0,13.0,16.0,50.09000015258789,7463.44287109375,0.0,0.0,17.417566299438477,16,11385,263.0,12.0,0.0,1.0,5.0,1.0,11.0,6.0,21.000085830688477,13082.1982421875,0.0,0.0,33.52425765991211,15,12805,318.0,21.749998092651367,0.0,0.0,3.0,1.0,14.0,16.0,36.3321418762207,12351.7978515625,229.91714477539062,0.0,2.6867196559906006,11,7213,36.0,0.0,0.0,1.0,3.0,0.0,59.0,15.0,83.69368743896484,2614.447509765625,0.0,0.0,24.522245407104492,21,3,43,67374,1,4,1,8,3,21,5,50096,0,1,0,0
104366947889790212,108166997301178190,PCS Summer 2022,pcs_summer_2022,2022-06-23,2022-09-10,ESPORTSTMNT01:3096887,108166997302620227,4,Playoffs,playoffs,Playoffs,2022-09-03,2060,12.14.455.6722,200,2,200,106269804045322803,104367068120825486,Beyond Gaming,PSG Talon,200,BYG Likai,Aatrox,BYG Husha,MonkeyKing,BYG Minji,Ahri,BYG Wako,Zeri,BYG Kino,Nautilus,PSG Hanabi,Renekton,PSG Burry,Sejuani,PSG Gori,Swain,PSG Unified,Sivir,PSG Kaiwing,Braum,200,4,200,200,1,1,1,200,6,0,0,5,1591,34.0,110.0,0.0,31.999998092651367,0.0,0.0,0.0,0.0,0.0,0.0,0.0,0.0,1.0,6.0,0.0,2.0,0.0,10.40666401386261,739.4125366210938,2072.253692626953,0.0,0.0,0.0,0.0,1.1739009618759155,2.7434505224227905,4,1650,0.0,31.999998092651367,0.0,0.0,0.0,0.0,1.0,0.0,3.0159106254577637,0.0,0.0,0.0,0.0,5,1514,32.0,0.0,0.0,0.0,0.0,0.0,1.0,0.0,1.474495768547058,1044.839111328125,0.0,0.0,1.569549560546875,4,1675,38.0,0.0,0.0,0.0,0.0,0.0,2.0,2.0,3.4761502742767334,288.0020446777344,0.0,0.0,0.0,4,1142,6.0,0.0,0.0,0.0,0.0,0.0,1.0,0.0,2.4401073455810547,0.0,0.0,0.0,0.0,5,1675,40.0,126.0,0.0,31.999998092651367,0.0,0.0,0.0,0.0,0.0,0.0,0.0,0.0,1.0,7.0,0.0,0.0,1.8082324266433716,5.597934901714325,998.2615966796875,3368.9917907714844,0.0,0.0,0.0,0.0,2.6288604736328125,10.840041399002075,4,1650,0.0,31.999998092651367,0.0,0.0,0.0,0.0,2.0,0.0,0.5333333611488342,0.0,0.0,0.0,0.0,5,1580,37.0,0.0,0.0,0.0,0.0,0.0,1.0,0.0,1.4431979656219482,1685.4915771484375,0.0,0.0,6.11546516418457,4,1745,44.0,0.0,0.0,0.0,0.0,0.0,1.0,0.0,1.0798377990722656,351.6119384765625,0.0,0.0,0.0,4,1111,5.0,0.0,0.0,0.0,0.0,0.0,2.0,0.0,0.7333333492279053,333.6266784667969,0.0,0.0,2.0957157611846924,0,0,0,7572,0,0,0,0,0,0,0,7761,0,0,0,0,8,3181,84.0,277.0,0.0,71.60001373291016,0.0,0.0,0.0,0.0,0.0,0.0,0.0,0.0,3.0,19.0,0.0,4.0,3.3770389556884766,27.43751287460327,1822.5615234375,6165.346710205078,0.0,1480.2767333984375,0.0,0.0,2.554910182952881,11.397032737731934,7,3240,1.0,71.60001373291016,0.0,0.0,0.0,0.0,5.0,1.0,8.58736801147461,0.0,0.0,0.0,0.0,8,3186,87.0,0.0,0.0,0.0,0.0,0.0,3.0,1.0,5.431278228759766,2114.34619140625,0.0,0.0,4.564605712890625,7,3743,92.0,0.0,0.0,0.0,0.0,0.0,4.0,2.0,5.3929123878479,1795.09521484375,1480.2767333984375,0.0,1.9591727256774902,6,1961,13.0,0.0,0.0,0.0,0.0,0.0,4.0,0.0,4.6489152908325195,433.3437805175781,0.0,0.0,2.3183441162109375,9,3544,97.0,298.0,0.0,64.00001525878906,0.0,0.0,0.0,0.0,0.0,0.0,0.0,0.0,4.0,18.0,2.0,6.0,6.401651859283447,30.07925271987915,2080.550537109375,8150.1280517578125,0.0,0.0,0.0,0.0,5.2664642333984375,23.19882583618164,7,3118,4.0,64.00001525878906,0.0,0.0,0.0,0.0,3.0,4.0,12.913105964660645,0.0,0.0,0.0,0.0,8,3309,93.0,0.0,0.0,0.0,0.0,0.0,4.0,0.0,3.0679407119750977,3783.052001953125,0.0,0.0,14.138616561889648,6,3231,92.0,0.0,0.0,0.0,0.0,0.0,4.0,0.0,4.378968238830566,1763.448974609375,0.0,0.0,0.0,6,2027,12.0,0.0,0.0,0.0,0.0,0.0,3.0,0.0,3.3175859451293945,523.0765380859375,0.0,0.0,3.7937450408935547,0,0,0,15311,0,0,0,0,0,0,0,15229,0,1,0,0,11,5062,139.0,449.0,8.0,104.0000228881836,0.0,0.0,0.0,0.0,0.0,0.0,0.0,0.0,5.0,35.0,0.0,12.0,5.0981764793396,63.90726041793823,3592.9287109375,10547.524963378906,0.0,1480.2767333984375,0.0,0.0,4.247507572174072,19.046473026275635,8,4445,4.0,94.2500228881836,0.0,0.0,0.0,0.0,6.0,4.0,17.987668991088867,0.0,0.0,0.0,0.0,11,4986,141.0,0.0,0.0,0.0,0.0,0.0,3.0,2.0,10.05754280090332,3333.248046875,0.0,0.0,7.262481689453125,9,5931,144.0,1.75,0.0,0.0,0.0,0.0,7.0,2.0,10.016014099121094,3046.644775390625,1480.2767333984375,0.0,2.773691177368164,7,2949,21.0,0.0,0.0,0.0,0.0,0.0,14.0,4.0,20.74785804748535,574.7034301757812,0.0,0.0,4.762792587280273,11,5574,157.0,480.0,3.5,99.5000228881836,0.0,0.0,0.0,0.0,0.0,0.0,0.0,0.0,6.0,37.0,2.0,18.0,8.098764419555664,78.4567756652832,4493.25244140625,12415.870300292969,0.0,881.30810546875,0.0,0.0,9.555587768554688,32.40741145610809,8,4706,9.0,88.0000228881836,0.0,0.0,0.0,0.0,5.0,9.0,29.643272399902344,655.2025146484375,0.0,0.0,1.9510825872421265,11,5930,149.0,0.0,0.0,0.0,0.0,0.0,6.0,2.0,11.943143844604492,4685.07958984375,881.30810546875,0.0,16.103721618652344,9,5214,146.0,8.0,0.0,0.0,0.0,0.0,6.0,2.0,8.719184875488281,1903.834716796875,0.0,0.0,0.0,7,3092,19.0,0.0,0.0,0.0,0.0,0.0,14.0,3.0,20.052410125732422,678.5010375976562,0.0,0.0,4.7970194816589355,0,0,0,23373,0,1,0,0,0,0,0,24516,0,1,0,1,17,13138,285.0,967.0,16.0,219.50002670288086,0.0,0.0,2.0,4.0,3.0,14.0,1.0,9.0,17.0,103.0,3.0,65.0,32.52799987792969,264.2435188293457,11501.1201171875,58906.37451171875,3400.5302734375,6220.8015060424805,0.0,0.0,12.563302993774414,85.21268081665039,15,9841,31.0,153.25003051757812,0.0,0.0,4.0,2.0,12.0,22.0,60.721351623535156,4589.8134765625,1228.7445068359375,0.0,6.9642839431762695,16,11973,269.0,9.0,0.0,1.0,2.0,3.0,8.0,11.0,37.205711364746094,14144.21484375,111.24999237060547,0.0,25.984474182128906,16,15098,344.0,41.249996185302734,0.0,1.0,1.0,2.0,14.0,17.0,44.20186233520508,25600.125,1480.2767333984375,0.0,8.412604331970215,11,6756,38.0,0.0,0.0,0.0,4.0,1.0,52.0,12.0,89.58659362792969,3071.10107421875,0.0,0.0,31.288015365600586,18,14942,321.0,1004.0,23.5,257.499963760376,0.0,9.5,1.0,14.0,1.0,4.0,7.0,44.0,13.0,126.0,7.0,53.0,37.321258544921875,280.28044509887695,18832.994140625,77865.55517578125,6122.35693359375,17692.891525268555,0.0,0.0,17.219575881958008,86.08417677879333,16,10983,33.0,160.49996948242188,5.5,0.0,1.0,10.0,17.0,21.0,75.56465911865234,6191.1259765625,413.45013427734375,0.0,11.38489055633545,18,14745,280.0,25.499998092651367,4.0,3.0,1.0,9.0,12.0,6.0,35.044620513916016,22219.306640625,4696.4775390625,0.0,37.38580322265625,17,17070,337.0,47.999996185302734,0.0,8.0,0.0,6.0,16.0,11.0,46.51538848876953,27238.1015625,6228.4267578125,0.0,2.043429136276245,14,8621,33.0,0.0,0.0,2.0,1.0,12.0,68.0,8.0,85.83451843261719,3384.02685546875,232.18016052246094,0.0,18.050477981567383,4,14,9,56806,0,2,0,3,14,4,44,66361,3,4,1,11
104366947889790212,108166997301178190,PCS Summer 2022,pcs_summer_2022,2022-06-23,2022-09-10,ESPORTSTMNT01:3096888,108166997302620228,5,Playoffs,playoffs,Playoffs,2022-09-03,1998,12.14.455.6722,100,2,100,106269804045322803,104367068120825486,Beyond Gaming,PSG Talon,100,BYG Likai,Gwen,BYG Husha,Vi,BYG Minji,Ahri,BYG Wako,Sivir,BYG Kino,Rakan,PSG Hanabi,Aatrox,PSG Burry,Sejuani,PSG Gori,Swain,PSG Unified,Zeri,PSG Kaiwing,Braum,100,2,100,100,2,0,0,0,0,0,0,5,1598,35.0,118.0,0.0,27.999998092651367,0.0,0.0,0.0,2.0,1.0,1.0,0.0,2.0,2.0,8.0,0.0,1.0,1.4725522994995117,9.46868348121643,1625.0361328125,4443.734527587891,0.0,0.0,0.0,0.0,0.0,5.152130126953125,4,1748,0.0,27.999998092651367,0.0,0.0,0.0,1.0,1.0,0.0,1.8839508295059204,309.3199768066406,0.0,0.0,0.7745361328125,5,2184,39.0,0.0,0.0,1.0,0.0,1.0,2.0,0.0,1.4386357069015503,1429.772216796875,0.0,0.0,3.1639404296875,4,1644,37.0,0.0,0.0,0.0,0.0,0.0,2.0,1.0,2.8961949348449707,603.7484741210938,0.0,0.0,0.0,4,1430,7.0,0.0,0.0,1.0,0.0,0.0,1.0,0.0,1.7773497104644775,475.85772705078125,0.0,0.0,1.213653564453125,5,1806,28.0,110.0,0.0,27.999998092651367,0.0,0.0,1.0,1.0,0.0,2.0,0.0,1.0,2.0,8.0,0.0,1.0,1.4394609928131104,7.323835343122482,1420.93359375,3305.300552368164,0.0,0.0,0.0,0.0,3.311556577682495,8.247408032417297,4,1749,1.0,27.999998092651367,0.0,0.0,0.0,1.0,1.0,0.0,2.6002864837646484,176.18231201171875,0.0,0.0,1.3991254568099976,5,1503,33.0,0.0,0.0,0.0,2.0,0.0,2.0,0.0,1.506899356842041,1267.600341796875,0.0,0.0,2.1428792476654053,4,1738,42.0,0.0,0.0,0.0,0.0,0.0,1.0,1.0,1.4438551664352417,343.2330322265625,0.0,0.0,0.0,4,1132,6.0,0.0,0.0,0.0,0.0,0.0,2.0,0.0,0.3333333432674408,97.35127258300781,0.0,0.0,1.3938467502593994,2,1,2,8604,0,0,0,0,1,2,1,7928,0,0,0,0,8,3237,81.0,285.0,0.0,68.00001525878906,0.0,0.0,0.0,2.0,1.0,1.0,0.0,2.0,4.0,23.0,1.0,8.0,6.549499034881592,35.844199419021606,2267.088623046875,6382.438201904297,0.0,0.0,0.0,0.0,0.0,5.152130126953125,7,3386,1.0,68.00001525878906,0.0,0.0,0.0,1.0,5.0,1.0,9.938972473144531,309.3199768066406,0.0,0.0,0.7745361328125,8,3958,97.0,0.0,0.0,1.0,0.0,1.0,2.0,0.0,3.811239004135132,2064.0595703125,0.0,0.0,3.1639404296875,6,3283,88.0,0.0,0.0,0.0,0.0,0.0,4.0,2.0,6.529480934143066,1120.4923095703125,0.0,0.0,0.0,6,2375,18.0,0.0,0.0,1.0,0.0,0.0,8.0,4.0,9.015007972717285,621.4777221679688,0.0,0.0,1.213653564453125,8,3593,81.0,295.0,4.0,72.0,0.0,4.0,1.0,1.0,0.0,2.0,0.0,1.0,4.0,20.0,1.0,9.0,8.396613121032715,27.131622552871704,2118.01953125,4905.355804443359,0.0,565.0460205078125,0.0,0.0,4.642236232757568,16.764663249254227,7,3394,4.0,68.0,4.0,0.0,0.0,1.0,1.0,2.0,6.166953086853027,413.12994384765625,0.0,0.0,2.39591121673584,8,3281,91.0,0.0,0.0,0.0,2.0,0.0,3.0,0.0,2.579023599624634,1643.162109375,0.0,0.0,7.647554397583008,7,4155,106.0,0.0,0.0,0.0,0.0,0.0,6.0,6.0,6.986720085144043,575.7377319335938,565.0460205078125,0.0,0.34523215889930725,6,2053,13.0,0.0,0.0,0.0,0.0,0.0,6.0,0.0,3.002312660217285,155.30648803710938,0.0,0.0,1.7337292432785034,2,1,2,16239,0,1,0,0,1,2,1,16476,0,0,0,0,11,5308,129.0,446.0,0.0,100.0000228881836,0.0,0.0,1.0,5.0,1.0,2.0,1.0,12.0,6.0,48.0,2.0,24.0,9.622541427612305,87.2571382522583,3656.974365234375,15203.325927734375,866.412109375,1343.5615844726562,0.0,0.0,0.39492881298065186,18.827634692192078,9,4925,3.0,92.0000228881836,0.0,0.0,1.0,3.0,8.0,3.0,21.60328483581543,846.4058837890625,0.0,0.0,4.691647529602051,11,6299,146.0,4.0,0.0,2.0,0.0,3.0,4.0,5.0,12.1383056640625,5170.83984375,477.14947509765625,0.0,6.33880615234375,10,5966,146.0,4.0,0.0,1.0,0.0,2.0,7.0,6.0,13.10602855682373,3795.237060546875,0.0,0.0,0.0,7,3291,22.0,0.0,0.0,1.0,0.0,3.0,23.0,8.0,30.786977767944336,1733.8687744140625,0.0,0.0,7.402252197265625,11,5346,129.0,449.0,8.0,104.00001525878906,0.0,4.0,1.0,2.0,1.0,5.0,0.0,3.0,7.0,43.0,1.0,20.0,11.032670974731445,70.81839370727539,3621.148681640625,12119.821960449219,0.0,565.0460205078125,0.0,0.0,5.53839111328125,27.05306851863861,9,4984,11.0,96.00001525878906,4.0,1.0,0.0,1.0,3.0,3.0,13.90727424621582,1503.7711181640625,0.0,0.0,5.140081405639648,10,4822,134.0,0.0,0.0,0.0,3.0,0.0,6.0,2.0,7.904994964599609,3527.475830078125,0.0,0.0,10.078338623046875,9,5945,157.0,0.0,0.0,0.0,1.0,1.0,13.0,11.0,18.892305374145508,2975.00927734375,565.0460205078125,0.0,0.8274163007736206,7,3053,18.0,0.0,0.0,0.0,0.0,1.0,14.0,3.0,19.081148147583008,492.41705322265625,0.0,0.0,5.468841075897217,5,2,12,25789,0,1,0,0,2,5,3,24150,0,1,0,0,17,13248,246.0,898.0,29.999996185302734,225.9999942779541,0.0,8.0,4.0,17.0,1.0,6.0,5.0,43.0,17.0,146.0,13.0,76.0,39.651611328125,301.6259059906006,19600.361328125,85701.07470703125,7749.32958984375,20645.149658203125,0.0,0.0,3.2880847454071045,71.25713074207306,14,10594,9.0,148.0,8.0,2.0,2.0,7.0,15.0,5.0,43.98748016357422,9641.744140625,2690.963623046875,0.0,21.334728240966797,17,13640,262.0,24.399999618530273,0.0,4.0,2.0,10.0,9.0,10.0,28.1595516204834,22021.083984375,4099.75341796875,0.0,12.32988452911377,17,16366,336.0,19.599998474121094,0.0,6.0,1.0,8.0,17.0,23.0,60.05982208251953,28452.224609375,5216.44580078125,0.0,1.1125768423080444,12,8160,45.0,4.0,0.0,1.0,0.0,13.0,88.0,25.0,129.76744079589844,5985.66064453125,888.6572265625,0.0,33.191856384277344,17,12426,262.0,911.0,24.0,227.74998703598976,0.0,4.0,3.0,6.0,3.0,17.0,0.0,13.0,13.0,146.0,5.0,75.0,25.058515548706055,257.0950040817261,16529.4375,60542.59521484375,0.0,565.0460205078125,0.0,0.0,11.823689460754395,73.88011121749878,14,9728,37.0,154.34999084472656,4.0,1.0,3.0,4.0,10.0,22.0,56.0896110534668,5982.833984375,0.0,0.0,16.061588287353516,16,11396,246.0,15.999996185302734,0.0,1.0,6.0,2.0,9.0,3.0,12.969361305236816,17057.681640625,0.0,0.0,26.393766403198242,16,14575,338.0,33.0,0.0,1.0,3.0,3.0,39.0,37.0,80.76615905761719,18856.646484375,565.0460205078125,0.0,4.698627948760986,12,6725,28.0,0.4000000059604645,0.0,0.0,2.0,4.0,75.0,8.0,82.21135711669922,2115.99560546875,0.0,0.0,14.90243911743164,17,6,43,62008,1,3,1,8,6,17,13,54850,0,2,1,0
104366947889790212,108166997301178190,PCS Summer 2022,pcs_summer_2022,2022-06-23,2022-09-10,ESPORTSTMNT01:3096974,108166997302620230,1,Playoffs,playoffs,Playoffs,2022-09-04,2441,12.14.455.6722,200,2,200,107700199633958891,106269804045322803,CTBC Flying Oyster,Beyond Gaming,100,CFO Rest,Renekton,CFO Gemini,MonkeyKing,CFO Mission,Viktor,CFO Shunn,Kalista,CFO Koala,Nautilus,BYG Likai,Gragas,BYG Husha,XinZhao,BYG Minji,Taliyah,BYG Wako,Lucian,BYG Kino,Nami,100,6,100,100,1,1,1,100,5,0,0,5,1731,39.0,120.0,4.0,35.99999809265137,0.0,0.0,0.0,0.0,0.0,1.0,0.0,0.0,2.0,7.0,0.0,2.0,1.4426071643829346,6.873029470443726,1099.291259765625,2643.045654296875,0.0,0.0,0.0,0.0,3.1357574462890625,3.8150792717933655,4,1655,0.0,31.999998092651367,0.0,0.0,0.0,0.0,2.0,0.0,1.5580239295959473,0.0,0.0,0.0,0.0,5,1644,35.0,0.0,0.0,0.0,1.0,0.0,1.0,0.0,0.0,1269.361328125,0.0,0.0,0.0,4,1646,39.0,0.0,0.0,0.0,0.0,0.0,2.0,2.0,2.3723983764648438,274.39306640625,0.0,0.0,0.679321825504303,4,1173,7.0,0.0,0.0,0.0,0.0,0.0,0.0,0.0,1.5,0.0,0.0,0.0,0.0,5,1654,39.0,109.0,0.0,27.999998092651367,0.0,0.0,0.0,1.0,0.0,0.0,0.0,1.0,2.0,8.0,0.0,0.0,1.4375295639038086,7.968254446983337,1320.8321533203125,2979.740280151367,0.0,0.0,0.0,0.0,6.047115802764893,9.109009802341461,4,1807,1.0,27.999998092651367,0.0,0.0,0.0,1.0,1.0,0.0,1.9567570686340332,366.9193115234375,0.0,0.0,0.25440531969070435,5,1984,34.0,0.0,0.0,1.0,0.0,0.0,2.0,0.0,1.5148519277572632,933.3525390625,0.0,0.0,2.8074886798858643,3,1511,30.0,0.0,0.0,0.0,0.0,0.0,2.0,0.0,1.0326905250549316,199.32168579101562,0.0,0.0,0.0,3,1111,5.0,0.0,0.0,0.0,0.0,0.0,1.0,0.0,2.026425361633301,159.31459045410156,0.0,0.0,0.0,0,1,0,7849,0,0,0,0,1,0,1,8067,0,0,0,0,9,3597,96.0,295.0,4.0,68.00000762939453,0.0,0.0,0.0,0.0,0.0,1.0,0.0,0.0,4.0,19.0,1.0,7.0,7.215856075286865,36.22154474258423,3311.838134765625,6679.3392333984375,0.0,0.0,0.0,0.0,7.2044830322265625,8.859975397586823,6,3331,1.0,60.00000762939453,0.0,0.0,0.0,0.0,4.0,1.0,8.620023727416992,0.0,0.0,0.0,0.0,8,3587,93.0,4.0,0.0,0.0,1.0,0.0,3.0,0.0,4.630816459655762,2830.343505859375,0.0,0.0,0.6169716715812683,6,3252,88.0,0.0,0.0,0.0,0.0,0.0,4.0,3.0,9.253963470458984,537.1575927734375,0.0,0.0,1.0385206937789917,6,2219,17.0,0.0,0.0,0.0,0.0,0.0,4.0,2.0,6.500885009765625,0.0,0.0,0.0,0.0,8,3243,86.0,273.0,0.0,60.00001525878906,0.0,4.0,0.0,1.0,0.0,0.0,0.0,1.0,4.0,23.0,0.0,5.0,4.727125644683838,31.932952880859375,3084.302490234375,6282.091354370117,0.0,414.2677917480469,0.0,0.0,10.687920570373535,18.64718472957611,7,3321,5.0,60.00001525878906,4.0,0.0,0.0,1.0,5.0,3.0,11.574077606201172,504.6668395996094,0.0,0.0,0.7816356420516968,8,3625,85.0,0.0,0.0,1.0,0.0,0.0,3.0,0.0,4.623398780822754,2030.8348388671875,0.0,0.0,7.177628517150879,6,3118,81.0,0.0,0.0,0.0,0.0,0.0,3.0,1.0,4.658289909362793,502.97259521484375,414.2677917480469,0.0,0.0,6,2057,16.0,0.0,0.0,0.0,0.0,0.0,8.0,1.0,6.350060939788818,159.31459045410156,0.0,0.0,0.0,0,1,0,15986,0,1,0,0,1,0,1,15364,0,0,0,0,11,5891,157.0,488.0,12.0,112.0000228881836,1.5,1.5,0.0,1.0,0.0,3.0,0.0,3.0,5.0,38.0,2.0,20.0,9.305987358093262,77.02594184875488,5441.8662109375,12310.53695678711,145.97735595703125,145.97735595703125,0.0,0.0,10.434696197509766,17.004914045333862,9,4775,5.0,88.0000228881836,0.0,0.0,1.0,1.0,6.0,5.0,19.113616943359375,772.729248046875,0.0,0.0,1.23565673828125,11,5914,152.0,12.0,0.0,1.0,1.0,0.0,7.0,2.0,11.870081901550293,4710.5576171875,0.0,0.0,1.4578990936279297,9,5182,148.0,0.0,0.0,0.0,0.0,1.0,8.0,7.0,20.810260772705078,1148.894775390625,0.0,0.0,1.4359116554260254,8,3273,26.0,0.0,0.0,0.0,1.0,1.0,12.0,4.0,15.925994873046875,236.48910522460938,0.0,0.0,2.4407503604888916,11,5111,145.0,461.0,0.0,84.0000228881836,0.0,4.0,0.0,3.0,0.0,1.0,0.0,5.0,6.0,48.0,0.0,17.0,6.367154598236084,79.64448690414429,5339.8828125,12674.733825683594,0.0,414.2677917480469,0.0,0.0,15.15103530883789,29.931743621826172,9,5018,11.0,80.0000228881836,4.0,1.0,1.0,2.0,7.0,7.0,23.572635650634766,2072.23779296875,0.0,0.0,3.5311410427093506,11,5709,144.0,4.0,0.0,1.0,0.0,1.0,5.0,3.0,10.096626281738281,2400.025634765625,0.0,0.0,8.800758361816406,9,5153,133.0,0.0,0.0,1.0,0.0,0.0,6.0,3.0,11.064817428588867,2329.90380859375,414.2677917480469,0.0,0.0,7,3398,28.0,0.0,0.0,0.0,0.0,2.0,24.0,4.0,28.54325294494629,532.6837768554688,0.0,0.0,2.4488089084625244,1,3,3,25035,0,2,0,0,3,1,5,24389,0,0,0,0,18,17876,334.0,1075.0,59.5000114440918,305.50006103515625,17.5,43.0,5.0,20.0,2.0,12.0,6.0,41.0,7.0,131.0,12.0,103.0,51.776859283447266,342.39468002319336,31271.29296875,119642.796875,1997.7630615234375,14469.763107299805,0.0,0.0,41.830265045166016,166.06272411346436,15,11635,24.0,144.00003051757812,12.0,2.0,6.0,7.0,17.0,21.0,56.41795349121094,12239.974609375,1847.7979736328125,0.0,13.78118896484375,18,18913,325.0,46.00000762939453,9.5,7.0,2.0,4.0,8.0,17.0,37.788108825683594,44960.02734375,5716.82958984375,0.0,33.244178771972656,18,19130,360.0,56.0000114440918,4.0,5.0,0.0,11.0,22.0,43.0,106.85443115234375,22616.291015625,4655.86572265625,0.0,12.85434627532959,16,9292,32.0,0.0,0.0,1.0,2.0,13.0,77.0,10.0,89.55732727050781,8555.2109375,251.5067596435547,0.0,64.35274505615234,17,11531,252.0,980.0,0.0,223.99995231628418,0.0,16.0,0.0,12.0,3.0,20.0,7.0,36.0,22.0,177.0,6.0,74.0,36.93679428100586,339.6923770904541,16571.64453125,93435.0654296875,0.0,1339.3508224487305,0.0,0.0,43.28455352783203,145.42987895011902,16,13392,65.0,162.79995727539062,12.0,4.0,3.0,6.0,18.0,24.0,79.86832427978516,13392.8955078125,259.5035705566406,0.0,22.35610008239746,17,15068,291.0,27.999998092651367,0.0,5.0,5.0,6.0,17.0,6.0,26.123701095581055,31854.7734375,257.5129089355469,0.0,48.32026672363281,16,16597,332.0,33.19999694824219,4.0,3.0,4.0,6.0,18.0,24.0,60.816200256347656,25487.283203125,739.689697265625,0.0,2.643315076828003,14,8141,40.0,0.0,0.0,0.0,5.0,11.0,102.0,14.0,135.94735717773438,6128.46875,82.64464569091797,0.0,28.82564353942871,20,12,41,76846,1,4,1,8,12,20,36,64729,0,2,0,1
104366947889790212,108166997301178190,PCS Summer 2022,pcs_summer_2022,2022-06-23,2022-09-10,ESPORTSTMNT01:3096980,108166997302620231,2,Playoffs,playoffs,Playoffs,2022-09-04,1709,12.14.455.6722,200,1,100,106269804045322803,107700199633958891,Beyond Gaming,CTBC Flying Oyster,200,BYG Likai,Gwen,BYG Husha,Vi,BYG Minji,Taliyah,BYG Wako,Zeri,BYG Kino,Braum,CFO Rest,Gnar,CFO Gemini,MonkeyKing,CFO Mission,Syndra,CFO Shunn,Draven,CFO Koala,Nautilus,200,2,200,200,0,2,0,0,0,0,0,5,1661,39.0,97.0,0.0,20.749998092651367,0.0,0.0,0.0,0.0,0.0,0.0,0.0,0.0,1.0,7.0,0.0,0.0,1.4622056484222412,6.852027535438538,1329.91748046875,2485.47562789917,0.0,0.0,0.0,0.0,0.0,4.638567298650742,3,1377,0.0,20.749998092651367,0.0,0.0,0.0,0.0,2.0,0.0,2.4378414154052734,47.33222579956055,0.0,0.0,0.771697998046875,4,1451,27.0,0.0,0.0,0.0,0.0,0.0,1.0,0.0,0.0,344.191650390625,0.0,0.0,1.203829288482666,3,1444,26.0,0.0,0.0,0.0,0.0,0.0,2.0,0.0,1.5136429071426392,496.1376037597656,0.0,0.0,0.3281498849391937,3,1111,5.0,0.0,0.0,0.0,0.0,0.0,1.0,0.0,1.4383375644683838,267.89666748046875,0.0,0.0,2.334890127182007,5,1500,32.0,102.0,0.0,27.25,0.0,1.0,0.0,0.0,0.0,0.0,0.0,0.0,1.0,8.0,0.0,0.0,0.0,5.575167417526245,932.9378051757812,3403.56795501709,0.0,112.59015655517578,0.0,0.0,1.6116065979003906,10.959115982055664,4,1543,0.0,26.75,1.0,0.0,0.0,0.0,2.0,0.0,2.5994362831115723,795.7445068359375,0.0,0.0,2.65047287940979,5,1542,29.0,0.0,0.0,0.0,0.0,0.0,2.0,0.0,0.0,1081.76513671875,0.0,0.0,4.599826812744141,4,1605,35.0,0.0,0.0,0.0,0.0,0.0,2.0,0.0,1.4736977815628052,584.0811157226562,112.59015655517578,0.0,0.0,3,1139,6.0,0.5,0.0,0.0,0.0,0.0,1.0,0.0,1.5020333528518677,9.039390563964844,0.0,0.0,2.0972096920013428,0,0,0,7044,0,0,0,0,0,0,0,7329,0,0,0,0,8,3379,84.0,225.0,4.0,51.54999542236328,0.0,0.0,0.0,1.0,2.0,6.0,1.0,2.0,3.0,17.0,1.0,1.0,2.962205648422241,24.077697277069092,3027.900634765625,7819.437744140625,67.53913879394531,67.53913879394531,0.0,0.0,0.23437468707561493,13.101467177271843,6,3017,0.0,47.54999542236328,0.0,1.0,2.0,0.0,2.0,0.0,6.154331207275391,1336.1357421875,0.0,0.0,1.880340576171875,7,2781,58.0,0.0,0.0,0.0,1.0,1.0,3.0,0.0,2.4561874866485596,1053.9656982421875,0.0,0.0,2.6896018981933594,6,2991,71.0,0.0,0.0,0.0,1.0,0.0,3.0,0.0,5.436934947967529,1600.3636474609375,0.0,0.0,1.0133050680160522,5,2079,12.0,0.0,0.0,0.0,0.0,0.0,6.0,0.0,7.068037986755371,801.072021484375,0.0,0.0,7.283844947814941,9,4113,81.0,269.0,2.0,58.45000916719437,0.0,6.200000584125519,3.0,6.0,1.0,1.0,0.0,1.0,4.0,20.0,1.0,6.0,4.345175266265869,26.141157627105713,4090.521484375,12809.009216308594,0.0,688.9976196289062,0.0,0.0,7.272934913635254,32.65851283073425,7,3087,2.0,55.15000915527344,5.40000057220459,1.0,0.0,0.0,3.0,1.0,6.177896022796631,2054.68505859375,0.0,0.0,3.86092209815979,8,3627,83.0,0.800000011920929,0.800000011920929,1.0,0.0,1.0,4.0,0.0,4.811507701873779,3289.676513671875,451.46734619140625,0.0,9.962376594543457,7,4106,85.0,0.0,0.0,1.0,0.0,0.0,5.0,1.0,5.287878513336182,2655.10302734375,237.5302734375,0.0,2.7875094413757324,6,2144,18.0,0.5,0.0,0.0,0.0,0.0,4.0,3.0,5.518700122833252,719.0231323242188,0.0,0.0,8.77476978302002,1,6,2,14247,0,0,0,0,6,1,1,17077,0,1,0,0,10,4787,113.0,351.0,8.0,67.55000305175781,0.0,0.0,0.0,5.0,2.0,9.0,1.0,10.0,4.0,30.0,1.0,9.0,9.947025299072266,55.72317981719971,4648.74072265625,18402.71533203125,67.53913879394531,67.53913879394531,0.0,0.0,1.0649724006652832,36.3760781288147,8,4933,8.0,59.55000305175781,0.0,3.0,3.0,1.0,4.0,3.0,12.520425796508789,3307.33203125,0.0,0.0,6.492855548858643,10,5027,94.0,0.0,0.0,2.0,2.0,3.0,5.0,1.0,7.515401840209961,4626.1220703125,0.0,0.0,11.703977584838867,8,4594,114.0,0.0,0.0,0.0,2.0,1.0,5.0,2.0,9.641077995300293,3797.4150390625,0.0,0.0,2.3931193351745605,8,3537,22.0,0.0,0.0,0.0,0.0,4.0,12.0,2.0,16.0992488861084,2023.10546875,0.0,0.0,14.721153259277344,12,6466,134.0,441.0,9.0,89.4500093460083,4.0,10.200000584125519,3.0,9.0,1.0,5.0,0.0,5.0,5.0,37.0,1.0,11.0,6.2537841796875,75.18624782562256,8621.6005859375,25314.5380859375,2222.999267578125,4636.5621337890625,0.0,0.0,12.366731643676758,59.967819690704346,8,5281,3.0,71.15000915527344,5.40000057220459,4.0,2.0,0.0,4.0,2.0,12.854850769042969,4004.826171875,0.0,0.0,6.786614418029785,10,5797,131.0,4.800000190734863,0.800000011920929,1.0,2.0,2.0,5.0,0.0,12.20762825012207,6768.06689453125,1023.8197021484375,0.0,14.973630905151367,10,6434,145.0,4.0,0.0,1.0,0.0,1.0,10.0,3.0,15.483155250549316,4153.6474609375,1389.7431640625,0.0,2.7875094413757324,8,3613,28.0,0.5,0.0,0.0,0.0,2.0,13.0,5.0,28.386829376220703,1766.39697265625,0.0,0.0,23.053333282470703,5,9,10,22878,0,0,0,0,9,5,5,27591,0,2,0,0,15,9884,197.0,644.0,9.0,95.55001068115234,0.0,0.0,2.0,15.0,4.0,20.0,4.0,29.0,11.0,77.0,2.0,26.0,22.551692962646484,152.59635829925537,15454.232421875,56798.1806640625,67.53913879394531,67.53913879394531,0.0,0.0,5.204617023468018,89.41616535186768,12,9235,21.0,77.55001068115234,0.0,7.0,5.0,2.0,8.0,10.0,35.88623809814453,10068.59765625,0.0,0.0,17.867290496826172,14,10998,178.0,2.0,0.0,6.0,4.0,7.0,10.0,1.0,13.140616416931152,15858.8779296875,0.0,0.0,30.50518798828125,13,9309,222.0,7.0,0.0,0.0,4.0,6.0,10.0,8.0,29.06855010986328,10737.6796875,0.0,0.0,4.174032688140869,11,6021,26.0,0.0,0.0,0.0,3.0,10.0,38.0,5.0,51.94926071166992,4678.79296875,0.0,0.0,31.665037155151367,17,14533,223.0,717.0,35.0,217.45001602172852,17.5,61.20000171661377,7.0,20.0,3.0,15.0,3.0,31.0,8.0,90.0,2.0,35.0,25.059999465942383,222.5774326324463,19949.404296875,67642.40185546875,7993.7275390625,17821.39697265625,0.0,0.0,27.173307418823242,137.28772830963135,14,11121,20.0,121.7500228881836,24.80000114440918,7.0,4.0,7.0,8.0,12.0,45.716312408447266,10643.3603515625,0.0,0.0,16.941741943359375,15,12116,219.0,25.799999237060547,5.300000190734863,1.0,3.0,8.0,11.0,6.0,37.53253173828125,20644.3359375,4129.72412109375,0.0,35.06383514404297,15,14470,222.0,34.399993896484375,13.600000381469727,5.0,2.0,5.0,20.0,6.0,32.16056442260742,11683.060546875,5697.9453125,0.0,9.534846305847168,12,6839,33.0,0.5,0.0,0.0,3.0,8.0,43.0,9.0,82.10802459716797,4722.24072265625,0.0,0.0,48.573997497558594,15,20,29,45447,0,1,0,0,20,15,31,59079,1,3,1,8
104366947889790212,108166997301178190,PCS Summer 2022,pcs_summer_2022,2022-06-23,2022-09-10,ESPORTSTMNT01:3096987,108166997302620232,3,Playoffs,playoffs,Playoffs,2022-09-04,1679,12.14.455.6722,200,3,200,106269804045322803,107700199633958891,Beyond Gaming,CTBC Flying Oyster,200,BYG Liang,Gnar,BYG Husha,Vi,BYG Minji,Lissandra,BYG Wako,Kalista,BYG Kino,Rakan,CFO Rest,Aatrox,CFO Gemini,MonkeyKing,CFO Mission,Taliyah,CFO Shunn,Aphelios,CFO Koala,TahmKench,100,5,200,200,1,1,0,0,0,0,0,5,1570,33.0,119.0,0.0,27.999998092651367,0.0,0.0,0.0,0.0,0.0,0.0,0.0,0.0,1.0,7.0,0.0,2.0,0.0,9.0359468460083,1204.39794921875,4042.1828002929688,0.0,182.25662231445312,0.0,0.0,3.551238775253296,9.667571723461151,4,1575,1.0,27.999998092651367,0.0,0.0,0.0,0.0,1.0,1.0,4.320717811584473,397.55615234375,0.0,0.0,1.5166264772415161,5,1605,36.0,0.0,0.0,0.0,0.0,0.0,3.0,0.0,1.4991135597229004,828.96337890625,0.0,0.0,2.828321933746338,4,1699,42.0,0.0,0.0,0.0,0.0,0.0,2.0,1.0,2.2161154747009277,848.2821655273438,182.25662231445312,0.0,0.6701272130012512,4,1114,7.0,0.0,0.0,0.0,0.0,0.0,0.0,0.0,1.0,762.983154296875,0.0,0.0,1.10125732421875,5,1517,30.0,103.0,0.0,31.999998092651367,0.0,0.0,0.0,0.0,0.0,0.0,0.0,0.0,1.0,6.0,1.0,1.0,2.3434109687805176,8.653058171272278,772.66845703125,3062.7716674804688,0.0,0.0,0.0,0.0,1.3981399536132812,10.184566497802734,4,1660,0.0,31.999998092651367,0.0,0.0,0.0,0.0,0.0,0.0,1.3333333730697632,0.0,0.0,0.0,0.0,5,1528,35.0,0.0,0.0,0.0,0.0,0.0,2.0,0.0,1.438715934753418,886.2747802734375,0.0,0.0,4.1160173416137695,4,1542,32.0,0.0,0.0,0.0,0.0,0.0,2.0,0.0,1.0980150699615479,707.4464721679688,0.0,0.0,1.175548791885376,4,1132,6.0,0.0,0.0,0.0,0.0,0.0,1.0,0.0,2.4395828247070312,696.3819580078125,0.0,0.0,3.4948604106903076,0,0,0,7563,0,0,0,0,0,0,0,7379,0,0,0,0,8,3117,77.0,268.0,0.0,56.00000762939453,0.0,0.0,0.0,0.0,0.0,0.0,0.0,0.0,3.0,16.0,0.0,6.0,2.3630759716033936,31.895795106887817,2679.808349609375,6932.19482421875,0.0,424.9426612854004,0.0,0.0,7.617577075958252,15.38072419166565,6,2817,3.0,56.00000762939453,0.0,0.0,0.0,0.0,2.0,2.0,7.906497955322266,801.6492919921875,0.0,0.0,2.2831058502197266,8,3128,82.0,0.0,0.0,0.0,0.0,0.0,4.0,0.0,5.546900749206543,1207.5926513671875,0.0,0.0,3.3655827045440674,7,3288,90.0,0.0,0.0,0.0,0.0,0.0,5.0,1.0,7.789637088775635,1204.2052001953125,364.51324462890625,0.0,1.0132012367248535,6,2132,16.0,0.0,0.0,0.0,0.0,0.0,2.0,3.0,8.28968334197998,1038.9393310546875,60.42941665649414,0.0,1.10125732421875,8,3004,73.0,263.0,0.0,68.0,0.0,0.0,0.0,0.0,0.0,0.0,0.0,0.0,4.0,20.0,2.0,6.0,5.122677803039551,28.65955638885498,2550.318115234375,7292.054260253906,0.0,0.0,0.0,0.0,4.933985710144043,22.029557704925537,7,3328,2.0,64.0,0.0,0.0,0.0,0.0,1.0,2.0,7.125,166.66619873046875,0.0,0.0,0.0,8,3073,86.0,0.0,0.0,0.0,0.0,0.0,5.0,0.0,5.637115955352783,1719.0982666015625,0.0,0.0,7.629466533660889,7,3253,85.0,4.0,0.0,0.0,0.0,0.0,4.0,0.0,2.508789539337158,1314.857177734375,0.0,0.0,3.4369583129882812,6,2183,17.0,0.0,0.0,0.0,0.0,0.0,6.0,2.0,8.265973091125488,1541.114501953125,0.0,0.0,6.029147148132324,0,0,0,14482,0,1,0,0,0,0,0,14841,0,0,0,0,10,4607,117.0,415.0,0.0,84.0000228881836,0.0,0.0,0.0,0.0,1.0,6.0,0.0,0.0,4.0,38.0,0.0,15.0,5.713136196136475,75.86959981918335,4728.1533203125,12472.2158203125,0.0,950.8805885314941,0.0,0.0,9.902426719665527,30.747579097747803,9,4245,8.0,84.0000228881836,0.0,0.0,1.0,0.0,3.0,7.0,18.656497955322266,1749.8323974609375,0.0,0.0,4.854455947875977,10,4644,123.0,0.0,0.0,0.0,2.0,0.0,7.0,1.0,10.273637771606445,2578.3671875,0.0,0.0,8.08178997039795,9,5082,142.0,0.0,0.0,0.0,1.0,0.0,11.0,3.0,15.563007354736328,1936.116455078125,890.451171875,0.0,1.2452101707458496,7,3092,25.0,0.0,0.0,0.0,1.0,0.0,13.0,4.0,25.663320541381836,1479.7464599609375,60.42941665649414,0.0,6.6636962890625,11,5022,115.0,422.0,4.0,104.00001525878906,0.0,0.0,0.0,6.0,0.0,0.0,3.0,9.0,6.0,41.0,2.0,15.0,8.484997749328613,72.63999843597412,5072.498046875,18402.889404296875,0.0,4330.5880126953125,0.0,0.0,8.480743408203125,40.48230528831482,9,5096,4.0,92.00001525878906,0.0,1.0,0.0,2.0,3.0,4.0,14.320059776306152,1732.295166015625,0.0,0.0,3.4098174571990967,12,6311,145.0,4.0,0.0,3.0,0.0,0.0,6.0,2.0,13.613824844360352,4951.39697265625,916.1763916015625,0.0,13.750874519348145,9,6127,129.0,4.0,0.0,1.0,0.0,2.0,7.0,2.0,7.304446220397949,4001.706298828125,3414.41162109375,0.0,7.336203098297119,7,3697,29.0,0.0,0.0,1.0,0.0,2.0,19.0,5.0,28.916669845581055,2644.992919921875,0.0,0.0,7.504666805267334,0,6,0,21670,0,1,0,0,6,0,9,26253,0,1,0,0,14,9931,186.0,693.0,8.25,149.00003051757812,0.0,0.0,3.0,6.0,4.0,29.0,1.0,11.0,9.0,76.0,5.0,35.0,20.297086715698242,178.8258457183838,15056.1484375,48441.7333984375,77.5857162475586,1423.412311553955,0.0,0.0,25.83110237121582,95.45655584335327,13,8353,19.0,124.00003051757812,0.0,1.0,7.0,4.0,7.0,8.0,34.2088737487793,5784.94775390625,279.2964172363281,0.0,19.882801055908203,14,10226,208.0,8.25,0.0,2.0,7.0,1.0,8.0,2.0,14.443748474121094,12480.06640625,115.64958953857422,0.0,29.60317039489746,14,10216,243.0,8.5,0.0,0.0,5.0,3.0,19.0,7.0,42.454566955566406,12195.69921875,890.451171875,0.0,4.5853447914123535,10,5650,37.0,0.0,0.0,0.0,6.0,2.0,33.0,13.0,67.42156982421875,2924.87158203125,60.42941665649414,0.0,15.554137229919434,16,11680,191.0,696.0,21.0,230.50002670288086,4.0,26.499998092651367,2.0,29.0,3.0,6.0,14.0,60.0,6.0,85.0,4.0,36.0,23.845542907714844,189.5484104156494,16747.55078125,86714.7861328125,5791.94873046875,26600.990966796875,0.0,0.0,17.352643966674805,105.22268104553223,14,10714,16.0,138.25003051757812,16.999998092651367,5.0,2.0,7.0,10.0,12.0,40.99179458618164,10876.80078125,2806.304931640625,0.0,15.014293670654297,17,15177,229.0,39.25,4.0,14.0,1.0,7.0,7.0,6.0,22.967580795288086,31099.306640625,5830.3955078125,0.0,30.31379508972168,15,13565,216.0,31.999996185302734,1.5,4.0,0.0,14.0,12.0,7.0,25.246910095214844,18439.841796875,11109.00390625,0.0,21.292909622192383,13,8983,44.0,0.0,0.0,4.0,0.0,18.0,50.0,7.0,76.49658203125,9551.2861328125,1063.337890625,0.0,21.249038696289062,6,29,11,44376,0,1,0,1,29,6,60,60119,2,3,1,10
